16,4,"Row/Col hourly results data begin"
"Hourly Results of CEC Compliance Manager"
,Ruleset:,,"BEMCmpMgr 2022.0.2-Pol-0%RA-NoCH4lk (1715)"
,CSE19:,,"CSE19 0.868.1 EXE"
,DHW:,,""
Run Title:,,,"TDSv30 V19R12 V19 R12 UGLASS15 ELEC PVSTD"
Run Date/Time:,,,"2021-06-07 18:42:23"
Cond. Area:,,,7320
Model:,,,"DesignRating"
Fuel TDV Set:,,,"Natural Gas"
Model File:,,,"C:\GitHub\CALGreen-analysis\framework\analysis\furnace-analysis\runs\lrgs-furnace-comp\cz14\instance.ribd22"

,,,Site Electric Use,,,,,,,,,,,,,Site Natural Gas Use,,,,,,,,,,,Site Other Fuel Use,,,,,,,,,,,TDV Multipliers,,Elec Demand,CO2 Emissions,,
,,,Spc Heat,Spc Cool,IAQ Vent,Other HVAC,Wtr Heat,WtrHt Pump,Ins Light,Appl & Cook,Plug Lds,Exterior,PV,Battery,TOTAL,Spc Heat,Spc Cool,IAQ Vent,Other HVAC,Wtr Heat,WtrHt Pump,Ins Light,Appl & Cook,Plug Lds,Exterior,TOTAL,Spc Heat,Spc Cool,IAQ Vent,Other HVAC,Wtr Heat,WtrHt Pump,Ins Light,Appl & Cook,Plug Lds,Exterior,TOTAL,Electric,Fuel,Multipliers,Electric,Fuel,
Mo,Da,Hr,(kWh),(kWh),(kWh),(kWh),(kWh),(kWh),(kWh),(kWh),(kWh),(kWh),(kWh),(kWh),(kWh),(Therms),(Therms),(Therms),(Therms),(Therms),(Therms),(Therms),(Therms),(Therms),(Therms),(Therms),(MMBtu),(MMBtu),(MMBtu),(MMBtu),(MMBtu),(MMBtu),(MMBtu),(MMBtu),(MMBtu),(MMBtu),(MMBtu),(TDV/Btu),(TDV/Btu),(frac),(ton/MWh),(ton/therm),
1,1,1,0.606035,0,0.221825,0,0,0,0.385211,0.735811,1.11052,0,0,0,3.05941,0.504963,0,0,0,0,0,0,0.0299892,0,0,0.534952,0,0,0,0,0,0,0,0,0,0,0,27.3864,353.349,0,0.000249403,0.004509,
1,1,2,0.52697,0,0.221825,0,0,0,0.318218,0.728825,1.0505,0,0,0,2.84633,0.439085,0,0,0,0,0,0,0.0283681,0,0,0.467453,0,0,0,0,0,0,0,0,0,0,0,27.3657,353.349,0,0.000249051,0.004509,
1,1,3,0.52915,0,0.221825,0,0,0,0.251224,0.725332,1.02048,0,0,0,2.74801,0.440901,0,0,0,0.000319869,0,0,0.0275576,0,0,0.468778,0,0,0,0,0,0,0,0,0,0,0,27.2822,353.349,0,0.000248744,0.004509,
1,1,4,0.553165,0,0.221825,0,0,0,0.28472,0.725332,1.02048,0,0,0,2.80552,0.460912,0,0,0,0,0,0,0.0275576,0,0,0.48847,0,0,0,0,0,0,0,0,0,0,0,27.2148,353.349,0,0.000244034,0.004509,
1,1,5,0.592485,0,0.221825,0,0,0,0.351715,0.718346,0.960451,0,0,0,2.84482,0.493672,0,0,0,0.000319869,0,0,0.0259366,0,0,0.519928,0,0,0,0,0,0,0,0,0,0,0,27.2591,353.349,0,0.000247897,0.004509,
1,1,6,0.573362,0,0.221825,0,0,0,0.519197,0.732318,1.08051,0,0,0,3.12721,0.477738,0,0,0,0.70594,0,0,0.0291787,0,0,1.21286,0,0,0,0,0,0,0,0,0,0,0,27.3779,353.349,0,0.000250017,0.004509,
1,1,7,0.516017,0,0.221825,0,0,0,0.703426,0.753275,1.26059,0,0,0,3.45514,0.429958,0,0,0,0.266814,0,0,0.0340418,0,0,0.730814,0,0,0,0,0,0,0,0,0,0,0,27.4044,353.349,0,0.000250652,0.004509,
1,1,8,0.483438,0,0.221825,0,0,0,0.686679,0.760261,1.32062,0,0,0,3.47283,0.402813,0,0,0,0.418043,0,0,0.0356628,0,0,0.856519,0,0,0,0,0,0,0,0,0,0,0,27.3881,353.349,0,0.000250171,0.004509,
1,1,9,0.463828,0,0.221825,0,0,0,0.56944,0.735811,1.11052,0,0,0,3.10143,0.386472,0,0,0,0.282193,0,0,0.0299892,0,0,0.698654,0,0,0,0,0,0,0,0,0,0,0,27.1899,353.349,0,0.000245568,0.004509,
1,1,10,0.404628,0,0.221825,0,0,0,0.4857,0.718346,0.960451,0,0,0,2.79095,0.337146,0,0,0,0.68676,0,0,0.0259366,0,0,1.04984,0,0,0,0,0,0,0,0,0,0,0,25.5303,353.349,0,0.000205897,0.004509,
1,1,11,0.379848,0,0.221825,0,0,0,0.452204,0.721839,0.990466,0,0,0,2.76618,0.316499,0,0,0,0.381908,0,0,0.0267471,0,0,0.725154,0,0,0,0,0,0,0,0,0,0,0,24.9337,353.349,0,0.000187311,0.004509,
1,1,12,0.351729,0,0.221825,0,0,0,0.418708,0.721839,0.990466,0,0,0,2.70457,0.29307,0,0,0,0.254353,0,0,0.0267471,0,0,0.57417,0,0,0,0,0,0,0,0,0,0,0,24.5238,353.349,0,0.000172385,0.004509,
1,1,13,0.2968,0,0.221825,0,0,0,0.351715,0.718346,0.960451,0,0,0,2.54914,0.247301,0,0,0,0.198691,0,0,0.0259366,0,0,0.471929,0,0,0,0,0,0,0,0,0,0,0,24.5322,353.349,0,0.000162633,0.004509,
1,1,14,0.279283,0,0.221825,0,0,0,0.351715,0.721839,0.990466,0,0,0,2.56513,0.232705,0,0,0,0.0516161,0,0,0.0267471,0,0,0.311068,0,0,0,0,0,0,0,0,0,0,0,24.5236,353.349,0,0.000167705,0.004509,
1,1,15,0.277043,0,0.221825,0,0,0,0.351715,0.728825,1.0505,0,0,0,2.6299,0.230839,0,0,0,0.154795,0,0,0.0283681,0,0,0.414002,0,0,0,0,0,0,0,0,0,0,0,24.6626,353.349,0,0.000168169,0.004509,
1,1,16,0.315994,0,0.221825,0,0,0,0.435454,0.735811,1.11052,0,0,0,2.81961,0.263292,0,0,0,0.205595,0,0,0.0299892,0,0,0.498876,0,0,0,0,0,0,0,0,0,0,0,25.3846,353.349,0,0.000200972,0.004509,
1,1,17,0.381486,0,0.221825,0,0,0,0.519197,0.760261,1.32062,0,0,0,3.20339,0.317864,0,0,0,0.323798,0,0,0.0356628,0,0,0.677325,0,0,0,0,0,0,0,0,0,0,0,27.4813,353.349,0,0.000252518,0.004509,
1,1,18,0.402529,0,0.221825,0,0,0,0.736923,0.791698,1.59075,0,0,0,3.74373,0.335396,0,0,0,0.0470589,0,0,0.0429574,0,0,0.425412,0,0,0,0,0,0,0,0,0,0,0,27.4973,353.349,0,0.000253607,0.004509,
1,1,19,0.35663,0,0.221825,0,0,0,1.40685,0.809163,1.74082,0,0,0,4.53529,0.297151,0,0,0,0.0254626,0,0,0.04701,0,0,0.369624,0,0,0,0,0,0,0,0,0,0,0,27.4973,353.349,0,0.000253596,0.004509,
1,1,20,0.306943,0,0.221825,0,0,0,1.9763,0.816149,1.80085,0,0,0,5.12206,0.255751,0,0,0,0.159635,0,0,0.0486311,0,0,0.464017,0,0,0,0,0,0,0,0,0,0,0,27.4952,353.349,0,0.000253548,0.004509,
1,1,21,0.299097,0,0.221825,0,0,0,1.89255,0.823135,1.86088,0.382647,0,0,5.48013,0.249215,0,0,0,0.312518,0,0,0.0502522,0,0,0.611985,0,0,0,0,0,0,0,0,0,0,0,27.4817,353.349,0,0.000253063,0.004509,
1,1,22,0.339355,0,0.221825,0,0,0,1.60783,0.816149,1.80085,0.382647,0,0,5.16866,0.282759,0,0,0,0.230596,0,0,0.0486311,0,0,0.561986,0,0,0,0,0,0,0,0,0,0,0,27.3998,353.349,0,0.000250956,0.004509,
1,1,23,0.411577,0,0.221825,0,0,0,1.05514,0.788205,1.56074,0.382647,0,0,4.42013,0.342935,0,0,0,0.0127607,0,0,0.042147,0,0,0.397843,0,0,0,0,0,0,0,0,0,0,0,26.9732,353.349,0,0.000232725,0.004509,
1,1,24,0.455422,0,0.221825,0,0,0,0.636433,0.763754,1.35064,0.382647,0,0,3.81072,0.379468,0,0,0,0.000426183,0,0,0.0364733,0,0,0.416367,0,0,0,0,0,0,0,0,0,0,0,26.5596,353.349,0,0.000222594,0.004509,
1,2,1,0.480894,0,0.221825,0,0,0,0.385211,0.735811,1.11052,0,0,0,2.93427,0.400693,0,0,0,0.00100555,0,0,0.0299892,0,0,0.431688,0,0,0,0,0,0,0,0,0,0,0,25.5735,353.349,0,0.000197352,0.004509,
1,2,2,0.50767,0,0.221825,0,0,0,0.318218,0.728825,1.0505,0,0,0,2.82703,0.423002,0,0,0,0.0377895,0,0,0.0283681,0,0,0.48916,0,0,0,0,0,0,0,0,0,0,0,25.521,353.349,0,0.000190166,0.004509,
1,2,3,0.564851,0,0.221825,0,0,0,0.251224,0.725332,1.02048,0,0,0,2.78371,0.470647,0,0,0,0.0195632,0,0,0.0275576,0,0,0.517768,0,0,0,0,0,0,0,0,0,0,0,25.5794,353.349,0,0.000198643,0.004509,
1,2,4,0.595999,0,0.221825,0,0,0,0.28472,0.725332,1.02048,0,0,0,2.84836,0.496602,0,0,0,0.000502776,0,0,0.0275576,0,0,0.524662,0,0,0,0,0,0,0,0,0,0,0,26.2314,353.349,0,0.000220042,0.004509,
1,2,5,0.584883,0,0.221825,0,0,0,0.351715,0.718346,0.960451,0,0,0,2.83722,0.487339,0,0,0,0.000295463,0,0,0.0259366,0,0,0.513571,0,0,0,0,0,0,0,0,0,0,0,27.0054,353.349,0,0.000233743,0.004509,
1,2,6,0.535355,0,0.221825,0,0,0,0.519197,0.732318,1.08051,0,0,0,3.0892,0.446072,0,0,0,0.00305722,0,0,0.0291787,0,0,0.478308,0,0,0,0,0,0,0,0,0,0,0,27.2239,353.349,0,0.000242713,0.004509,
1,2,7,0.493854,0,0.221825,0,0,0,0.703426,0.753275,1.26059,0,0,0,3.43298,0.41149,0,0,0,0.0199816,0,0,0.0340418,0,0,0.465513,0,0,0,0,0,0,0,0,0,0,0,27.2591,353.349,0,0.000243793,0.004509,
1,2,8,0.501202,0,0.221825,0,0,0,0.686679,0.760261,1.32062,0,0,0,3.49059,0.417613,0,0,0,0.463228,0,0,0.0356628,0,0,0.916504,0,0,0,0,0,0,0,0,0,0,0,27.2474,353.349,0,0.000243622,0.004509,
1,2,9,0.511999,0,0.221825,0,0,0,0.56944,0.735811,1.11052,0,0,0,3.1496,0.426609,0,0,0,0.560319,0,0,0.0299892,0,0,1.01692,0,0,0,0,0,0,0,0,0,0,0,27.1441,353.349,0,0.00024101,0.004509,
1,2,10,0.534059,0,0.221825,0,0,0,0.4857,0.718346,0.960451,0,0,0,2.92038,0.444991,0,0,0,0.139184,0,0,0.0259366,0,0,0.610112,0,0,0,0,0,0,0,0,0,0,0,25.4672,353.349,0,0.000199669,0.004509,
1,2,11,0.514959,0,0.221825,0,0,0,0.452204,0.721839,0.990466,0,0,0,2.90129,0.429076,0,0,0,0.0328151,0,0,0.0267471,0,0,0.488638,0,0,0,0,0,0,0,0,0,0,0,24.671,353.349,0,0.00015708,0.004509,
1,2,12,0.427459,0,0.221825,0,0,0,0.418708,0.721839,0.990466,0,0,0,2.7803,0.356169,0,0,0,0.150087,0,0,0.0267471,0,0,0.533003,0,0,0,0,0,0,0,0,0,0,0,24.4486,353.349,0,0.000153075,0.004509,
1,2,13,0.373696,0,0.221825,0,0,0,0.351715,0.718346,0.960451,0,0,0,2.62603,0.311371,0,0,0,0.033008,0,0,0.0259366,0,0,0.370316,0,0,0,0,0,0,0,0,0,0,0,24.4373,353.349,0,0.000150866,0.004509,
1,2,14,0.300548,0,0.221825,0,0,0,0.351715,0.721839,0.990466,0,0,0,2.58639,0.250423,0,0,0,0.165152,0,0,0.0267471,0,0,0.442322,0,0,0,0,0,0,0,0,0,0,0,24.4373,353.349,0,0.000152991,0.004509,
1,2,15,0.198771,0,0.221825,0,0,0,0.351715,0.728825,1.0505,0,0,0,2.55163,0.165621,0,0,0,0.0479918,0,0,0.0283681,0,0,0.241981,0,0,0,0,0,0,0,0,0,0,0,24.5197,353.349,0,0.000152545,0.004509,
1,2,16,0.118894,0,0.221825,0,0,0,0.435454,0.735811,1.11052,0,0,0,2.62251,0.0990655,0,0,0,0.0145725,0,0,0.0299892,0,0,0.143627,0,0,0,0,0,0,0,0,0,0,0,24.5738,353.349,0,0.000154549,0.004509,
1,2,17,0.2127,0,0.221825,0,0,0,0.519197,0.760261,1.32062,0,0,0,3.0346,0.177227,0,0,0,0.0779841,0,0,0.0356628,0,0,0.290874,0,0,0,0,0,0,0,0,0,0,0,27.5719,353.349,0,0.000248839,0.004509,
1,2,18,0.292232,0,0.221825,0,0,0,0.736923,0.791698,1.59075,0,0,0,3.63343,0.243495,0,0,0,0.0435567,0,0,0.0429574,0,0,0.330009,0,0,0,0,0,0,0,0,0,0,0,27.6791,353.349,0,0.000251278,0.004509,
1,2,19,0.270002,0,0.221825,0,0,0,1.40685,0.809163,1.74082,0,0,0,4.44866,0.224972,0,0,0,0.362472,0,0,0.04701,0,0,0.634454,0,0,0,0,0,0,0,0,0,0,0,27.6799,353.349,0,0.000251286,0.004509,
1,2,20,0.267072,0,0.221825,0,0,0,1.9763,0.816149,1.80085,0,0,0,5.08219,0.222531,0,0,0,0.240661,0,0,0.0486311,0,0,0.511823,0,0,0,0,0,0,0,0,0,0,0,27.6794,353.349,0,0.000251272,0.004509,
1,2,21,0.295469,0,0.221825,0,0,0,1.89255,0.823135,1.86088,0.382647,0,0,5.4765,0.246193,0,0,0,0.185517,0,0,0.0502522,0,0,0.481962,0,0,0,0,0,0,0,0,0,0,0,27.6523,353.349,0,0.000249905,0.004509,
1,2,22,0.324168,0,0.221825,0,0,0,1.60783,0.816149,1.80085,0.382647,0,0,5.15347,0.270103,0,0,0,0.0355826,0,0,0.0486311,0,0,0.354317,0,0,0,0,0,0,0,0,0,0,0,27.6115,353.349,0,0.000249164,0.004509,
1,2,23,0.38922,0,0.221825,0,0,0,1.05514,0.788205,1.56074,0.382647,0,0,4.39777,0.324307,0,0,0,0.23613,0,0,0.042147,0,0,0.602584,0,0,0,0,0,0,0,0,0,0,0,27.4871,353.349,0,0.000245443,0.004509,
1,2,24,0.47939,0,0.221825,0,0,0,0.636433,0.763754,1.35064,0.382647,0,0,3.83469,0.39944,0,0,0,0.0170722,0,0,0.0364733,0,0,0.452986,0,0,0,0,0,0,0,0,0,0,0,27.4271,353.349,0,0.00024489,0.004509,
1,3,1,0.548983,0,0.221825,0,0,0,0.385211,0.735811,1.11052,0,0,0,3.00235,0.457426,0,0,0,0.0201896,0,0,0.0299892,0,0,0.507605,0,0,0,0,0,0,0,0,0,0,0,26.8839,353.349,0,0.000232177,0.004509,
1,3,2,0.634522,0,0.221825,0,0,0,0.318218,0.728825,1.0505,0,0,0,2.95389,0.5287,0,0,0,0.00115977,0,0,0.0283681,0,0,0.558228,0,0,0,0,0,0,0,0,0,0,0,26.8753,353.349,0,0.000227928,0.004509,
1,3,3,0.724686,0,0.221825,0,0,0,0.251224,0.725332,1.02048,0,0,0,2.94355,0.603825,0,0,0,0.0107565,0,0,0.0275576,0,0,0.642139,0,0,0,0,0,0,0,0,0,0,0,26.6739,353.349,0,0.000227583,0.004509,
1,3,4,0.784686,0,0.221825,0,0,0,0.28472,0.725332,1.02048,0,0,0,3.03704,0.653819,0,0,0,0.000985603,0,0,0.0275576,0,0,0.682362,0,0,0,0,0,0,0,0,0,0,0,26.7082,353.349,0,0.000227928,0.004509,
1,3,5,0.845788,0,0.221825,0,0,0,0.351715,0.718346,0.960451,0,0,0,3.09813,0.704731,0,0,0,0.00115977,0,0,0.0259366,0,0,0.731827,0,0,0,0,0,0,0,0,0,0,0,27.0556,353.349,0,0.000234134,0.004509,
1,3,6,0.837307,0,0.221825,0,0,0,0.519197,0.732318,1.08051,0,0,0,3.39116,0.697665,0,0,0,0.0368181,0,0,0.0291787,0,0,0.763662,0,0,0,0,0,0,0,0,0,0,0,27.2451,353.349,0,0.000241478,0.004509,
1,3,7,0.814933,0,0.221825,0,0,0,0.703426,0.753275,1.26059,0,0,0,3.75405,0.679022,0,0,0,0.345755,0,0,0.0340418,0,0,1.05882,0,0,0,0,0,0,0,0,0,0,0,27.2846,353.349,0,0.000243404,0.004509,
1,3,8,0.646896,0,0.221825,0,0,0,0.686679,0.760261,1.32062,0,0,0,3.63628,0.539011,0,0,0,0.518689,0,0,0.0356628,0,0,1.09336,0,0,0,0,0,0,0,0,0,0,0,27.279,353.349,0,0.00024335,0.004509,
1,3,9,0.50587,0,0.221825,0,0,0,0.56944,0.735811,1.11052,0,0,0,3.14347,0.421503,0,0,0,0.255465,0,0,0.0299892,0,0,0.706957,0,0,0,0,0,0,0,0,0,0,0,21.6892,353.349,0,5.62212e-005,0.004509,
1,3,10,0.40466,0,0.221825,0,0,0,0.4857,0.718346,0.960451,0,0,0,2.79098,0.337173,0,0,0,0.21236,0,0,0.0259366,0,0,0.57547,0,0,0,0,0,0,0,0,0,0,0,18.101,353.349,0,2.27827e-006,0.004509,
1,3,11,0.305589,0,0.221825,0,0,0,0.452204,0.721839,0.990466,0,0,0,2.69192,0.254625,0,0,0,0.533807,0,0,0.0267471,0,0,0.815179,0,0,0,0,0,0,0,0,0,0,0,17.7818,353.349,0,8.27135e-008,0.004509,
1,3,12,0.25306,0,0.221825,0,0,0,0.418708,0.721839,0.990466,0,0,0,2.6059,0.210856,0,0,0,0.305951,0,0,0.0267471,0,0,0.543554,0,0,0,0,0,0,0,0,0,0,0,17.872,353.349,0,0,0.004509,
1,3,13,0.241552,0,0.221825,0,0,0,0.351715,0.718346,0.960451,0,0,0,2.49389,0.201267,0,0,0,0.0978656,0,0,0.0259366,0,0,0.325069,0,0,0,0,0,0,0,0,0,0,0,17.7817,353.349,0,0,0.004509,
1,3,14,0.220126,0,0.221825,0,0,0,0.351715,0.721839,0.990466,0,0,0,2.50597,0.183414,0,0,0,0.10357,0,0,0.0267471,0,0,0.313731,0,0,0,0,0,0,0,0,0,0,0,17.7888,353.349,0,1.6613e-007,0.004509,
1,3,15,0.205811,0,0.221825,0,0,0,0.351715,0.728825,1.0505,0,0,0,2.55867,0.171487,0,0,0,0.0884363,0,0,0.0283681,0,0,0.288291,0,0,0,0,0,0,0,0,0,0,0,17.8115,353.349,0,1.02929e-006,0.004509,
1,3,16,0.237998,0,0.221825,0,0,0,0.435454,0.735811,1.11052,0,0,0,2.74161,0.198306,0,0,0,0.156778,0,0,0.0299892,0,0,0.385073,0,0,0,0,0,0,0,0,0,0,0,18.1285,353.349,0,2.38488e-006,0.004509,
1,3,17,0.35087,0,0.221825,0,0,0,0.519197,0.760261,1.32062,0,0,0,3.17278,0.292354,0,0,0,0.407518,0,0,0.0356628,0,0,0.735535,0,0,0,0,0,0,0,0,0,0,0,26.2305,353.349,0,0.000210496,0.004509,
1,3,18,0.514004,0,0.221825,0,0,0,0.736923,0.791698,1.59075,0,0,0,3.8552,0.428279,0,0,0,0.39914,0,0,0.0429574,0,0,0.870376,0,0,0,0,0,0,0,0,0,0,0,27.3037,353.349,0,0.000242939,0.004509,
1,3,19,0.556495,0,0.221825,0,0,0,1.40685,0.809163,1.74082,0,0,0,4.73516,0.463684,0,0,0,0.181582,0,0,0.04701,0,0,0.692276,0,0,0,0,0,0,0,0,0,0,0,27.3024,353.349,0,0.000242917,0.004509,
1,3,20,0.588766,0,0.221825,0,0,0,1.9763,0.816149,1.80085,0,0,0,5.40389,0.490575,0,0,0,0.0538093,0,0,0.0486311,0,0,0.593015,0,0,0,0,0,0,0,0,0,0,0,27.3018,353.349,0,0.000242916,0.004509,
1,3,21,0.644059,0,0.221825,0,0,0,1.89255,0.823135,1.86088,0.382647,0,0,5.82509,0.536645,0,0,0,0.071224,0,0,0.0502522,0,0,0.658121,0,0,0,0,0,0,0,0,0,0,0,27.3004,353.349,0,0.000242688,0.004509,
1,3,22,0.74915,0,0.221825,0,0,0,1.60783,0.816149,1.80085,0.382647,0,0,5.57845,0.624211,0,0,0,0.152426,0,0,0.0486311,0,0,0.825268,0,0,0,0,0,0,0,0,0,0,0,27.2988,353.349,0,0.000242687,0.004509,
1,3,23,0.900709,0,0.221825,0,0,0,1.05514,0.788205,1.56074,0.382647,0,0,4.90926,0.750493,0,0,0,0.00834331,0,0,0.042147,0,0,0.800983,0,0,0,0,0,0,0,0,0,0,0,27.3018,353.349,0,0.000242765,0.004509,
1,3,24,1.02283,0,0.221825,0,0,0,0.636433,0.763754,1.35064,0.382647,0,0,4.37813,0.852248,0,0,0,0.0767516,0,0,0.0364733,0,0,0.965473,0,0,0,0,0,0,0,0,0,0,0,27.3051,353.349,0,0.000242809,0.004509,
1,4,1,1.10484,0,0.221825,0,0,0,0.385211,0.735811,1.11052,0,0,0,3.55821,0.920578,0,0,0,0.00892057,0,0,0.0299892,0,0,0.959488,0,0,0,0,0,0,0,0,0,0,0,27.4761,353.349,0,0.000247985,0.004509,
1,4,2,1.15515,0,0.221825,0,0,0,0.318218,0.728825,1.0505,0,0,0,3.47452,0.9625,0,0,0,0.00291841,0,0,0.0283681,0,0,0.993787,0,0,0,0,0,0,0,0,0,0,0,26.5,353.349,0,0.000232717,0.004509,
1,4,3,1.20757,0,0.221825,0,0,0,0.251224,0.725332,1.02048,0,0,0,3.42643,1.00618,0,0,0,0,0,0,0.0275576,0,0,1.03374,0,0,0,0,0,0,0,0,0,0,0,26.3774,353.349,0,0.00022959,0.004509,
1,4,4,1.27114,0,0.221825,0,0,0,0.28472,0.725332,1.02048,0,0,0,3.5235,1.05915,0,0,0,0,0,0,0.0275576,0,0,1.08671,0,0,0,0,0,0,0,0,0,0,0,26.2709,353.349,0,0.000222748,0.004509,
1,4,5,1.30526,0,0.221825,0,0,0,0.351715,0.718346,0.960451,0,0,0,3.55759,1.08757,0,0,0,0,0,0,0.0259366,0,0,1.11351,0,0,0,0,0,0,0,0,0,0,0,26.4594,353.349,0,0.000229957,0.004509,
1,4,6,1.27911,0,0.221825,0,0,0,0.519197,0.732318,1.08051,0,0,0,3.83296,1.06579,0,0,0,0.0339174,0,0,0.0291787,0,0,1.12889,0,0,0,0,0,0,0,0,0,0,0,27.3113,353.349,0,0.000238723,0.004509,
1,4,7,1.24164,0,0.221825,0,0,0,0.703426,0.753275,1.26059,0,0,0,4.18077,1.03457,0,0,0,0.439394,0,0,0.0340418,0,0,1.50801,0,0,0,0,0,0,0,0,0,0,0,27.3882,353.349,0,0.000245653,0.004509,
1,4,8,0.99687,0,0.221825,0,0,0,0.686679,0.760261,1.32062,0,0,0,3.98626,0.830617,0,0,0,0.667025,0,0,0.0356628,0,0,1.5333,0,0,0,0,0,0,0,0,0,0,0,27.3622,353.349,0,0.0002458,0.004509,
1,4,9,0.741638,0,0.221825,0,0,0,0.56944,0.735811,1.11052,0,0,0,3.37924,0.617951,0,0,0,0.470304,0,0,0.0299892,0,0,1.11824,0,0,0,0,0,0,0,0,0,0,0,22.0973,353.349,0,9.35497e-005,0.004509,
1,4,10,0.539977,0,0.221825,0,0,0,0.4857,0.718346,0.960451,0,0,0,2.9263,0.449923,0,0,0,0.526287,0,0,0.0259366,0,0,1.00215,0,0,0,0,0,0,0,0,0,0,0,18.4753,353.349,0,2.21481e-006,0.004509,
1,4,11,0.430788,0,0.221825,0,0,0,0.452204,0.721839,0.990466,0,0,0,2.81712,0.358943,0,0,0,0.250861,0,0,0.0267471,0,0,0.636551,0,0,0,0,0,0,0,0,0,0,0,18.0023,353.349,0,0,0.004509,
1,4,12,0.354974,0,0.221825,0,0,0,0.418708,0.721839,0.990466,0,0,0,2.70781,0.295772,0,0,0,0.323874,0,0,0.0267471,0,0,0.646393,0,0,0,0,0,0,0,0,0,0,0,17.8082,353.349,0,0,0.004509,
1,4,13,0.275165,0,0.221825,0,0,0,0.351715,0.718346,0.960451,0,0,0,2.5275,0.229274,0,0,0,0.387597,0,0,0.0259366,0,0,0.642808,0,0,0,0,0,0,0,0,0,0,0,17.7583,353.349,0,0,0.004509,
1,4,14,0.18739,0,0.221825,0,0,0,0.351715,0.721839,0.990466,0,0,0,2.47323,0.156137,0,0,0,0.347566,0,0,0.0267471,0,0,0.53045,0,0,0,0,0,0,0,0,0,0,0,17.7633,353.349,0,0,0.004509,
1,4,15,0.121172,0,0.221825,0,0,0,0.351715,0.728825,1.0505,0,0,0,2.47403,0.100964,0,0,0,0.271371,0,0,0.0283681,0,0,0.400703,0,0,0,0,0,0,0,0,0,0,0,18.0802,353.349,0,1.81716e-007,0.004509,
1,4,16,0.100822,0,0.221825,0,0,0,0.435454,0.735811,1.11052,0,0,0,2.60444,0.0840078,0,0,0,0.0805896,0,0,0.0299892,0,0,0.194587,0,0,0,0,0,0,0,0,0,0,0,18.6679,353.349,0,4.0371e-006,0.004509,
1,4,17,0.180428,0,0.221825,0,0,0,0.519197,0.760261,1.32062,0,0,0,3.00233,0.150337,0,0,0,0.192308,0,0,0.0356628,0,0,0.378308,0,0,0,0,0,0,0,0,0,0,0,25.998,353.349,0,0.000215842,0.004509,
1,4,18,0.338766,0,0.221825,0,0,0,0.736923,0.791698,1.59075,0,0,0,3.67996,0.282267,0,0,0,0.0833689,0,0,0.0429574,0,0,0.408593,0,0,0,0,0,0,0,0,0,0,0,27.5465,353.349,0,0.00024817,0.004509,
1,4,19,0.40291,0,0.221825,0,0,0,1.40685,0.809163,1.74082,0,0,0,4.58157,0.335715,0,0,0,0.142306,0,0,0.04701,0,0,0.525031,0,0,0,0,0,0,0,0,0,0,0,27.5464,353.349,0,0.000248155,0.004509,
1,4,20,0.535926,0,0.221825,0,0,0,1.9763,0.816149,1.80085,0,0,0,5.35105,0.446545,0,0,0,0.367724,0,0,0.0486311,0,0,0.8629,0,0,0,0,0,0,0,0,0,0,0,27.5448,353.349,0,0.000248103,0.004509,
1,4,21,0.634736,0,0.221825,0,0,0,1.89255,0.823135,1.86088,0.382647,0,0,5.81577,0.528878,0,0,0,0.182723,0,0,0.0502522,0,0,0.761853,0,0,0,0,0,0,0,0,0,0,0,27.5454,353.349,0,0.000248136,0.004509,
1,4,22,0.713488,0,0.221825,0,0,0,1.60783,0.816149,1.80085,0.382647,0,0,5.54279,0.594494,0,0,0,0.321924,0,0,0.0486311,0,0,0.965049,0,0,0,0,0,0,0,0,0,0,0,27.5438,353.349,0,0.000248142,0.004509,
1,4,23,0.891817,0,0.221825,0,0,0,1.05514,0.788205,1.56074,0.382647,0,0,4.90037,0.743084,0,0,0,0.295851,0,0,0.042147,0,0,1.08108,0,0,0,0,0,0,0,0,0,0,0,27.5414,353.349,0,0.000248245,0.004509,
1,4,24,1.04179,0,0.221825,0,0,0,0.636433,0.763754,1.35064,0.382647,0,0,4.39709,0.868048,0,0,0,0.0585644,0,0,0.0364733,0,0,0.963086,0,0,0,0,0,0,0,0,0,0,0,27.5355,353.349,0,0.000248265,0.004509,
1,5,1,1.0999,0,0.221825,0,0,0,0.385211,0.735811,1.11052,0,0,0,3.55327,0.916461,0,0,0,0.00187048,0,0,0.0299892,0,0,0.948321,0,0,0,0,0,0,0,0,0,0,0,28.3072,353.349,0,0.000281096,0.004509,
1,5,2,1.089,0,0.221825,0,0,0,0.318218,0.728825,1.0505,0,0,0,3.40837,0.907384,0,0,0,0.0438386,0,0,0.0283681,0,0,0.979591,0,0,0,0,0,0,0,0,0,0,0,28.2846,353.349,0,0.000280469,0.004509,
1,5,3,1.05768,0,0.221825,0,0,0,0.251224,0.725332,1.02048,0,0,0,3.27655,0.881288,0,0,0,0.0478849,0,0,0.0275576,0,0,0.956731,0,0,0,0,0,0,0,0,0,0,0,28.271,353.349,0,0.000279228,0.004509,
1,5,4,1.03346,0,0.221825,0,0,0,0.28472,0.725332,1.02048,0,0,0,3.28582,0.861107,0,0,0,0,0,0,0.0275576,0,0,0.888665,0,0,0,0,0,0,0,0,0,0,0,28.2748,353.349,0,0.000279206,0.004509,
1,5,5,1.04508,0,0.221825,0,0,0,0.351715,0.718346,0.960451,0,0,0,3.29742,0.870791,0,0,0,0.000321356,0,0,0.0259366,0,0,0.897049,0,0,0,0,0,0,0,0,0,0,0,28.2537,353.349,0,0.000279058,0.004509,
1,5,6,1.0325,0,0.221825,0,0,0,0.519197,0.732318,1.08051,0,0,0,3.58635,0.860301,0,0,0,0.0126169,0,0,0.0291787,0,0,0.902097,0,0,0,0,0,0,0,0,0,0,0,28.2904,353.349,0,0.00027978,0.004509,
1,5,7,1.03072,0,0.221825,0,0,0,0.703426,0.753275,1.26059,0,0,0,3.96985,0.858824,0,0,0,0.0690917,0,0,0.0340418,0,0,0.961958,0,0,0,0,0,0,0,0,0,0,0,28.3669,353.349,0,0.000283028,0.004509,
1,5,8,0.868115,0,0.221825,0,0,0,0.686679,0.760261,1.32062,0,0,0,3.8575,0.723336,0,0,0,0.415254,0,0,0.0356628,0,0,1.17425,0,0,0,0,0,0,0,0,0,0,0,28.3593,353.349,0,0.000282904,0.004509,
1,5,9,0.702374,0,0.221825,0,0,0,0.56944,0.735811,1.11052,0,0,0,3.33997,0.585236,0,0,0,0.602661,0,0,0.0299892,0,0,1.21789,0,0,0,0,0,0,0,0,0,0,0,24.8234,353.349,0,0.000163633,0.004509,
1,5,10,0.58112,0,0.221825,0,0,0,0.4857,0.718346,0.960451,0,0,0,2.96744,0.484204,0,0,0,0.0955726,0,0,0.0259366,0,0,0.605713,0,0,0,0,0,0,0,0,0,0,0,19.3019,353.349,0,1.03486e-005,0.004509,
1,5,11,0.382142,0,0.221825,0,0,0,0.452204,0.721839,0.990466,0,0,0,2.76848,0.318411,0,0,0,0.01164,0,0,0.0267471,0,0,0.356798,0,0,0,0,0,0,0,0,0,0,0,19.009,353.349,0,4.31897e-006,0.004509,
1,5,12,0.315472,0,0.221825,0,0,0,0.418708,0.721839,0.990466,0,0,0,2.66831,0.262859,0,0,0,0.0331494,0,0,0.0267471,0,0,0.322756,0,0,0,0,0,0,0,0,0,0,0,19.0069,353.349,0,3.60336e-006,0.004509,
1,5,13,0.263286,0,0.221825,0,0,0,0.351715,0.718346,0.960451,0,0,0,2.51562,0.219376,0,0,0,0.0619034,0,0,0.0259366,0,0,0.307216,0,0,0,0,0,0,0,0,0,0,0,18.9666,353.349,0,2.15291e-006,0.004509,
1,5,14,0.201266,0,0.221825,0,0,0,0.351715,0.721839,0.990466,0,0,0,2.48711,0.1677,0,0,0,0.0851404,0,0,0.0267471,0,0,0.279587,0,0,0,0,0,0,0,0,0,0,0,18.9836,353.349,0,2.17652e-006,0.004509,
1,5,15,0.142405,0,0.221825,0,0,0,0.351715,0.728825,1.0505,0,0,0,2.49526,0.118655,0,0,0,0.0340488,0,0,0.0283681,0,0,0.181072,0,0,0,0,0,0,0,0,0,0,0,19.0492,353.349,0,3.4813e-006,0.004509,
1,5,16,0.122229,0,0.221825,0,0,0,0.435454,0.735811,1.11052,0,0,0,2.62584,0.101844,0,0,0,0.00813212,0,0,0.0299892,0,0,0.139965,0,0,0,0,0,0,0,0,0,0,0,19.5169,353.349,0,1.30234e-005,0.004509,
1,5,17,0.193749,0,0.221825,0,0,0,0.519197,0.760261,1.32062,0,0,0,3.01565,0.161436,0,0,0,0.0270074,0,0,0.0356628,0,0,0.224106,0,0,0,0,0,0,0,0,0,0,0,26.7702,353.349,0,0.000238296,0.004509,
1,5,18,0.345721,0,0.221825,0,0,0,0.736923,0.791698,1.59075,0,0,0,3.68692,0.288064,0,0,0,0.0212624,0,0,0.0429574,0,0,0.352284,0,0,0,0,0,0,0,0,0,0,0,29.4154,353.349,0,0.000328136,0.004509,
1,5,19,0.440806,0,0.221825,0,0,0,1.40685,0.809163,1.74082,0,0,0,4.61947,0.367291,0,0,0,0.187735,0,0,0.04701,0,0,0.602036,0,0,0,0,0,0,0,0,0,0,0,29.4049,353.349,0,0.000328149,0.004509,
1,5,20,0.546234,0,0.221825,0,0,0,1.9763,0.816149,1.80085,0,0,0,5.36135,0.455134,0,0,0,0.204384,0,0,0.0486311,0,0,0.708149,0,0,0,0,0,0,0,0,0,0,0,29.4044,353.349,0,0.00032818,0.004509,
1,5,21,0.625434,0,0.221825,0,0,0,1.89255,0.823135,1.86088,0.382647,0,0,5.80647,0.521126,0,0,0,0.105874,0,0,0.0502522,0,0,0.677252,0,0,0,0,0,0,0,0,0,0,0,29.3744,353.349,0,0.000326422,0.004509,
1,5,22,0.737649,0,0.221825,0,0,0,1.60783,0.816149,1.80085,0.382647,0,0,5.56695,0.614628,0,0,0,0.341045,0,0,0.0486311,0,0,1.0043,0,0,0,0,0,0,0,0,0,0,0,29.3061,353.349,0,0.000323815,0.004509,
1,5,23,0.911002,0,0.221825,0,0,0,1.05514,0.788205,1.56074,0.382647,0,0,4.91956,0.75907,0,0,0,0.341395,0,0,0.042147,0,0,1.14261,0,0,0,0,0,0,0,0,0,0,0,29.106,353.349,0,0.000315492,0.004509,
1,5,24,1.01559,0,0.221825,0,0,0,0.636433,0.763754,1.35064,0.382647,0,0,4.37088,0.84621,0,0,0,0.0750767,0,0,0.0364733,0,0,0.95776,0,0,0,0,0,0,0,0,0,0,0,29.0401,353.349,0,0.00031248,0.004509,
1,6,1,1.06863,0,0.221825,0,0,0,0.385211,0.735811,1.11052,0,0,0,3.522,0.890404,0,0,0,0.0755298,0,0,0.0299892,0,0,0.995923,0,0,0,0,0,0,0,0,0,0,0,28.4355,353.349,0,0.000284415,0.004509,
1,6,2,1.08046,0,0.221825,0,0,0,0.318218,0.728825,1.0505,0,0,0,3.39983,0.900267,0,0,0,0.000593092,0,0,0.0283681,0,0,0.929228,0,0,0,0,0,0,0,0,0,0,0,28.1625,353.349,0,0.000282056,0.004509,
1,6,3,1.08556,0,0.221825,0,0,0,0.251224,0.725332,1.02048,0,0,0,3.30442,0.904514,0,0,0,0.00197763,0,0,0.0275576,0,0,0.934049,0,0,0,0,0,0,0,0,0,0,0,27.8169,353.349,0,0.000273033,0.004509,
1,6,4,1.1184,0,0.221825,0,0,0,0.28472,0.725332,1.02048,0,0,0,3.37075,0.931875,0,0,0,0.0023551,0,0,0.0275576,0,0,0.961788,0,0,0,0,0,0,0,0,0,0,0,27.8712,353.349,0,0.000273662,0.004509,
1,6,5,1.13055,0,0.221825,0,0,0,0.351715,0.718346,0.960451,0,0,0,3.38288,0.942001,0,0,0,0.0130838,0,0,0.0259366,0,0,0.981021,0,0,0,0,0,0,0,0,0,0,0,28.2896,353.349,0,0.000284382,0.004509,
1,6,6,1.1005,0,0.221825,0,0,0,0.519197,0.732318,1.08051,0,0,0,3.65435,0.916965,0,0,0,0.209596,0,0,0.0291787,0,0,1.15574,0,0,0,0,0,0,0,0,0,0,0,28.5304,353.349,0,0.000288356,0.004509,
1,6,7,1.0596,0,0.221825,0,0,0,0.703426,0.753275,1.26059,0,0,0,3.99872,0.882886,0,0,0,0.111404,0,0,0.0340418,0,0,1.02833,0,0,0,0,0,0,0,0,0,0,0,28.5729,353.349,0,0.000288873,0.004509,
1,6,8,0.974144,0,0.221825,0,0,0,0.686679,0.760261,1.32062,0,0,0,3.96353,0.811682,0,0,0,0.715746,0,0,0.0356628,0,0,1.56309,0,0,0,0,0,0,0,0,0,0,0,28.5924,353.349,0,0.000289542,0.004509,
1,6,9,0.767831,0,0.221825,0,0,0,0.56944,0.735811,1.11052,0,0,0,3.40543,0.639776,0,0,0,0.24604,0,0,0.0299892,0,0,0.915805,0,0,0,0,0,0,0,0,0,0,0,27.4517,353.349,0,0.000268755,0.004509,
1,6,10,0.640492,0,0.221825,0,0,0,0.4857,0.718346,0.960451,0,0,0,3.02682,0.533674,0,0,0,0.224383,0,0,0.0259366,0,0,0.783994,0,0,0,0,0,0,0,0,0,0,0,25.544,353.349,0,0.000195843,0.004509,
1,6,11,0.453265,0,0.221825,0,0,0,0.452204,0.721839,0.990466,0,0,0,2.8396,0.377671,0,0,0,0.138804,0,0,0.0267471,0,0,0.543222,0,0,0,0,0,0,0,0,0,0,0,25.46,353.349,0,0.000186768,0.004509,
1,6,12,0.393564,0,0.221825,0,0,0,0.418708,0.721839,0.990466,0,0,0,2.7464,0.327926,0,0,0,0.489933,0,0,0.0267471,0,0,0.844606,0,0,0,0,0,0,0,0,0,0,0,25.4445,353.349,0,0.000187188,0.004509,
1,6,13,0.35175,0,0.221825,0,0,0,0.351715,0.718346,0.960451,0,0,0,2.60409,0.293087,0,0,0,0.228653,0,0,0.0259366,0,0,0.547677,0,0,0,0,0,0,0,0,0,0,0,25.4591,353.349,0,0.000188564,0.004509,
1,6,14,0.394493,0,0.221825,0,0,0,0.351715,0.721839,0.990466,0,0,0,2.68034,0.3287,0,0,0,0.0372531,0,0,0.0267471,0,0,0.3927,0,0,0,0,0,0,0,0,0,0,0,25.7682,353.349,0,0.0001974,0.004509,
1,6,15,0.438423,0,0.221825,0,0,0,0.351715,0.728825,1.0505,0,0,0,2.79128,0.365305,0,0,0,0.108089,0,0,0.0283681,0,0,0.501762,0,0,0,0,0,0,0,0,0,0,0,27.9052,353.349,0,0.000274217,0.004509,
1,6,16,0.466861,0,0.221825,0,0,0,0.435454,0.735811,1.11052,0,0,0,2.97048,0.388999,0,0,0,0.1856,0,0,0.0299892,0,0,0.604588,0,0,0,0,0,0,0,0,0,0,0,28.5299,353.349,0,0.000289788,0.004509,
1,6,17,0.478277,0,0.221825,0,0,0,0.519197,0.760261,1.32062,0,0,0,3.30018,0.398511,0,0,0,0.18943,0,0,0.0356628,0,0,0.623604,0,0,0,0,0,0,0,0,0,0,0,28.8107,353.349,0,0.000296604,0.004509,
1,6,18,0.494915,0,0.221825,0,0,0,0.736923,0.791698,1.59075,0,0,0,3.83611,0.412376,0,0,0,0.0146747,0,0,0.0429574,0,0,0.470008,0,0,0,0,0,0,0,0,0,0,0,28.8459,353.349,0,0.000297225,0.004509,
1,6,19,0.478447,0,0.221825,0,0,0,1.40685,0.809163,1.74082,0,0,0,4.65711,0.398654,0,0,0,0.287583,0,0,0.04701,0,0,0.733247,0,0,0,0,0,0,0,0,0,0,0,28.8457,353.349,0,0.000297181,0.004509,
1,6,20,0.461694,0,0.221825,0,0,0,1.9763,0.816149,1.80085,0,0,0,5.27681,0.384696,0,0,0,0.184606,0,0,0.0486311,0,0,0.617933,0,0,0,0,0,0,0,0,0,0,0,28.8445,353.349,0,0.000297183,0.004509,
1,6,21,0.471225,0,0.221825,0,0,0,1.89255,0.823135,1.86088,0.382647,0,0,5.65226,0.392637,0,0,0,0.278589,0,0,0.0502522,0,0,0.721478,0,0,0,0,0,0,0,0,0,0,0,28.8158,353.349,0,0.000295511,0.004509,
1,6,22,0.519604,0,0.221825,0,0,0,1.60783,0.816149,1.80085,0.382647,0,0,5.34891,0.432947,0,0,0,0.546418,0,0,0.0486311,0,0,1.028,0,0,0,0,0,0,0,0,0,0,0,28.7922,353.349,0,0.000294992,0.004509,
1,6,23,0.605026,0,0.221825,0,0,0,1.05514,0.788205,1.56074,0.382647,0,0,4.61358,0.504123,0,0,0,0.0430337,0,0,0.042147,0,0,0.589304,0,0,0,0,0,0,0,0,0,0,0,28.5457,353.349,0,0.000287902,0.004509,
1,6,24,0.670422,0,0.221825,0,0,0,0.636433,0.763754,1.35064,0.382647,0,0,4.02572,0.558611,0,0,0,0.0227229,0,0,0.0364733,0,0,0.617807,0,0,0,0,0,0,0,0,0,0,0,28.4563,353.349,0,0.000285581,0.004509,
1,7,1,0.686715,0,0.221825,0,0,0,0.385211,0.735811,1.11052,0,0,0,3.14009,0.572188,0,0,0,0.000443055,0,0,0.0299892,0,0,0.60262,0,0,0,0,0,0,0,0,0,0,0,27.6827,353.349,0,0.00025113,0.004509,
1,7,2,0.674748,0,0.221825,0,0,0,0.318218,0.728825,1.0505,0,0,0,2.99411,0.562215,0,0,0,0.000394302,0,0,0.0283681,0,0,0.590977,0,0,0,0,0,0,0,0,0,0,0,27.767,353.349,0,0.00025165,0.004509,
1,7,3,0.70607,0,0.221825,0,0,0,0.251224,0.725332,1.02048,0,0,0,2.92493,0.588314,0,0,0,0,0,0,0.0275576,0,0,0.615872,0,0,0,0,0,0,0,0,0,0,0,27.813,353.349,0,0.000252614,0.004509,
1,7,4,0.745299,0,0.221825,0,0,0,0.28472,0.725332,1.02048,0,0,0,2.99766,0.621,0,0,0,0.00137963,0,0,0.0275576,0,0,0.649937,0,0,0,0,0,0,0,0,0,0,0,27.8134,353.349,0,0.000253011,0.004509,
1,7,5,0.782392,0,0.221825,0,0,0,0.351715,0.718346,0.960451,0,0,0,3.03473,0.651908,0,0,0,0.00118291,0,0,0.0259366,0,0,0.679028,0,0,0,0,0,0,0,0,0,0,0,27.8774,353.349,0,0.000256609,0.004509,
1,7,6,0.774091,0,0.221825,0,0,0,0.519197,0.732318,1.08051,0,0,0,3.32794,0.644992,0,0,0,0.0117295,0,0,0.0291787,0,0,0.6859,0,0,0,0,0,0,0,0,0,0,0,27.9271,353.349,0,0.000257657,0.004509,
1,7,7,0.727016,0,0.221825,0,0,0,0.703426,0.753275,1.26059,0,0,0,3.66614,0.605769,0,0,0,0.0998949,0,0,0.0340418,0,0,0.739706,0,0,0,0,0,0,0,0,0,0,0,27.9643,353.349,0,0.000260227,0.004509,
1,7,8,0.697907,0,0.221825,0,0,0,0.686679,0.760261,1.32062,0,0,0,3.68729,0.581513,0,0,0,0.494909,0,0,0.0356628,0,0,1.11208,0,0,0,0,0,0,0,0,0,0,0,27.9607,353.349,0,0.000260121,0.004509,
1,7,9,0.488596,0,0.221825,0,0,0,0.56944,0.735811,1.11052,0,0,0,3.1262,0.407111,0,0,0,0.601857,0,0,0.0299892,0,0,1.03896,0,0,0,0,0,0,0,0,0,0,0,25.2272,353.349,0,0.000186474,0.004509,
1,7,10,0.279672,0,0.221825,0,0,0,0.4857,0.718346,0.960451,0,0,0,2.66599,0.233029,0,0,0,0.0837921,0,0,0.0259366,0,0,0.342758,0,0,0,0,0,0,0,0,0,0,0,23.4265,353.349,0,0.000137439,0.004509,
1,7,11,0.156182,0,0.221825,0,0,0,0.452204,0.721839,0.990466,0,0,0,2.54252,0.130135,0,0,0,0.147347,0,0,0.0267471,0,0,0.304229,0,0,0,0,0,0,0,0,0,0,0,23.0982,353.349,0,0.00013008,0.004509,
1,7,12,0.0535275,0,0.221825,0,0,0,0.418708,0.721839,0.990466,0,0,0,2.40636,0.0446004,0,0,0,0.0107508,0,0,0.0267471,0,0,0.0820983,0,0,0,0,0,0,0,0,0,0,0,22.9693,353.349,0,0.000128427,0.004509,
1,7,13,0.00886372,0,0.221825,0,0,0,0.351715,0.718346,0.960451,0,0,0,2.2612,0.00738547,0,0,0,0.0192595,0,0,0.0259366,0,0,0.0525816,0,0,0,0,0,0,0,0,0,0,0,22.9574,353.349,0,0.000128184,0.004509,
1,7,14,0,0,0.221825,0,0,0,0.351715,0.721839,0.990466,0,0,0,2.28584,0,0,0,0,0.0233157,0,0,0.0267471,0,0,0.0500628,0,0,0,0,0,0,0,0,0,0,0,22.9571,353.349,0,0.000127614,0.004509,
1,7,15,0,0,0.221825,0,0,0,0.351715,0.728825,1.0505,0,0,0,2.35286,0,0,0,0,0.0880456,0,0,0.0283681,0,0,0.116414,0,0,0,0,0,0,0,0,0,0,0,23.1246,353.349,0,0.00013146,0.004509,
1,7,16,0,0,0.221825,0,0,0,0.435454,0.735811,1.11052,0,0,0,2.50361,0,0,0,0,0.326033,0,0,0.0299892,0,0,0.356022,0,0,0,0,0,0,0,0,0,0,0,23.6386,353.349,0,0.000146138,0.004509,
1,7,17,0,0,0.221825,0,0,0,0.519197,0.760261,1.32062,0,0,0,2.8219,0,0,0,0,0.111271,0,0,0.0356628,0,0,0.146934,0,0,0,0,0,0,0,0,0,0,0,27.9383,353.349,0,0.00026237,0.004509,
1,7,18,0.0325657,0,0.221825,0,0,0,0.736923,0.791698,1.59075,0,0,0,3.37376,0.0271345,0,0,0,0.0896028,0,0,0.0429574,0,0,0.159695,0,0,0,0,0,0,0,0,0,0,0,28.0431,353.349,0,0.000264738,0.004509,
1,7,19,0.0749953,0,0.221825,0,0,0,1.40685,0.809163,1.74082,0,0,0,4.25366,0.0624878,0,0,0,0.0349513,0,0,0.04701,0,0,0.144449,0,0,0,0,0,0,0,0,0,0,0,28.0418,353.349,0,0.000264661,0.004509,
1,7,20,0.107816,0,0.221825,0,0,0,1.9763,0.816149,1.80085,0,0,0,4.92293,0.0898347,0,0,0,0.0190432,0,0,0.0486311,0,0,0.157509,0,0,0,0,0,0,0,0,0,0,0,28.0403,353.349,0,0.000264643,0.004509,
1,7,21,0.179095,0,0.221825,0,0,0,1.89255,0.823135,1.86088,0.382647,0,0,5.36013,0.149226,0,0,0,0.0852065,0,0,0.0502522,0,0,0.284685,0,0,0,0,0,0,0,0,0,0,0,28.0122,353.349,0,0.000263167,0.004509,
1,7,22,0.287763,0,0.221825,0,0,0,1.60783,0.816149,1.80085,0.382647,0,0,5.11706,0.239771,0,0,0,0.151955,0,0,0.0486311,0,0,0.440357,0,0,0,0,0,0,0,0,0,0,0,28.0038,353.349,0,0.000263079,0.004509,
1,7,23,0.439124,0,0.221825,0,0,0,1.05514,0.788205,1.56074,0.382647,0,0,4.44768,0.36589,0,0,0,0.00586978,0,0,0.042147,0,0,0.413907,0,0,0,0,0,0,0,0,0,0,0,27.9381,353.349,0,0.000259149,0.004509,
1,7,24,0.584936,0,0.221825,0,0,0,0.636433,0.763754,1.35064,0.382647,0,0,3.94023,0.487383,0,0,0,0.0364027,0,0,0.0364733,0,0,0.560259,0,0,0,0,0,0,0,0,0,0,0,27.9217,353.349,0,0.000258788,0.004509,
1,8,1,0.693365,0,0.221825,0,0,0,0.385211,0.735811,1.11052,0,0,0,3.14674,0.577729,0,0,0,0.00104382,0,0,0.0299892,0,0,0.608762,0,0,0,0,0,0,0,0,0,0,0,28.0026,353.349,0,0.000266065,0.004509,
1,8,2,0.778341,0,0.221825,0,0,0,0.318218,0.728825,1.0505,0,0,0,3.0977,0.648533,0,0,0,0.000497301,0,0,0.0283681,0,0,0.677398,0,0,0,0,0,0,0,0,0,0,0,27.7515,353.349,0,0.000263027,0.004509,
1,8,3,0.878409,0,0.221825,0,0,0,0.251224,0.725332,1.02048,0,0,0,3.09727,0.73191,0,0,0,0,0,0,0.0275576,0,0,0.759468,0,0,0,0,0,0,0,0,0,0,0,27.6577,353.349,0,0.000260955,0.004509,
1,8,4,0.945695,0,0.221825,0,0,0,0.28472,0.725332,1.02048,0,0,0,3.19805,0.787975,0,0,0,0,0,0,0.0275576,0,0,0.815533,0,0,0,0,0,0,0,0,0,0,0,27.4965,353.349,0,0.000259948,0.004509,
1,8,5,0.985454,0,0.221825,0,0,0,0.351715,0.718346,0.960451,0,0,0,3.23779,0.821104,0,0,0,0,0,0,0.0259366,0,0,0.847041,0,0,0,0,0,0,0,0,0,0,0,27.6578,353.349,0,0.000262439,0.004509,
1,8,6,0.948637,0,0.221825,0,0,0,0.519197,0.732318,1.08051,0,0,0,3.50249,0.790426,0,0,0,0.00699782,0,0,0.0291787,0,0,0.826603,0,0,0,0,0,0,0,0,0,0,0,28.0254,353.349,0,0.000266948,0.004509,
1,8,7,0.918625,0,0.221825,0,0,0,0.703426,0.753275,1.26059,0,0,0,3.85775,0.765422,0,0,0,0.033171,0,0,0.0340418,0,0,0.832635,0,0,0,0,0,0,0,0,0,0,0,28.0395,353.349,0,0.00026792,0.004509,
1,8,8,0.759745,0,0.221825,0,0,0,0.686679,0.760261,1.32062,0,0,0,3.74913,0.633038,0,0,0,0.196358,0,0,0.0356628,0,0,0.865059,0,0,0,0,0,0,0,0,0,0,0,28.0121,353.349,0,0.000266792,0.004509,
1,8,9,0.490041,0,0.221825,0,0,0,0.56944,0.735811,1.11052,0,0,0,3.12764,0.408314,0,0,0,1.0269,0,0,0.0299892,0,0,1.4652,0,0,0,0,0,0,0,0,0,0,0,24.0484,353.349,0,0.000182507,0.004509,
1,8,10,0.301249,0,0.221825,0,0,0,0.4857,0.718346,0.960451,0,0,0,2.68757,0.251009,0,0,0,0.271611,0,0,0.0259366,0,0,0.548557,0,0,0,0,0,0,0,0,0,0,0,22.5885,353.349,0,0.000105065,0.004509,
1,8,11,0.171118,0,0.221825,0,0,0,0.452204,0.721839,0.990466,0,0,0,2.55745,0.14258,0,0,0,0.0775304,0,0,0.0267471,0,0,0.246858,0,0,0,0,0,0,0,0,0,0,0,22.3994,353.349,0,8.82949e-005,0.004509,
1,8,12,0.08426,0,0.221825,0,0,0,0.418708,0.721839,0.990466,0,0,0,2.4371,0.0702074,0,0,0,0.249566,0,0,0.0267471,0,0,0.34652,0,0,0,0,0,0,0,0,0,0,0,22.2742,353.349,0,8.7153e-005,0.004509,
1,8,13,0.0239707,0,0.221825,0,0,0,0.351715,0.718346,0.960451,0,0,0,2.27631,0.019973,0,0,0,0.0234201,0,0,0.0259366,0,0,0.0693297,0,0,0,0,0,0,0,0,0,0,0,22.2726,353.349,0,8.497e-005,0.004509,
1,8,14,1.26026e-005,0,0.221825,0,0,0,0.351715,0.721839,0.990466,0,0,0,2.28586,1.04891e-005,0,0,0,0.0362307,0,0,0.0267471,0,0,0.0629883,0,0,0,0,0,0,0,0,0,0,0,22.2948,353.349,0,8.50761e-005,0.004509,
1,8,15,0,0,0.221825,0,0,0,0.351715,0.728825,1.0505,0,0,0,2.35286,0,0,0,0,0.413426,0,0,0.0283681,0,0,0.441794,0,0,0,0,0,0,0,0,0,0,0,22.4314,353.349,0,8.78896e-005,0.004509,
1,8,16,0,0,0.221825,0,0,0,0.435454,0.735811,1.11052,0,0,0,2.50361,0,0,0,0,0.25148,0,0,0.0299892,0,0,0.281469,0,0,0,0,0,0,0,0,0,0,0,23.5167,353.349,0,0.000103578,0.004509,
1,8,17,0,0,0.221825,0,0,0,0.519197,0.760261,1.32062,0,0,0,2.8219,0,0,0,0,0.179639,0,0,0.0356628,0,0,0.215302,0,0,0,0,0,0,0,0,0,0,0,27.8431,353.349,0,0.000263497,0.004509,
1,8,18,0.00184774,0,0.221825,0,0,0,0.736923,0.791698,1.59075,0,0,0,3.34304,0.00153958,0,0,0,0.156594,0,0,0.0429574,0,0,0.201091,0,0,0,0,0,0,0,0,0,0,0,28.2028,353.349,0,0.000273183,0.004509,
1,8,19,0.0733288,0,0.221825,0,0,0,1.40685,0.809163,1.74082,0,0,0,4.25199,0.0610995,0,0,0,0.391235,0,0,0.04701,0,0,0.499344,0,0,0,0,0,0,0,0,0,0,0,28.2084,353.349,0,0.000273872,0.004509,
1,8,20,0.136997,0,0.221825,0,0,0,1.9763,0.816149,1.80085,0,0,0,4.95212,0.114149,0,0,0,0.108159,0,0,0.0486311,0,0,0.270939,0,0,0,0,0,0,0,0,0,0,0,28.2126,353.349,0,0.000273583,0.004509,
1,8,21,0.220291,0,0.221825,0,0,0,1.89255,0.823135,1.86088,0.382647,0,0,5.40133,0.183552,0,0,0,0.2527,0,0,0.0502522,0,0,0.486504,0,0,0,0,0,0,0,0,0,0,0,28.1849,353.349,0,0.000272413,0.004509,
1,8,22,0.352691,0,0.221825,0,0,0,1.60783,0.816149,1.80085,0.382647,0,0,5.18199,0.293871,0,0,0,0.0429672,0,0,0.0486311,0,0,0.385469,0,0,0,0,0,0,0,0,0,0,0,28.178,353.349,0,0.000272366,0.004509,
1,8,23,0.514141,0,0.221825,0,0,0,1.05514,0.788205,1.56074,0.382647,0,0,4.52269,0.428395,0,0,0,0.0114785,0,0,0.042147,0,0,0.482021,0,0,0,0,0,0,0,0,0,0,0,28.1383,353.349,0,0.000270338,0.004509,
1,8,24,0.634675,0,0.221825,0,0,0,0.636433,0.763754,1.35064,0.382647,0,0,3.98997,0.528826,0,0,0,0.0384802,0,0,0.0364733,0,0,0.60378,0,0,0,0,0,0,0,0,0,0,0,28.1333,353.349,0,0.000270075,0.004509,
1,9,1,0.740237,0,0.221825,0,0,0,0.385211,0.735811,1.11052,0,0,0,3.19361,0.616783,0,0,0,0,0,0,0.0299892,0,0,0.646772,0,0,0,0,0,0,0,0,0,0,0,28.0118,353.349,0,0.000260665,0.004509,
1,9,2,0.868581,0,0.221825,0,0,0,0.318218,0.728825,1.0505,0,0,0,3.18794,0.723724,0,0,0,0.086807,0,0,0.0283681,0,0,0.838899,0,0,0,0,0,0,0,0,0,0,0,27.9114,353.349,0,0.000259217,0.004509,
1,9,3,0.9417,0,0.221825,0,0,0,0.251224,0.725332,1.02048,0,0,0,3.16056,0.784647,0,0,0,0.0405334,0,0,0.0275576,0,0,0.852738,0,0,0,0,0,0,0,0,0,0,0,27.8366,353.349,0,0.000256587,0.004509,
1,9,4,0.927307,0,0.221825,0,0,0,0.28472,0.725332,1.02048,0,0,0,3.17966,0.772653,0,0,0,0,0,0,0.0275576,0,0,0.800211,0,0,0,0,0,0,0,0,0,0,0,27.8305,353.349,0,0.000257137,0.004509,
1,9,5,0.929722,0,0.221825,0,0,0,0.351715,0.718346,0.960451,0,0,0,3.18206,0.774667,0,0,0,0,0,0,0.0259366,0,0,0.800604,0,0,0,0,0,0,0,0,0,0,0,27.8888,353.349,0,0.000259532,0.004509,
1,9,6,0.911946,0,0.221825,0,0,0,0.519197,0.732318,1.08051,0,0,0,3.4658,0.759855,0,0,0,0.0013794,0,0,0.0291787,0,0,0.790413,0,0,0,0,0,0,0,0,0,0,0,28.0174,353.349,0,0.0002621,0.004509,
1,9,7,0.912049,0,0.221825,0,0,0,0.703426,0.753275,1.26059,0,0,0,3.85117,0.759942,0,0,0,0.146552,0,0,0.0340418,0,0,0.940536,0,0,0,0,0,0,0,0,0,0,0,28.9666,353.349,0,0.0002625,0.004509,
1,9,8,0.81328,0,0.221825,0,0,0,0.686679,0.760261,1.32062,0,0,0,3.80267,0.677646,0,0,0,0.178044,0,0,0.0356628,0,0,0.891353,0,0,0,0,0,0,0,0,0,0,0,28.04,353.349,0,0.000262468,0.004509,
1,9,9,0.587386,0,0.221825,0,0,0,0.56944,0.735811,1.11052,0,0,0,3.22499,0.489424,0,0,0,0.239609,0,0,0.0299892,0,0,0.759022,0,0,0,0,0,0,0,0,0,0,0,26.7825,353.349,0,0.000239689,0.004509,
1,9,10,0.435261,0,0.221825,0,0,0,0.4857,0.718346,0.960451,0,0,0,2.82158,0.36267,0,0,0,0.0344446,0,0,0.0259366,0,0,0.423051,0,0,0,0,0,0,0,0,0,0,0,24.2001,353.349,0,0.000162503,0.004509,
1,9,11,0.316747,0,0.221825,0,0,0,0.452204,0.721839,0.990466,0,0,0,2.70308,0.263922,0,0,0,0.00334847,0,0,0.0267471,0,0,0.294018,0,0,0,0,0,0,0,0,0,0,0,23.8874,353.349,0,0.000144995,0.004509,
1,9,12,0.242512,0,0.221825,0,0,0,0.418708,0.721839,0.990466,0,0,0,2.59535,0.202067,0,0,0,0.0119896,0,0,0.0267471,0,0,0.240804,0,0,0,0,0,0,0,0,0,0,0,23.7445,353.349,0,0.000141561,0.004509,
1,9,13,0.190916,0,0.221825,0,0,0,0.351715,0.718346,0.960451,0,0,0,2.44325,0.159076,0,0,0,0.181904,0,0,0.0259366,0,0,0.366917,0,0,0,0,0,0,0,0,0,0,0,23.7444,353.349,0,0.000141456,0.004509,
1,9,14,0.116579,0,0.221825,0,0,0,0.351715,0.721839,0.990466,0,0,0,2.40242,0.0971367,0,0,0,0.0708183,0,0,0.0267471,0,0,0.194702,0,0,0,0,0,0,0,0,0,0,0,23.7565,353.349,0,0.000141744,0.004509,
1,9,15,0.0609361,0,0.221825,0,0,0,0.351715,0.728825,1.0505,0,0,0,2.4138,0.0507735,0,0,0,0.417517,0,0,0.0283681,0,0,0.496659,0,0,0,0,0,0,0,0,0,0,0,23.954,353.349,0,0.000151739,0.004509,
1,9,16,0.0605284,0,0.221825,0,0,0,0.435454,0.735811,1.11052,0,0,0,2.56414,0.0504337,0,0,0,0.0524754,0,0,0.0299892,0,0,0.132898,0,0,0,0,0,0,0,0,0,0,0,24.4526,353.349,0,0.000178438,0.004509,
1,9,17,0.116003,0,0.221825,0,0,0,0.519197,0.760261,1.32062,0,0,0,2.93791,0.0966561,0,0,0,0.0657832,0,0,0.0356628,0,0,0.198102,0,0,0,0,0,0,0,0,0,0,0,28.0619,353.349,0,0.000264883,0.004509,
1,9,18,0.173873,0,0.221825,0,0,0,0.736923,0.791698,1.59075,0,0,0,3.51507,0.144875,0,0,0,0.0855624,0,0,0.0429574,0,0,0.273395,0,0,0,0,0,0,0,0,0,0,0,28.0677,353.349,0,0.000265103,0.004509,
1,9,19,0.229744,0,0.221825,0,0,0,1.40685,0.809163,1.74082,0,0,0,4.40841,0.191429,0,0,0,0.21124,0,0,0.04701,0,0,0.449679,0,0,0,0,0,0,0,0,0,0,0,28.0727,353.349,0,0.000265051,0.004509,
1,9,20,0.292235,0,0.221825,0,0,0,1.9763,0.816149,1.80085,0,0,0,5.10735,0.243497,0,0,0,0.121828,0,0,0.0486311,0,0,0.413956,0,0,0,0,0,0,0,0,0,0,0,28.072,353.349,0,0.000265046,0.004509,
1,9,21,0.372679,0,0.221825,0,0,0,1.89255,0.823135,1.86088,0.382647,0,0,5.55371,0.310526,0,0,0,0.178505,0,0,0.0502522,0,0,0.539283,0,0,0,0,0,0,0,0,0,0,0,31.0033,353.349,0,0.00026363,0.004509,
1,9,22,0.464768,0,0.221825,0,0,0,1.60783,0.816149,1.80085,0.382647,0,0,5.29407,0.387256,0,0,0,0.158303,0,0,0.0486311,0,0,0.59419,0,0,0,0,0,0,0,0,0,0,0,34.3482,353.349,0,0.00026353,0.004509,
1,9,23,0.568995,0,0.221825,0,0,0,1.05514,0.788205,1.56074,0.382647,0,0,4.57755,0.474101,0,0,0,0.486787,0,0,0.042147,0,0,1.00303,0,0,0,0,0,0,0,0,0,0,0,31.8473,353.349,0,0.000261801,0.004509,
1,9,24,0.691237,0,0.221825,0,0,0,0.636433,0.763754,1.35064,0.382647,0,0,4.04653,0.575955,0,0,0,0.0492419,0,0,0.0364733,0,0,0.66167,0,0,0,0,0,0,0,0,0,0,0,27.8412,353.349,0,0.000258321,0.004509,
1,10,1,0.782608,0,0.221825,0,0,0,0.385211,0.735811,1.11052,0,0,0,3.23598,0.652089,0,0,0,0.00224747,0,0,0.0299892,0,0,0.684326,0,0,0,0,0,0,0,0,0,0,0,27.1422,353.349,0,0.000236267,0.004509,
1,10,2,0.837348,0,0.221825,0,0,0,0.318218,0.728825,1.0505,0,0,0,3.15671,0.697699,0,0,0,0.00850347,0,0,0.0283681,0,0,0.734571,0,0,0,0,0,0,0,0,0,0,0,27.1016,353.349,0,0.000234557,0.004509,
1,10,3,0.887374,0,0.221825,0,0,0,0.251224,0.725332,1.02048,0,0,0,3.10624,0.739382,0,0,0,0.00928881,0,0,0.0275576,0,0,0.776228,0,0,0,0,0,0,0,0,0,0,0,27.2793,353.349,0,0.000241251,0.004509,
1,10,4,0.944648,0,0.221825,0,0,0,0.28472,0.725332,1.02048,0,0,0,3.19701,0.787105,0,0,0,0.00133185,0,0,0.0275576,0,0,0.815994,0,0,0,0,0,0,0,0,0,0,0,27.498,353.349,0,0.000249647,0.004509,
1,10,5,0.982239,0,0.221825,0,0,0,0.351715,0.718346,0.960451,0,0,0,3.23458,0.818426,0,0,0,0.00118417,0,0,0.0259366,0,0,0.845547,0,0,0,0,0,0,0,0,0,0,0,27.9337,353.349,0,0.000258423,0.004509,
1,10,6,0.982975,0,0.221825,0,0,0,0.519197,0.732318,1.08051,0,0,0,3.53682,0.81904,0,0,0,0.0325073,0,0,0.0291787,0,0,0.880726,0,0,0,0,0,0,0,0,0,0,0,28.0554,353.349,0,0.000260426,0.004509,
1,10,7,0.987544,0,0.221825,0,0,0,0.703426,0.753275,1.26059,0,0,0,3.92667,0.822846,0,0,0,0.0470303,0,0,0.0340418,0,0,0.903918,0,0,0,0,0,0,0,0,0,0,0,28.1104,353.349,0,0.000260748,0.004509,
1,10,8,0.905196,0,0.221825,0,0,0,0.686679,0.760261,1.32062,0,0,0,3.89458,0.754233,0,0,0,0.0994568,0,0,0.0356628,0,0,0.889353,0,0,0,0,0,0,0,0,0,0,0,28.1056,353.349,0,0.000260801,0.004509,
1,10,9,0.56898,0,0.221825,0,0,0,0.56944,0.735811,1.11052,0,0,0,3.20658,0.474088,0,0,0,0.468418,0,0,0.0299892,0,0,0.972495,0,0,0,0,0,0,0,0,0,0,0,23.8901,353.349,0,0.000145272,0.004509,
1,10,10,0.314059,0,0.221825,0,0,0,0.4857,0.718346,0.960451,0,0,0,2.70038,0.261683,0,0,0,0.596495,0,0,0.0259366,0,0,0.884115,0,0,0,0,0,0,0,0,0,0,0,22.178,353.349,0,7.51666e-005,0.004509,
1,10,11,0.164935,0,0.221825,0,0,0,0.452204,0.721839,0.990466,0,0,0,2.55127,0.137428,0,0,0,0.455797,0,0,0.0267471,0,0,0.619972,0,0,0,0,0,0,0,0,0,0,0,22.079,353.349,0,7.19112e-005,0.004509,
1,10,12,0.0771697,0,0.221825,0,0,0,0.418708,0.721839,0.990466,0,0,0,2.43001,0.0642996,0,0,0,0.0666684,0,0,0.0267471,0,0,0.157715,0,0,0,0,0,0,0,0,0,0,0,22.0835,353.349,0,7.18341e-005,0.004509,
1,10,13,0.0180416,0,0.221825,0,0,0,0.351715,0.718346,0.960451,0,0,0,2.27038,0.0150327,0,0,0,0.112651,0,0,0.0259366,0,0,0.15362,0,0,0,0,0,0,0,0,0,0,0,22.1004,353.349,0,7.18271e-005,0.004509,
1,10,14,0,0,0.221825,0,0,0,0.351715,0.721839,0.990466,0,0,0,2.28584,0,0,0,0,0.0778158,0,0,0.0267471,0,0,0.104563,0,0,0,0,0,0,0,0,0,0,0,22.1207,353.349,0,7.18822e-005,0.004509,
1,10,15,0,0,0.221825,0,0,0,0.351715,0.728825,1.0505,0,0,0,2.35286,0,0,0,0,0.197676,0,0,0.0283681,0,0,0.226044,0,0,0,0,0,0,0,0,0,0,0,22.1775,353.349,0,7.29906e-005,0.004509,
1,10,16,0,0,0.221825,0,0,0,0.435454,0.735811,1.11052,0,0,0,2.50361,0,0,0,0,0.116834,0,0,0.0299892,0,0,0.146823,0,0,0,0,0,0,0,0,0,0,0,22.7236,353.349,0,8.98884e-005,0.004509,
1,10,17,0,0,0.221825,0,0,0,0.519197,0.760261,1.32062,0,0,0,2.8219,0,0,0,0,0.421419,0,0,0.0356628,0,0,0.457082,0,0,0,0,0,0,0,0,0,0,0,27.5781,353.349,0,0.000252121,0.004509,
1,10,18,0,0,0.221825,0,0,0,0.736923,0.791698,1.59075,0,0,0,3.3412,0,0,0,0,0.231216,0,0,0.0429574,0,0,0.274173,0,0,0,0,0,0,0,0,0,0,0,28.0925,353.349,0,0.000264266,0.004509,
1,10,19,0,0,0.221825,0,0,0,1.40685,0.809163,1.74082,0,0,0,4.17866,0,0,0,0,0.241257,0,0,0.04701,0,0,0.288267,0,0,0,0,0,0,0,0,0,0,0,28.0931,353.349,0,0.000264359,0.004509,
1,10,20,0.0565624,0,0.221825,0,0,0,1.9763,0.816149,1.80085,0,0,0,4.87168,0.0471291,0,0,0,0.0350725,0,0,0.0486311,0,0,0.130833,0,0,0,0,0,0,0,0,0,0,0,28.1003,353.349,0,0.000264341,0.004509,
1,10,21,0.155391,0,0.221825,0,0,0,1.89255,0.823135,1.86088,0.382647,0,0,5.33643,0.129475,0,0,0,0.043819,0,0,0.0502522,0,0,0.223546,0,0,0,0,0,0,0,0,0,0,0,28.1007,353.349,0,0.00026437,0.004509,
1,10,22,0.278055,0,0.221825,0,0,0,1.60783,0.816149,1.80085,0.382647,0,0,5.10736,0.231682,0,0,0,0.39711,0,0,0.0486311,0,0,0.677423,0,0,0,0,0,0,0,0,0,0,0,28.0992,353.349,0,0.000264265,0.004509,
1,10,23,0.45646,0,0.221825,0,0,0,1.05514,0.788205,1.56074,0.382647,0,0,4.46501,0.380333,0,0,0,0.0710931,0,0,0.042147,0,0,0.493573,0,0,0,0,0,0,0,0,0,0,0,28.0989,353.349,0,0.000263841,0.004509,
1,10,24,0.615202,0,0.221825,0,0,0,0.636433,0.763754,1.35064,0.382647,0,0,3.9705,0.512602,0,0,0,0.0758641,0,0,0.0364733,0,0,0.624939,0,0,0,0,0,0,0,0,0,0,0,28.026,353.349,0,0.00026131,0.004509,
1,11,1,0.737406,0,0.221825,0,0,0,0.385211,0.735811,1.11052,0,0,0,3.19078,0.614425,0,0,0,0.00264448,0,0,0.0299892,0,0,0.647059,0,0,0,0,0,0,0,0,0,0,0,28.7124,353.349,0,0.000289036,0.004509,
1,11,2,0.817327,0,0.221825,0,0,0,0.318218,0.728825,1.0505,0,0,0,3.13669,0.681016,0,0,0,0.00217658,0,0,0.0283681,0,0,0.711561,0,0,0,0,0,0,0,0,0,0,0,28.6152,353.349,0,0.000286462,0.004509,
1,11,3,0.886401,0,0.221825,0,0,0,0.251224,0.725332,1.02048,0,0,0,3.10526,0.738571,0,0,0,0.0103996,0,0,0.0275576,0,0,0.776528,0,0,0,0,0,0,0,0,0,0,0,28.0976,353.349,0,0.000276113,0.004509,
1,11,4,0.959766,0,0.221825,0,0,0,0.28472,0.725332,1.02048,0,0,0,3.21212,0.7997,0,0,0,0.00268161,0,0,0.0275576,0,0,0.829939,0,0,0,0,0,0,0,0,0,0,0,27.884,353.349,0,0.000267956,0.004509,
1,11,5,1.00887,0,0.221825,0,0,0,0.351715,0.718346,0.960451,0,0,0,3.26121,0.840616,0,0,0,0.00187877,0,0,0.0259366,0,0,0.868431,0,0,0,0,0,0,0,0,0,0,0,28.2183,353.349,0,0.000281019,0.004509,
1,11,6,1.015,0,0.221825,0,0,0,0.519197,0.732318,1.08051,0,0,0,3.56885,0.845723,0,0,0,0.00560603,0,0,0.0291787,0,0,0.880508,0,0,0,0,0,0,0,0,0,0,0,28.6275,353.349,0,0.000286026,0.004509,
1,11,7,1.00026,0,0.221825,0,0,0,0.703426,0.753275,1.26059,0,0,0,3.93938,0.833443,0,0,0,0.0208933,0,0,0.0340418,0,0,0.888378,0,0,0,0,0,0,0,0,0,0,0,28.7497,353.349,0,0.000289971,0.004509,
1,11,8,0.893365,0,0.221825,0,0,0,0.686679,0.760261,1.32062,0,0,0,3.88275,0.744372,0,0,0,0.160606,0,0,0.0356628,0,0,0.940641,0,0,0,0,0,0,0,0,0,0,0,28.7402,353.349,0,0.000289917,0.004509,
1,11,9,0.593309,0,0.221825,0,0,0,0.56944,0.735811,1.11052,0,0,0,3.23091,0.49436,0,0,0,0.367325,0,0,0.0299892,0,0,0.891674,0,0,0,0,0,0,0,0,0,0,0,24.4349,353.349,0,0.000177262,0.004509,
1,11,10,0.34272,0,0.221825,0,0,0,0.4857,0.718346,0.960451,0,0,0,2.72904,0.285562,0,0,0,0.977392,0,0,0.0259366,0,0,1.28889,0,0,0,0,0,0,0,0,0,0,0,23.2424,353.349,0,0.000120576,0.004509,
1,11,11,0.165042,0,0.221825,0,0,0,0.452204,0.721839,0.990466,0,0,0,2.55138,0.137517,0,0,0,0.528631,0,0,0.0267471,0,0,0.692895,0,0,0,0,0,0,0,0,0,0,0,23.1145,353.349,0,0.000111665,0.004509,
1,11,12,0.0621975,0,0.221825,0,0,0,0.418708,0.721839,0.990466,0,0,0,2.41503,0.0518245,0,0,0,0.134091,0,0,0.0267471,0,0,0.212663,0,0,0,0,0,0,0,0,0,0,0,23.1116,353.349,0,0.000107909,0.004509,
1,11,13,0.00880791,0,0.221825,0,0,0,0.351715,0.718346,0.960451,0,0,0,2.26114,0.00733897,0,0,0,0.38792,0,0,0.0259366,0,0,0.421196,0,0,0,0,0,0,0,0,0,0,0,23.1202,353.349,0,0.000108069,0.004509,
1,11,14,0,0,0.221825,0,0,0,0.351715,0.721839,0.990466,0,0,0,2.28584,0,0,0,0,0.372127,0,0,0.0267471,0,0,0.398874,0,0,0,0,0,0,0,0,0,0,0,23.1593,353.349,0,0.000109081,0.004509,
1,11,15,0,0,0.221825,0,0,0,0.351715,0.728825,1.0505,0,0,0,2.35286,0,0,0,0,0.142979,0,0,0.0283681,0,0,0.171347,0,0,0,0,0,0,0,0,0,0,0,23.2799,353.349,0,0.000111689,0.004509,
1,11,16,0,0,0.221825,0,0,0,0.435454,0.735811,1.11052,0,0,0,2.50361,0,0,0,0,0.0893954,0,0,0.0299892,0,0,0.119385,0,0,0,0,0,0,0,0,0,0,0,23.695,353.349,0,0.000124522,0.004509,
1,11,17,0,0,0.221825,0,0,0,0.519197,0.760261,1.32062,0,0,0,2.8219,0,0,0,0,0.220189,0,0,0.0356628,0,0,0.255852,0,0,0,0,0,0,0,0,0,0,0,26.5471,353.349,0,0.000230421,0.004509,
1,11,18,0,0,0.221825,0,0,0,0.736923,0.791698,1.59075,0,0,0,3.3412,0,0,0,0,0.463451,0,0,0.0429574,0,0,0.506408,0,0,0,0,0,0,0,0,0,0,0,29.0217,353.349,0,0.000305605,0.004509,
1,11,19,0,0,0.221825,0,0,0,1.40685,0.809163,1.74082,0,0,0,4.17866,0,0,0,0,0.307721,0,0,0.04701,0,0,0.354731,0,0,0,0,0,0,0,0,0,0,0,29.0292,353.349,0,0.00030564,0.004509,
1,11,20,0.0694801,0,0.221825,0,0,0,1.9763,0.816149,1.80085,0,0,0,4.8846,0.0578925,0,0,0,0.124824,0,0,0.0486311,0,0,0.231348,0,0,0,0,0,0,0,0,0,0,0,29.0285,353.349,0,0.000305612,0.004509,
1,11,21,0.133533,0,0.221825,0,0,0,1.89255,0.823135,1.86088,0.382647,0,0,5.31457,0.111263,0,0,0,0.103343,0,0,0.0502522,0,0,0.264858,0,0,0,0,0,0,0,0,0,0,0,29.0282,353.349,0,0.000305623,0.004509,
1,11,22,0.21974,0,0.221825,0,0,0,1.60783,0.816149,1.80085,0.382647,0,0,5.04904,0.183093,0,0,0,0.254029,0,0,0.0486311,0,0,0.485753,0,0,0,0,0,0,0,0,0,0,0,29.0003,353.349,0,0.000304701,0.004509,
1,11,23,0.435334,0,0.221825,0,0,0,1.05514,0.788205,1.56074,0.382647,0,0,4.44389,0.362732,0,0,0,0.0291124,0,0,0.042147,0,0,0.433991,0,0,0,0,0,0,0,0,0,0,0,28.9905,353.349,0,0.000304166,0.004509,
1,11,24,0.57233,0,0.221825,0,0,0,0.636433,0.763754,1.35064,0.382647,0,0,3.92763,0.47688,0,0,0,0.0867131,0,0,0.0364733,0,0,0.600066,0,0,0,0,0,0,0,0,0,0,0,28.9137,353.349,0,0.000303344,0.004509,
1,12,1,0.68238,0,0.221825,0,0,0,0.385211,0.735811,1.11052,0,0,0,3.13575,0.568575,0,0,0,0.0165352,0,0,0.0299892,0,0,0.615099,0,0,0,0,0,0,0,0,0,0,0,29.2206,353.349,0,0.000312994,0.004509,
1,12,2,0.80493,0,0.221825,0,0,0,0.318218,0.728825,1.0505,0,0,0,3.12429,0.670687,0,0,0,0,0,0,0.0283681,0,0,0.699055,0,0,0,0,0,0,0,0,0,0,0,29.0567,353.349,0,0.000308888,0.004509,
1,12,3,0.872916,0,0.221825,0,0,0,0.251224,0.725332,1.02048,0,0,0,3.09178,0.727336,0,0,0,0.00202124,0,0,0.0275576,0,0,0.756915,0,0,0,0,0,0,0,0,0,0,0,28.9377,353.349,0,0.00030718,0.004509,
1,12,4,0.928625,0,0.221825,0,0,0,0.28472,0.725332,1.02048,0,0,0,3.18098,0.773753,0,0,0,0,0,0,0.0275576,0,0,0.801311,0,0,0,0,0,0,0,0,0,0,0,28.9578,353.349,0,0.000307804,0.004509,
1,12,5,0.97422,0,0.221825,0,0,0,0.351715,0.718346,0.960451,0,0,0,3.22656,0.811745,0,0,0,0,0,0,0.0259366,0,0,0.837682,0,0,0,0,0,0,0,0,0,0,0,29.1707,353.349,0,0.000313177,0.004509,
1,12,6,0.943277,0,0.221825,0,0,0,0.519197,0.732318,1.08051,0,0,0,3.49713,0.78596,0,0,0,0,0,0,0.0291787,0,0,0.815139,0,0,0,0,0,0,0,0,0,0,0,29.2774,353.349,0,0.000316631,0.004509,
1,12,7,0.948945,0,0.221825,0,0,0,0.703426,0.753275,1.26059,0,0,0,3.88807,0.790684,0,0,0,0.282424,0,0,0.0340418,0,0,1.10715,0,0,0,0,0,0,0,0,0,0,0,29.3061,353.349,0,0.000316674,0.004509,
1,12,8,0.826975,0,0.221825,0,0,0,0.686679,0.760261,1.32062,0,0,0,3.81636,0.689057,0,0,0,0.547092,0,0,0.0356628,0,0,1.27181,0,0,0,0,0,0,0,0,0,0,0,29.2768,353.349,0,0.000315219,0.004509,
1,12,9,0.539593,0,0.221825,0,0,0,0.56944,0.735811,1.11052,0,0,0,3.17719,0.449602,0,0,0,0.380979,0,0,0.0299892,0,0,0.86057,0,0,0,0,0,0,0,0,0,0,0,26.7356,353.349,0,0.000265143,0.004509,
1,12,10,0.305141,0,0.221825,0,0,0,0.4857,0.718346,0.960451,0,0,0,2.69146,0.254251,0,0,0,0.314444,0,0,0.0259366,0,0,0.594632,0,0,0,0,0,0,0,0,0,0,0,25.122,353.349,0,0.000195384,0.004509,
1,12,11,0.144496,0,0.221825,0,0,0,0.452204,0.721839,0.990466,0,0,0,2.53083,0.120398,0,0,0,0.0840415,0,0,0.0267471,0,0,0.231187,0,0,0,0,0,0,0,0,0,0,0,24.9146,353.349,0,0.000185966,0.004509,
1,12,12,0.0347304,0,0.221825,0,0,0,0.418708,0.721839,0.990466,0,0,0,2.38757,0.0289382,0,0,0,0.129341,0,0,0.0267471,0,0,0.185026,0,0,0,0,0,0,0,0,0,0,0,24.8168,353.349,0,0.000183998,0.004509,
1,12,13,0.00669382,0,0.221825,0,0,0,0.351715,0.718346,0.960451,0,0,0,2.25903,0.00557746,0,0,0,0.100489,0,0,0.0259366,0,0,0.132003,0,0,0,0,0,0,0,0,0,0,0,24.8099,353.349,0,0.000183733,0.004509,
1,12,14,0,0,0.221825,0,0,0,0.351715,0.721839,0.990466,0,0,0,2.28584,0,0,0,0,0.0392254,0,0,0.0267471,0,0,0.0659725,0,0,0,0,0,0,0,0,0,0,0,24.8298,353.349,0,0.000184797,0.004509,
1,12,15,0,0,0.221825,0,0,0,0.351715,0.728825,1.0505,0,0,0,2.35286,0,0,0,0,0.551502,0,0,0.0283681,0,0,0.57987,0,0,0,0,0,0,0,0,0,0,0,25.0386,353.349,0,0.000189396,0.004509,
1,12,16,0,0,0.221825,0,0,0,0.435454,0.735811,1.11052,0,0,0,2.50361,0,0,0,0,0.269918,0,0,0.0299892,0,0,0.299907,0,0,0,0,0,0,0,0,0,0,0,25.5267,353.349,0,0.000201102,0.004509,
1,12,17,0,0,0.221825,0,0,0,0.519197,0.760261,1.32062,0,0,0,2.8219,0,0,0,0,0.159509,0,0,0.0356628,0,0,0.195172,0,0,0,0,0,0,0,0,0,0,0,29.3552,353.349,0,0.000320969,0.004509,
1,12,18,0,0,0.221825,0,0,0,0.736923,0.791698,1.59075,0,0,0,3.3412,0,0,0,0,0.104819,0,0,0.0429574,0,0,0.147776,0,0,0,0,0,0,0,0,0,0,0,29.5106,353.349,0,0.000322923,0.004509,
1,12,19,0.0173643,0,0.221825,0,0,0,1.40685,0.809163,1.74082,0,0,0,4.19603,0.0144684,0,0,0,0.431419,0,0,0.04701,0,0,0.492897,0,0,0,0,0,0,0,0,0,0,0,29.5121,353.349,0,0.000323015,0.004509,
1,12,20,0.10302,0,0.221825,0,0,0,1.9763,0.816149,1.80085,0,0,0,4.91814,0.0858384,0,0,0,0.180605,0,0,0.0486311,0,0,0.315075,0,0,0,0,0,0,0,0,0,0,0,29.5108,353.349,0,0.000322995,0.004509,
1,12,21,0.145277,0,0.221825,0,0,0,1.89255,0.823135,1.86088,0.382647,0,0,5.32631,0.121048,0,0,0,0.196454,0,0,0.0502522,0,0,0.367754,0,0,0,0,0,0,0,0,0,0,0,29.4801,353.349,0,0.000321246,0.004509,
1,12,22,0.251766,0,0.221825,0,0,0,1.60783,0.816149,1.80085,0.382647,0,0,5.08107,0.209778,0,0,0,0.10993,0,0,0.0486311,0,0,0.368339,0,0,0,0,0,0,0,0,0,0,0,29.4735,353.349,0,0.000321107,0.004509,
1,12,23,0.369903,0,0.221825,0,0,0,1.05514,0.788205,1.56074,0.382647,0,0,4.37846,0.308212,0,0,0,0.19127,0,0,0.042147,0,0,0.541629,0,0,0,0,0,0,0,0,0,0,0,29.4293,353.349,0,0.00031908,0.004509,
1,12,24,0.534074,0,0.221825,0,0,0,0.636433,0.763754,1.35064,0.382647,0,0,3.88937,0.445002,0,0,0,0.0126505,0,0,0.0364733,0,0,0.494126,0,0,0,0,0,0,0,0,0,0,0,29.3534,353.349,0,0.000317983,0.004509,
1,13,1,0.697183,0,0.221825,0,0,0,0.385211,0.735811,1.11052,0,0,0,3.15055,0.58091,0,0,0,0.00720789,0,0,0.0299892,0,0,0.618107,0,0,0,0,0,0,0,0,0,0,0,29.1003,353.349,0,0.000307789,0.004509,
1,13,2,0.750117,0,0.221825,0,0,0,0.318218,0.728825,1.0505,0,0,0,3.06948,0.625016,0,0,0,0.000544935,0,0,0.0283681,0,0,0.653929,0,0,0,0,0,0,0,0,0,0,0,29.06,353.349,0,0.000306601,0.004509,
1,13,3,0.815176,0,0.221825,0,0,0,0.251224,0.725332,1.02048,0,0,0,3.03404,0.679224,0,0,0,0,0,0,0.0275576,0,0,0.706782,0,0,0,0,0,0,0,0,0,0,0,28.7333,353.349,0,0.000302827,0.004509,
1,13,4,0.883505,0,0.221825,0,0,0,0.28472,0.725332,1.02048,0,0,0,3.13586,0.736158,0,0,0,0,0,0,0.0275576,0,0,0.763716,0,0,0,0,0,0,0,0,0,0,0,28.56,353.349,0,0.000297126,0.004509,
1,13,5,0.909393,0,0.221825,0,0,0,0.351715,0.718346,0.960451,0,0,0,3.16173,0.757728,0,0,0,0.00773897,0,0,0.0259366,0,0,0.791404,0,0,0,0,0,0,0,0,0,0,0,28.8303,353.349,0,0.000302961,0.004509,
1,13,6,0.913145,0,0.221825,0,0,0,0.519197,0.732318,1.08051,0,0,0,3.46699,0.760854,0,0,0,0.0859123,0,0,0.0291787,0,0,0.875945,0,0,0,0,0,0,0,0,0,0,0,29.427,353.349,0,0.000306957,0.004509,
1,13,7,0.919575,0,0.221825,0,0,0,0.703426,0.753275,1.26059,0,0,0,3.8587,0.766213,0,0,0,0.0111421,0,0,0.0340418,0,0,0.811397,0,0,0,0,0,0,0,0,0,0,0,34.8592,353.349,0,0.000308949,0.004509,
1,13,8,0.739525,0,0.221825,0,0,0,0.686679,0.760261,1.32062,0,0,0,3.72891,0.61619,0,0,0,0.716503,0,0,0.0356628,0,0,1.36836,0,0,0,0,0,0,0,0,0,0,0,29.0986,353.349,0,0.000309,0.004509,
1,13,9,0.479006,0,0.221825,0,0,0,0.56944,0.735811,1.11052,0,0,0,3.11661,0.39912,0,0,0,0.519576,0,0,0.0299892,0,0,0.948685,0,0,0,0,0,0,0,0,0,0,0,26.5459,353.349,0,0.000254961,0.004509,
1,13,10,0.264208,0,0.221825,0,0,0,0.4857,0.718346,0.960451,0,0,0,2.65053,0.220144,0,0,0,0.498245,0,0,0.0259366,0,0,0.744326,0,0,0,0,0,0,0,0,0,0,0,25.8459,353.349,0,0.000223541,0.004509,
1,13,11,0.104355,0,0.221825,0,0,0,0.452204,0.721839,0.990466,0,0,0,2.49069,0.0869514,0,0,0,0.203106,0,0,0.0267471,0,0,0.316805,0,0,0,0,0,0,0,0,0,0,0,25.1042,353.349,0,0.000188268,0.004509,
1,13,12,0.0178039,0,0.221825,0,0,0,0.418708,0.721839,0.990466,0,0,0,2.37064,0.0148347,0,0,0,0.242607,0,0,0.0267471,0,0,0.284189,0,0,0,0,0,0,0,0,0,0,0,25.1114,353.349,0,0.000186025,0.004509,
1,13,13,0,0,0.221825,0,0,0,0.351715,0.718346,0.960451,0,0,0,2.25234,0,0,0,0,0.0178006,0,0,0.0259366,0,0,0.0437372,0,0,0,0,0,0,0,0,0,0,0,25.1093,353.349,0,0.00018688,0.004509,
1,13,14,0,0,0.221825,0,0,0,0.351715,0.721839,0.990466,0,0,0,2.28584,0,0,0,0,0.0257273,0,0,0.0267471,0,0,0.0524744,0,0,0,0,0,0,0,0,0,0,0,25.1284,353.349,0,0.000187617,0.004509,
1,13,15,0,0,0.221825,0,0,0,0.351715,0.728825,1.0505,0,0,0,2.35286,0,0,0,0,0.00388827,0,0,0.0283681,0,0,0.0322564,0,0,0,0,0,0,0,0,0,0,0,25.3595,353.349,0,0.000192398,0.004509,
1,13,16,0,0,0.221825,0,0,0,0.435454,0.735811,1.11052,0,0,0,2.50361,0,0,0,0,0.191572,0,0,0.0299892,0,0,0.221561,0,0,0,0,0,0,0,0,0,0,0,25.7744,353.349,0,0.000201914,0.004509,
1,13,17,0,0,0.221825,0,0,0,0.519197,0.760261,1.32062,0,0,0,2.8219,0,0,0,0,0.0513239,0,0,0.0356628,0,0,0.0869867,0,0,0,0,0,0,0,0,0,0,0,28.8475,353.349,0,0.000304376,0.004509,
1,13,18,0,0,0.221825,0,0,0,0.736923,0.791698,1.59075,0,0,0,3.3412,0,0,0,0,0.140602,0,0,0.0429574,0,0,0.183559,0,0,0,0,0,0,0,0,0,0,0,29.28,353.349,0,0.0003139,0.004509,
1,13,19,0,0,0.221825,0,0,0,1.40685,0.809163,1.74082,0,0,0,4.17866,0,0,0,0,0.262913,0,0,0.04701,0,0,0.309923,0,0,0,0,0,0,0,0,0,0,0,29.2813,353.349,0,0.000313962,0.004509,
1,13,20,0.00103886,0,0.221825,0,0,0,1.9763,0.816149,1.80085,0,0,0,4.81616,0.000865603,0,0,0,0.0160458,0,0,0.0486311,0,0,0.0655425,0,0,0,0,0,0,0,0,0,0,0,29.2843,353.349,0,0.000314015,0.004509,
1,13,21,0.0834809,0,0.221825,0,0,0,1.89255,0.823135,1.86088,0.382647,0,0,5.26452,0.0695584,0,0,0,0.282122,0,0,0.0502522,0,0,0.401933,0,0,0,0,0,0,0,0,0,0,0,29.2613,353.349,0,0.000312372,0.004509,
1,13,22,0.1315,0,0.221825,0,0,0,1.60783,0.816149,1.80085,0.382647,0,0,4.9608,0.109569,0,0,0,0.0412875,0,0,0.0486311,0,0,0.199488,0,0,0,0,0,0,0,0,0,0,0,29.2577,353.349,0,0.000312151,0.004509,
1,13,23,0.263347,0,0.221825,0,0,0,1.05514,0.788205,1.56074,0.382647,0,0,4.2719,0.219427,0,0,0,0.0423314,0,0,0.042147,0,0,0.303905,0,0,0,0,0,0,0,0,0,0,0,29.1789,353.349,0,0.000309411,0.004509,
1,13,24,0.487087,0,0.221825,0,0,0,0.636433,0.763754,1.35064,0.382647,0,0,3.84238,0.405852,0,0,0,0.0781278,0,0,0.0364733,0,0,0.520453,0,0,0,0,0,0,0,0,0,0,0,29.1209,353.349,0,0.000308237,0.004509,
1,14,1,0.603244,0,0.221825,0,0,0,0.385211,0.735811,1.11052,0,0,0,3.05662,0.502638,0,0,0,0.00105605,0,0,0.0299892,0,0,0.533683,0,0,0,0,0,0,0,0,0,0,0,29.0557,353.349,0,0.000304575,0.004509,
1,14,2,0.672606,0,0.221825,0,0,0,0.318218,0.728825,1.0505,0,0,0,2.99197,0.560433,0,0,0,0.00333445,0,0,0.0283681,0,0,0.592136,0,0,0,0,0,0,0,0,0,0,0,29.0196,353.349,0,0.00030259,0.004509,
1,14,3,0.751325,0,0.221825,0,0,0,0.251224,0.725332,1.02048,0,0,0,2.97019,0.626023,0,0,0,0.0292511,0,0,0.0275576,0,0,0.682832,0,0,0,0,0,0,0,0,0,0,0,28.8965,353.349,0,0.000298408,0.004509,
1,14,4,0.83471,0,0.221825,0,0,0,0.28472,0.725332,1.02048,0,0,0,3.08707,0.695501,0,0,0,0,0,0,0.0275576,0,0,0.723059,0,0,0,0,0,0,0,0,0,0,0,28.7888,353.349,0,0.000292313,0.004509,
1,14,5,0.909918,0,0.221825,0,0,0,0.351715,0.718346,0.960451,0,0,0,3.16225,0.758167,0,0,0,0,0,0,0.0259366,0,0,0.784104,0,0,0,0,0,0,0,0,0,0,0,28.8489,353.349,0,0.000298512,0.004509,
1,14,6,0.935519,0,0.221825,0,0,0,0.519197,0.732318,1.08051,0,0,0,3.48937,0.779498,0,0,0,0.00285174,0,0,0.0291787,0,0,0.811528,0,0,0,0,0,0,0,0,0,0,0,28.9866,353.349,0,0.000301939,0.004509,
1,14,7,0.906433,0,0.221825,0,0,0,0.703426,0.753275,1.26059,0,0,0,3.84555,0.755264,0,0,0,0.28937,0,0,0.0340418,0,0,1.07868,0,0,0,0,0,0,0,0,0,0,0,29.0323,353.349,0,0.000305242,0.004509,
1,14,8,0.6882,0,0.221825,0,0,0,0.686679,0.760261,1.32062,0,0,0,3.67759,0.573425,0,0,0,0.412803,0,0,0.0356628,0,0,1.02189,0,0,0,0,0,0,0,0,0,0,0,29.0098,353.349,0,0.000304555,0.004509,
1,14,9,0.418573,0,0.221825,0,0,0,0.56944,0.735811,1.11052,0,0,0,3.05617,0.348765,0,0,0,0.362143,0,0,0.0299892,0,0,0.740897,0,0,0,0,0,0,0,0,0,0,0,26.0258,353.349,0,0.000238607,0.004509,
1,14,10,0.222415,0,0.221825,0,0,0,0.4857,0.718346,0.960451,0,0,0,2.60874,0.185322,0,0,0,0.507021,0,0,0.0259366,0,0,0.71828,0,0,0,0,0,0,0,0,0,0,0,24.7072,353.349,0,0.000188513,0.004509,
1,14,11,0.0909282,0,0.221825,0,0,0,0.452204,0.721839,0.990466,0,0,0,2.47726,0.0757636,0,0,0,0.121226,0,0,0.0267471,0,0,0.223737,0,0,0,0,0,0,0,0,0,0,0,24.6127,353.349,0,0.000181311,0.004509,
1,14,12,0.0118299,0,0.221825,0,0,0,0.418708,0.721839,0.990466,0,0,0,2.36467,0.00985694,0,0,0,0.314805,0,0,0.0267471,0,0,0.351409,0,0,0,0,0,0,0,0,0,0,0,24.6126,353.349,0,0.000179505,0.004509,
1,14,13,0,0,0.221825,0,0,0,0.351715,0.718346,0.960451,0,0,0,2.25234,0,0,0,0,0.128734,0,0,0.0259366,0,0,0.154671,0,0,0,0,0,0,0,0,0,0,0,24.6088,353.349,0,0.000180072,0.004509,
1,14,14,0,0,0.221825,0,0,0,0.351715,0.721839,0.990466,0,0,0,2.28584,0,0,0,0,0.170347,0,0,0.0267471,0,0,0.197094,0,0,0,0,0,0,0,0,0,0,0,24.6344,353.349,0,0.000181452,0.004509,
1,14,15,0,0,0.221825,0,0,0,0.351715,0.728825,1.0505,0,0,0,2.35286,0,0,0,0,0.110749,0,0,0.0283681,0,0,0.139117,0,0,0,0,0,0,0,0,0,0,0,24.8344,353.349,0,0.000189738,0.004509,
1,14,16,0,0,0.221825,0,0,0,0.435454,0.735811,1.11052,0,0,0,2.50361,0,0,0,0,0.120511,0,0,0.0299892,0,0,0.1505,0,0,0,0,0,0,0,0,0,0,0,25.3465,353.349,0,0.000209779,0.004509,
1,14,17,0,0,0.221825,0,0,0,0.519197,0.760261,1.32062,0,0,0,2.8219,0,0,0,0,0.244555,0,0,0.0356628,0,0,0.280218,0,0,0,0,0,0,0,0,0,0,0,28.995,353.349,0,0.000308149,0.004509,
1,14,18,0,0,0.221825,0,0,0,0.736923,0.791698,1.59075,0,0,0,3.3412,0,0,0,0,0.0264486,0,0,0.0429574,0,0,0.069406,0,0,0,0,0,0,0,0,0,0,0,29.1989,353.349,0,0.000311879,0.004509,
1,14,19,0,0,0.221825,0,0,0,1.40685,0.809163,1.74082,0,0,0,4.17866,0,0,0,0,0.137212,0,0,0.04701,0,0,0.184222,0,0,0,0,0,0,0,0,0,0,0,29.2019,353.349,0,0.000311987,0.004509,
1,14,20,0,0,0.221825,0,0,0,1.9763,0.816149,1.80085,0,0,0,4.81512,0,0,0,0,0.0730096,0,0,0.0486311,0,0,0.121641,0,0,0,0,0,0,0,0,0,0,0,29.2025,353.349,0,0.00031201,0.004509,
1,14,21,0.0350548,0,0.221825,0,0,0,1.89255,0.823135,1.86088,0.382647,0,0,5.21609,0.0292085,0,0,0,0.299212,0,0,0.0502522,0,0,0.378673,0,0,0,0,0,0,0,0,0,0,0,29.1708,353.349,0,0.000310348,0.004509,
1,14,22,0.139052,0,0.221825,0,0,0,1.60783,0.816149,1.80085,0.382647,0,0,4.96835,0.115862,0,0,0,0.138798,0,0,0.0486311,0,0,0.303291,0,0,0,0,0,0,0,0,0,0,0,29.1443,353.349,0,0.000309778,0.004509,
1,14,23,0.218456,0,0.221825,0,0,0,1.05514,0.788205,1.56074,0.382647,0,0,4.22701,0.182023,0,0,0,0.135541,0,0,0.042147,0,0,0.359711,0,0,0,0,0,0,0,0,0,0,0,29.0259,353.349,0,0.000304322,0.004509,
1,14,24,0.421023,0,0.221825,0,0,0,0.636433,0.763754,1.35064,0.382647,0,0,3.77632,0.350807,0,0,0,0.0320385,0,0,0.0364733,0,0,0.419319,0,0,0,0,0,0,0,0,0,0,0,29.0149,353.349,0,0.000303143,0.004509,
1,15,1,0.564018,0,0.221825,0,0,0,0.385211,0.735811,1.11052,0,0,0,3.01739,0.469955,0,0,0,0.0749901,0,0,0.0299892,0,0,0.574934,0,0,0,0,0,0,0,0,0,0,0,29.4212,353.349,0,0.000317155,0.004509,
1,15,2,0.643148,0,0.221825,0,0,0,0.318218,0.728825,1.0505,0,0,0,2.96251,0.535885,0,0,0,0.0400139,0,0,0.0283681,0,0,0.604267,0,0,0,0,0,0,0,0,0,0,0,28.8737,353.349,0,0.000298259,0.004509,
1,15,3,0.73165,0,0.221825,0,0,0,0.251224,0.725332,1.02048,0,0,0,2.95051,0.60963,0,0,0,0.0202315,0,0,0.0275576,0,0,0.657419,0,0,0,0,0,0,0,0,0,0,0,28.7184,353.349,0,0.000296378,0.004509,
1,15,4,0.791073,0,0.221825,0,0,0,0.28472,0.725332,1.02048,0,0,0,3.04343,0.65914,0,0,0,0,0,0,0.0275576,0,0,0.686698,0,0,0,0,0,0,0,0,0,0,0,28.7365,353.349,0,0.000296535,0.004509,
1,15,5,0.827591,0,0.221825,0,0,0,0.351715,0.718346,0.960451,0,0,0,3.07993,0.689569,0,0,0,0,0,0,0.0259366,0,0,0.715506,0,0,0,0,0,0,0,0,0,0,0,29.1001,353.349,0,0.000307493,0.004509,
1,15,6,0.835572,0,0.221825,0,0,0,0.519197,0.732318,1.08051,0,0,0,3.38942,0.696218,0,0,0,0.00567873,0,0,0.0291787,0,0,0.731075,0,0,0,0,0,0,0,0,0,0,0,29.4923,353.349,0,0.000320536,0.004509,
1,15,7,0.832213,0,0.221825,0,0,0,0.703426,0.753275,1.26059,0,0,0,3.77133,0.69342,0,0,0,0.201153,0,0,0.0340418,0,0,0.928615,0,0,0,0,0,0,0,0,0,0,0,29.4994,353.349,0,0.000320682,0.004509,
1,15,8,0.805686,0,0.221825,0,0,0,0.686679,0.760261,1.32062,0,0,0,3.79507,0.671316,0,0,0,0.370302,0,0,0.0356628,0,0,1.07728,0,0,0,0,0,0,0,0,0,0,0,29.5034,353.349,0,0.000320856,0.004509,
1,15,9,0.649578,0,0.221825,0,0,0,0.56944,0.735811,1.11052,0,0,0,3.28718,0.541243,0,0,0,0.12985,0,0,0.0299892,0,0,0.701082,0,0,0,0,0,0,0,0,0,0,0,26.1491,353.349,0,0.000237301,0.004509,
1,15,10,0.324549,0,0.221825,0,0,0,0.4857,0.718346,0.960451,0,0,0,2.71087,0.270423,0,0,0,0.307244,0,0,0.0259366,0,0,0.603604,0,0,0,0,0,0,0,0,0,0,0,25.2736,353.349,0,0.000211397,0.004509,
1,15,11,0.1519,0,0.221825,0,0,0,0.452204,0.721839,0.990466,0,0,0,2.53823,0.126567,0,0,0,0.0492048,0,0,0.0267471,0,0,0.202519,0,0,0,0,0,0,0,0,0,0,0,25.0898,353.349,0,0.000199305,0.004509,
1,15,12,0.0458444,0,0.221825,0,0,0,0.418708,0.721839,0.990466,0,0,0,2.39868,0.0381987,0,0,0,0.169738,0,0,0.0267471,0,0,0.234684,0,0,0,0,0,0,0,0,0,0,0,25.1191,353.349,0,0.000196625,0.004509,
1,15,13,0.00176207,0,0.221825,0,0,0,0.351715,0.718346,0.960451,0,0,0,2.2541,0.0014682,0,0,0,0.0968872,0,0,0.0259366,0,0,0.124292,0,0,0,0,0,0,0,0,0,0,0,25.123,353.349,0,0.000194823,0.004509,
1,15,14,0,0,0.221825,0,0,0,0.351715,0.721839,0.990466,0,0,0,2.28584,0,0,0,0,0.0376019,0,0,0.0267471,0,0,0.064349,0,0,0,0,0,0,0,0,0,0,0,25.1531,353.349,0,0.000195594,0.004509,
1,15,15,0,0,0.221825,0,0,0,0.351715,0.728825,1.0505,0,0,0,2.35286,0,0,0,0,0.452502,0,0,0.0283681,0,0,0.48087,0,0,0,0,0,0,0,0,0,0,0,25.3603,353.349,0,0.000200092,0.004509,
1,15,16,0,0,0.221825,0,0,0,0.435454,0.735811,1.11052,0,0,0,2.50361,0,0,0,0,0.0847407,0,0,0.0299892,0,0,0.11473,0,0,0,0,0,0,0,0,0,0,0,25.7256,353.349,0,0.000207315,0.004509,
1,15,17,0,0,0.221825,0,0,0,0.519197,0.760261,1.32062,0,0,0,2.8219,0,0,0,0,0.442049,0,0,0.0356628,0,0,0.477712,0,0,0,0,0,0,0,0,0,0,0,27.9466,353.349,0,0.000264106,0.004509,
1,15,18,0,0,0.221825,0,0,0,0.736923,0.791698,1.59075,0,0,0,3.3412,0,0,0,0,0.0759165,0,0,0.0429574,0,0,0.118874,0,0,0,0,0,0,0,0,0,0,0,29.6683,353.349,0,0.000326532,0.004509,
1,15,19,0,0,0.221825,0,0,0,1.40685,0.809163,1.74082,0,0,0,4.17866,0,0,0,0,0.120102,0,0,0.04701,0,0,0.167112,0,0,0,0,0,0,0,0,0,0,0,29.6696,353.349,0,0.000326555,0.004509,
1,15,20,0.011413,0,0.221825,0,0,0,1.9763,0.816149,1.80085,0,0,0,4.82653,0.00950963,0,0,0,0.103438,0,0,0.0486311,0,0,0.161579,0,0,0,0,0,0,0,0,0,0,0,29.671,353.349,0,0.000326598,0.004509,
1,15,21,0.110383,0,0.221825,0,0,0,1.89255,0.823135,1.86088,0.382647,0,0,5.29142,0.091974,0,0,0,0.0697293,0,0,0.0502522,0,0,0.211955,0,0,0,0,0,0,0,0,0,0,0,29.6383,353.349,0,0.000324776,0.004509,
1,15,22,0.199064,0,0.221825,0,0,0,1.60783,0.816149,1.80085,0.382647,0,0,5.02837,0.165865,0,0,0,0.145107,0,0,0.0486311,0,0,0.359603,0,0,0,0,0,0,0,0,0,0,0,29.6381,353.349,0,0.000324728,0.004509,
1,15,23,0.374396,0,0.221825,0,0,0,1.05514,0.788205,1.56074,0.382647,0,0,4.38295,0.311956,0,0,0,0.218299,0,0,0.042147,0,0,0.572402,0,0,0,0,0,0,0,0,0,0,0,29.5273,353.349,0,0.000320745,0.004509,
1,15,24,0.503285,0,0.221825,0,0,0,0.636433,0.763754,1.35064,0.382647,0,0,3.85858,0.41935,0,0,0,0.0141486,0,0,0.0364733,0,0,0.469972,0,0,0,0,0,0,0,0,0,0,0,29.4529,353.349,0,0.000318791,0.004509,
1,16,1,0.621445,0,0.221825,0,0,0,0.385211,0.735811,1.11052,0,0,0,3.07482,0.517802,0,0,0,0.0167052,0,0,0.0299892,0,0,0.564496,0,0,0,0,0,0,0,0,0,0,0,28.552,353.349,0,0.000289298,0.004509,
1,16,2,0.745085,0,0.221825,0,0,0,0.318218,0.728825,1.0505,0,0,0,3.06445,0.620823,0,0,0,0.043942,0,0,0.0283681,0,0,0.693133,0,0,0,0,0,0,0,0,0,0,0,28.7662,353.349,0,0.000292838,0.004509,
1,16,3,0.854341,0,0.221825,0,0,0,0.251224,0.725332,1.02048,0,0,0,3.0732,0.711858,0,0,0,0.0332738,0,0,0.0275576,0,0,0.772689,0,0,0,0,0,0,0,0,0,0,0,28.3699,353.349,0,0.000279835,0.004509,
1,16,4,0.915419,0,0.221825,0,0,0,0.28472,0.725332,1.02048,0,0,0,3.16778,0.762749,0,0,0,0,0,0,0.0275576,0,0,0.790307,0,0,0,0,0,0,0,0,0,0,0,28.6101,353.349,0,0.000290807,0.004509,
1,16,5,0.967081,0,0.221825,0,0,0,0.351715,0.718346,0.960451,0,0,0,3.21942,0.805795,0,0,0,0,0,0,0.0259366,0,0,0.831732,0,0,0,0,0,0,0,0,0,0,0,28.722,353.349,0,0.000292774,0.004509,
1,16,6,0.975155,0,0.221825,0,0,0,0.519197,0.732318,1.08051,0,0,0,3.529,0.812523,0,0,0,0.0130156,0,0,0.0291787,0,0,0.854717,0,0,0,0,0,0,0,0,0,0,0,29.0062,353.349,0,0.000299372,0.004509,
1,16,7,0.946131,0,0.221825,0,0,0,0.703426,0.753275,1.26059,0,0,0,3.88525,0.78834,0,0,0,0.203946,0,0,0.0340418,0,0,1.02633,0,0,0,0,0,0,0,0,0,0,0,29.0111,353.349,0,0.000299616,0.004509,
1,16,8,0.742116,0,0.221825,0,0,0,0.686679,0.760261,1.32062,0,0,0,3.7315,0.618349,0,0,0,0.333969,0,0,0.0356628,0,0,0.987981,0,0,0,0,0,0,0,0,0,0,0,29.0087,353.349,0,0.000299631,0.004509,
1,16,9,0.502817,0,0.221825,0,0,0,0.56944,0.735811,1.11052,0,0,0,3.14042,0.41896,0,0,0,0.165465,0,0,0.0299892,0,0,0.614414,0,0,0,0,0,0,0,0,0,0,0,26.2506,353.349,0,0.000239983,0.004509,
1,16,10,0.292331,0,0.221825,0,0,0,0.4857,0.718346,0.960451,0,0,0,2.67865,0.243577,0,0,0,0.289352,0,0,0.0259366,0,0,0.558866,0,0,0,0,0,0,0,0,0,0,0,24.3617,353.349,0,0.000185244,0.004509,
1,16,11,0.096396,0,0.221825,0,0,0,0.452204,0.721839,0.990466,0,0,0,2.48273,0.0803195,0,0,0,0.0394154,0,0,0.0267471,0,0,0.146482,0,0,0,0,0,0,0,0,0,0,0,24.1283,353.349,0,0.000167913,0.004509,
1,16,12,0.0035403,0,0.221825,0,0,0,0.418708,0.721839,0.990466,0,0,0,2.35638,0.00294986,0,0,0,0.0159731,0,0,0.0267471,0,0,0.0456701,0,0,0,0,0,0,0,0,0,0,0,24.0655,353.349,0,0.000166572,0.004509,
1,16,13,0,0,0.221825,0,0,0,0.351715,0.718346,0.960451,0,0,0,2.25234,0,0,0,0,0.0300117,0,0,0.0259366,0,0,0.0559483,0,0,0,0,0,0,0,0,0,0,0,24.044,353.349,0,0.000164877,0.004509,
1,16,14,0,0,0.221825,0,0,0,0.351715,0.721839,0.990466,0,0,0,2.28584,0,0,0,0,0.0174019,0,0,0.0267471,0,0,0.044149,0,0,0,0,0,0,0,0,0,0,0,24.0588,353.349,0,0.000164849,0.004509,
1,16,15,0,0,0.221825,0,0,0,0.351715,0.728825,1.0505,0,0,0,2.35286,0,0,0,0,0.173828,0,0,0.0283681,0,0,0.202196,0,0,0,0,0,0,0,0,0,0,0,24.1537,353.349,0,0.000168386,0.004509,
1,16,16,0,0,0.221825,0,0,0,0.435454,0.735811,1.11052,0,0,0,2.50361,0,0,0,0,0.182777,0,0,0.0299892,0,0,0.212766,0,0,0,0,0,0,0,0,0,0,0,24.8624,353.349,0,0.000191687,0.004509,
1,16,17,0,0,0.221825,0,0,0,0.519197,0.760261,1.32062,0,0,0,2.8219,0,0,0,0,0.0942259,0,0,0.0356628,0,0,0.129889,0,0,0,0,0,0,0,0,0,0,0,28.2567,353.349,0,0.000291583,0.004509,
1,16,18,0,0,0.221825,0,0,0,0.736923,0.791698,1.59075,0,0,0,3.3412,0,0,0,0,0.0811608,0,0,0.0429574,0,0,0.124118,0,0,0,0,0,0,0,0,0,0,0,29.028,353.349,0,0.000303335,0.004509,
1,16,19,0,0,0.221825,0,0,0,1.40685,0.809163,1.74082,0,0,0,4.17866,0,0,0,0,0.0981343,0,0,0.04701,0,0,0.145144,0,0,0,0,0,0,0,0,0,0,0,29.0294,353.349,0,0.000303354,0.004509,
1,16,20,0.00131528,0,0.221825,0,0,0,1.9763,0.816149,1.80085,0,0,0,4.81643,0.00109593,0,0,0,0.0877361,0,0,0.0486311,0,0,0.137463,0,0,0,0,0,0,0,0,0,0,0,29.0281,353.349,0,0.000303324,0.004509,
1,16,21,0.0847488,0,0.221825,0,0,0,1.89255,0.823135,1.86088,0.382647,0,0,5.26578,0.0706148,0,0,0,0.356764,0,0,0.0502522,0,0,0.477631,0,0,0,0,0,0,0,0,0,0,0,28.9987,353.349,0,0.000301706,0.004509,
1,16,22,0.167782,0,0.221825,0,0,0,1.60783,0.816149,1.80085,0.382647,0,0,4.99708,0.1398,0,0,0,0.234668,0,0,0.0486311,0,0,0.423099,0,0,0,0,0,0,0,0,0,0,0,28.9972,353.349,0,0.000301732,0.004509,
1,16,23,0.307321,0,0.221825,0,0,0,1.05514,0.788205,1.56074,0.382647,0,0,4.31587,0.256068,0,0,0,0.296532,0,0,0.042147,0,0,0.594747,0,0,0,0,0,0,0,0,0,0,0,28.9521,353.349,0,0.000299765,0.004509,
1,16,24,0.479528,0,0.221825,0,0,0,0.636433,0.763754,1.35064,0.382647,0,0,3.83482,0.399556,0,0,0,0.00116073,0,0,0.0364733,0,0,0.43719,0,0,0,0,0,0,0,0,0,0,0,28.9346,353.349,0,0.000299068,0.004509,
1,17,1,0.622585,0,0.221825,0,0,0,0.385211,0.735811,1.11052,0,0,0,3.07596,0.518754,0,0,0,0.00126667,0,0,0.0299892,0,0,0.55001,0,0,0,0,0,0,0,0,0,0,0,28.9042,353.349,0,0.000296353,0.004509,
1,17,2,0.728564,0,0.221825,0,0,0,0.318218,0.728825,1.0505,0,0,0,3.04793,0.607058,0,0,0,0.00055628,0,0,0.0283681,0,0,0.635982,0,0,0,0,0,0,0,0,0,0,0,28.689,353.349,0,0.000292335,0.004509,
1,17,3,0.803681,0,0.221825,0,0,0,0.251224,0.725332,1.02048,0,0,0,3.02254,0.669645,0,0,0,0.0343579,0,0,0.0275576,0,0,0.731561,0,0,0,0,0,0,0,0,0,0,0,28.4205,353.349,0,0.000285449,0.004509,
1,17,4,0.886055,0,0.221825,0,0,0,0.28472,0.725332,1.02048,0,0,0,3.13841,0.738282,0,0,0,0.0232356,0,0,0.0275576,0,0,0.789075,0,0,0,0,0,0,0,0,0,0,0,28.3101,353.349,0,0.000284384,0.004509,
1,17,5,0.959745,0,0.221825,0,0,0,0.351715,0.718346,0.960451,0,0,0,3.21208,0.799682,0,0,0,0,0,0,0.0259366,0,0,0.825619,0,0,0,0,0,0,0,0,0,0,0,28.4283,353.349,0,0.000289909,0.004509,
1,17,6,0.970111,0,0.221825,0,0,0,0.519197,0.732318,1.08051,0,0,0,3.52396,0.808321,0,0,0,0,0,0,0.0291787,0,0,0.8375,0,0,0,0,0,0,0,0,0,0,0,28.4896,353.349,0,0.000292573,0.004509,
1,17,7,0.962579,0,0.221825,0,0,0,0.703426,0.753275,1.26059,0,0,0,3.9017,0.802044,0,0,0,0.394043,0,0,0.0340418,0,0,1.23013,0,0,0,0,0,0,0,0,0,0,0,28.3172,353.349,0,0.000291082,0.004509,
1,17,8,0.753816,0,0.221825,0,0,0,0.686679,0.760261,1.32062,0,0,0,3.7432,0.628099,0,0,0,0.221392,0,0,0.0356628,0,0,0.885154,0,0,0,0,0,0,0,0,0,0,0,27.8896,353.349,0,0.000284426,0.004509,
1,17,9,0.504751,0,0.221825,0,0,0,0.56944,0.735811,1.11052,0,0,0,3.14235,0.42057,0,0,0,0.364187,0,0,0.0299892,0,0,0.814746,0,0,0,0,0,0,0,0,0,0,0,24.1093,353.349,0,0.000184078,0.004509,
1,17,10,0.309481,0,0.221825,0,0,0,0.4857,0.718346,0.960451,0,0,0,2.6958,0.257868,0,0,0,0.442836,0,0,0.0259366,0,0,0.726641,0,0,0,0,0,0,0,0,0,0,0,23.2229,353.349,0,0.000147586,0.004509,
1,17,11,0.159067,0,0.221825,0,0,0,0.452204,0.721839,0.990466,0,0,0,2.5454,0.132539,0,0,0,0.309107,0,0,0.0267471,0,0,0.468393,0,0,0,0,0,0,0,0,0,0,0,22.9568,353.349,0,0.000140899,0.004509,
1,17,12,0.0489739,0,0.221825,0,0,0,0.418708,0.721839,0.990466,0,0,0,2.40181,0.0408062,0,0,0,0.241785,0,0,0.0267471,0,0,0.309338,0,0,0,0,0,0,0,0,0,0,0,22.8148,353.349,0,0.000137673,0.004509,
1,17,13,0.000123368,0,0.221825,0,0,0,0.351715,0.718346,0.960451,0,0,0,2.25246,0.000102793,0,0,0,0.094494,0,0,0.0259366,0,0,0.120533,0,0,0,0,0,0,0,0,0,0,0,22.77,353.349,0,0.000137595,0.004509,
1,17,14,0,0,0.221825,0,0,0,0.351715,0.721839,0.990466,0,0,0,2.28584,0,0,0,0,0.402471,0,0,0.0267471,0,0,0.429218,0,0,0,0,0,0,0,0,0,0,0,22.791,353.349,0,0.000138517,0.004509,
1,17,15,0,0,0.221825,0,0,0,0.351715,0.728825,1.0505,0,0,0,2.35286,0,0,0,0,0.0351305,0,0,0.0283681,0,0,0.0634986,0,0,0,0,0,0,0,0,0,0,0,22.8496,353.349,0,0.000139885,0.004509,
1,17,16,0,0,0.221825,0,0,0,0.435454,0.735811,1.11052,0,0,0,2.50361,0,0,0,0,0.027787,0,0,0.0299892,0,0,0.0577762,0,0,0,0,0,0,0,0,0,0,0,23.0889,353.349,0,0.000144079,0.004509,
1,17,17,0,0,0.221825,0,0,0,0.519197,0.760261,1.32062,0,0,0,2.8219,0,0,0,0,0.0331451,0,0,0.0356628,0,0,0.0688079,0,0,0,0,0,0,0,0,0,0,0,25.8883,353.349,0,0.00020239,0.004509,
1,17,18,0,0,0.221825,0,0,0,0.736923,0.791698,1.59075,0,0,0,3.3412,0,0,0,0,0.0394073,0,0,0.0429574,0,0,0.0823647,0,0,0,0,0,0,0,0,0,0,0,28.7662,353.349,0,0.00029627,0.004509,
1,17,19,0.0142793,0,0.221825,0,0,0,1.40685,0.809163,1.74082,0,0,0,4.19294,0.0118979,0,0,0,0.319768,0,0,0.04701,0,0,0.378676,0,0,0,0,0,0,0,0,0,0,0,28.7643,353.349,0,0.000296219,0.004509,
1,17,20,0.0950671,0,0.221825,0,0,0,1.9763,0.816149,1.80085,0,0,0,4.91019,0.0792123,0,0,0,0.388173,0,0,0.0486311,0,0,0.516016,0,0,0,0,0,0,0,0,0,0,0,28.765,353.349,0,0.000296141,0.004509,
1,17,21,0.185483,0,0.221825,0,0,0,1.89255,0.823135,1.86088,0.382647,0,0,5.36652,0.154549,0,0,0,0.188988,0,0,0.0502522,0,0,0.393789,0,0,0,0,0,0,0,0,0,0,0,28.7642,353.349,0,0.000296137,0.004509,
1,17,22,0.3675,0,0.221825,0,0,0,1.60783,0.816149,1.80085,0.382647,0,0,5.1968,0.306211,0,0,0,0.458498,0,0,0.0486311,0,0,0.81334,0,0,0,0,0,0,0,0,0,0,0,28.7621,353.349,0,0.000296033,0.004509,
1,17,23,0.510185,0,0.221825,0,0,0,1.05514,0.788205,1.56074,0.382647,0,0,4.51874,0.425098,0,0,0,0.301063,0,0,0.042147,0,0,0.768308,0,0,0,0,0,0,0,0,0,0,0,28.7642,353.349,0,0.000295746,0.004509,
1,17,24,0.640826,0,0.221825,0,0,0,0.636433,0.763754,1.35064,0.382647,0,0,3.99612,0.533953,0,0,0,0.00565168,0,0,0.0364733,0,0,0.576078,0,0,0,0,0,0,0,0,0,0,0,28.7072,353.349,0,0.000295521,0.004509,
1,18,1,0.766272,0,0.221825,0,0,0,0.385211,0.735811,1.11052,0,0,0,3.21964,0.638475,0,0,0,0.00287744,0,0,0.0299892,0,0,0.671342,0,0,0,0,0,0,0,0,0,0,0,29.0322,353.349,0,0.000304797,0.004509,
1,18,2,0.860747,0,0.221825,0,0,0,0.318218,0.728825,1.0505,0,0,0,3.18011,0.717195,0,0,0,0.00119218,0,0,0.0283681,0,0,0.746755,0,0,0,0,0,0,0,0,0,0,0,28.9747,353.349,0,0.000303732,0.004509,
1,18,3,0.924683,0,0.221825,0,0,0,0.251224,0.725332,1.02048,0,0,0,3.14354,0.770468,0,0,0,0.00935166,0,0,0.0275576,0,0,0.807377,0,0,0,0,0,0,0,0,0,0,0,28.8985,353.349,0,0.000302168,0.004509,
1,18,4,0.976304,0,0.221825,0,0,0,0.28472,0.725332,1.02048,0,0,0,3.22866,0.813481,0,0,0,0.00101314,0,0,0.0275576,0,0,0.842052,0,0,0,0,0,0,0,0,0,0,0,28.9145,353.349,0,0.000302551,0.004509,
1,18,5,1.02191,0,0.221825,0,0,0,0.351715,0.718346,0.960451,0,0,0,3.27425,0.851482,0,0,0,0.00119218,0,0,0.0259366,0,0,0.878611,0,0,0,0,0,0,0,0,0,0,0,29.0444,353.349,0,0.000305282,0.004509,
1,18,6,1.00475,0,0.221825,0,0,0,0.519197,0.732318,1.08051,0,0,0,3.5586,0.837185,0,0,0,0.062888,0,0,0.0291787,0,0,0.929252,0,0,0,0,0,0,0,0,0,0,0,29.1937,353.349,0,0.000309505,0.004509,
1,18,7,0.973318,0,0.221825,0,0,0,0.703426,0.753275,1.26059,0,0,0,3.91244,0.810993,0,0,0,0.444828,0,0,0.0340418,0,0,1.28986,0,0,0,0,0,0,0,0,0,0,0,29.1923,353.349,0,0.000309567,0.004509,
1,18,8,0.932945,0,0.221825,0,0,0,0.686679,0.760261,1.32062,0,0,0,3.92233,0.777353,0,0,0,0.333684,0,0,0.0356628,0,0,1.1467,0,0,0,0,0,0,0,0,0,0,0,29.1891,353.349,0,0.000309662,0.004509,
1,18,9,0.726527,0,0.221825,0,0,0,0.56944,0.735811,1.11052,0,0,0,3.36413,0.605361,0,0,0,0.20838,0,0,0.0299892,0,0,0.84373,0,0,0,0,0,0,0,0,0,0,0,25.9488,353.349,0,0.00022308,0.004509,
1,18,10,0.451618,0,0.221825,0,0,0,0.4857,0.718346,0.960451,0,0,0,2.83794,0.3763,0,0,0,0.0704966,0,0,0.0259366,0,0,0.472733,0,0,0,0,0,0,0,0,0,0,0,24.7993,353.349,0,0.000179444,0.004509,
1,18,11,0.293933,0,0.221825,0,0,0,0.452204,0.721839,0.990466,0,0,0,2.68027,0.244913,0,0,0,0.363575,0,0,0.0267471,0,0,0.635235,0,0,0,0,0,0,0,0,0,0,0,24.4575,353.349,0,0.000166792,0.004509,
1,18,12,0.176951,0,0.221825,0,0,0,0.418708,0.721839,0.990466,0,0,0,2.52979,0.14744,0,0,0,0.18786,0,0,0.0267471,0,0,0.362047,0,0,0,0,0,0,0,0,0,0,0,24.4387,353.349,0,0.000165865,0.004509,
1,18,13,0.0931354,0,0.221825,0,0,0,0.351715,0.718346,0.960451,0,0,0,2.34547,0.0776028,0,0,0,0.0452083,0,0,0.0259366,0,0,0.148748,0,0,0,0,0,0,0,0,0,0,0,24.4489,353.349,0,0.000166594,0.004509,
1,18,14,0.0428473,0,0.221825,0,0,0,0.351715,0.721839,0.990466,0,0,0,2.32869,0.0357015,0,0,0,0.0224442,0,0,0.0267471,0,0,0.0848928,0,0,0,0,0,0,0,0,0,0,0,24.4605,353.349,0,0.000167083,0.004509,
1,18,15,0.057163,0,0.221825,0,0,0,0.351715,0.728825,1.0505,0,0,0,2.41002,0.0476295,0,0,0,0.148868,0,0,0.0283681,0,0,0.224866,0,0,0,0,0,0,0,0,0,0,0,24.8429,353.349,0,0.000174021,0.004509,
1,18,16,0.0616307,0,0.221825,0,0,0,0.435454,0.735811,1.11052,0,0,0,2.56525,0.0513522,0,0,0,0.0992502,0,0,0.0299892,0,0,0.180592,0,0,0,0,0,0,0,0,0,0,0,25.6161,353.349,0,0.0001952,0.004509,
1,18,17,0.0973913,0,0.221825,0,0,0,0.519197,0.760261,1.32062,0,0,0,2.9193,0.0811489,0,0,0,0.462874,0,0,0.0356628,0,0,0.579686,0,0,0,0,0,0,0,0,0,0,0,29.0936,353.349,0,0.000304947,0.004509,
1,18,18,0.115576,0,0.221825,0,0,0,0.736923,0.791698,1.59075,0,0,0,3.45677,0.096301,0,0,0,0.247948,0,0,0.0429574,0,0,0.387206,0,0,0,0,0,0,0,0,0,0,0,29.1973,353.349,0,0.00030917,0.004509,
1,18,19,0.0823242,0,0.221825,0,0,0,1.40685,0.809163,1.74082,0,0,0,4.26099,0.0685945,0,0,0,0.231103,0,0,0.04701,0,0,0.346707,0,0,0,0,0,0,0,0,0,0,0,29.1967,353.349,0,0.000309139,0.004509,
1,18,20,0.0718804,0,0.221825,0,0,0,1.9763,0.816149,1.80085,0,0,0,4.887,0.0598925,0,0,0,0.341135,0,0,0.0486311,0,0,0.449659,0,0,0,0,0,0,0,0,0,0,0,29.1954,353.349,0,0.000309078,0.004509,
1,18,21,0.104991,0,0.221825,0,0,0,1.89255,0.823135,1.86088,0.382647,0,0,5.28603,0.0874808,0,0,0,0.00220636,0,0,0.0502522,0,0,0.139939,0,0,0,0,0,0,0,0,0,0,0,29.1952,353.349,0,0.000309125,0.004509,
1,18,22,0.140314,0,0.221825,0,0,0,1.60783,0.816149,1.80085,0.382647,0,0,4.96962,0.116913,0,0,0,0.358084,0,0,0.0486311,0,0,0.523628,0,0,0,0,0,0,0,0,0,0,0,29.1937,353.349,0,0.00030912,0.004509,
1,18,23,0.227236,0,0.221825,0,0,0,1.05514,0.788205,1.56074,0.382647,0,0,4.23579,0.189339,0,0,0,0.272891,0,0,0.042147,0,0,0.504377,0,0,0,0,0,0,0,0,0,0,0,29.1957,353.349,0,0.000309187,0.004509,
1,18,24,0.366445,0,0.221825,0,0,0,0.636433,0.763754,1.35064,0.382647,0,0,3.72174,0.305331,0,0,0,0.0914123,0,0,0.0364733,0,0,0.433217,0,0,0,0,0,0,0,0,0,0,0,29.1904,353.349,0,0.000309104,0.004509,
1,19,1,0.501978,0,0.221825,0,0,0,0.385211,0.735811,1.11052,0,0,0,2.95535,0.418261,0,0,0,0,0,0,0.0299892,0,0,0.44825,0,0,0,0,0,0,0,0,0,0,0,28.9178,353.349,0,0.000306169,0.004509,
1,19,2,0.573218,0,0.221825,0,0,0,0.318218,0.728825,1.0505,0,0,0,2.89258,0.477618,0,0,0,0,0,0,0.0283681,0,0,0.505986,0,0,0,0,0,0,0,0,0,0,0,28.2354,353.349,0,0.000291474,0.004509,
1,19,3,0.625299,0,0.221825,0,0,0,0.251224,0.725332,1.02048,0,0,0,2.84416,0.521013,0,0,0,0.000608098,0,0,0.0275576,0,0,0.549179,0,0,0,0,0,0,0,0,0,0,0,28.0735,353.349,0,0.00028315,0.004509,
1,19,4,0.674103,0,0.221825,0,0,0,0.28472,0.725332,1.02048,0,0,0,2.92646,0.561679,0,0,0,0.00104249,0,0,0.0275576,0,0,0.590279,0,0,0,0,0,0,0,0,0,0,0,28.407,353.349,0,0.000288708,0.004509,
1,19,5,0.737679,0,0.221825,0,0,0,0.351715,0.718346,0.960451,0,0,0,2.99002,0.614653,0,0,0,0.1113,0,0,0.0259366,0,0,0.75189,0,0,0,0,0,0,0,0,0,0,0,28.8664,353.349,0,0.000306326,0.004509,
1,19,6,0.758388,0,0.221825,0,0,0,0.519197,0.732318,1.08051,0,0,0,3.31224,0.631908,0,0,0,0.673129,0,0,0.0291787,0,0,1.33422,0,0,0,0,0,0,0,0,0,0,0,29.0161,353.349,0,0.000309652,0.004509,
1,19,7,0.753127,0,0.221825,0,0,0,0.703426,0.753275,1.26059,0,0,0,3.69225,0.627525,0,0,0,0.314717,0,0,0.0340418,0,0,0.976284,0,0,0,0,0,0,0,0,0,0,0,29.0166,353.349,0,0.000309745,0.004509,
1,19,8,0.647321,0,0.221825,0,0,0,0.686679,0.760261,1.32062,0,0,0,3.63671,0.539364,0,0,0,0.334787,0,0,0.0356628,0,0,0.909814,0,0,0,0,0,0,0,0,0,0,0,29.0112,353.349,0,0.000309598,0.004509,
1,19,9,0.388939,0,0.221825,0,0,0,0.56944,0.735811,1.11052,0,0,0,3.02654,0.324074,0,0,0,0.395201,0,0,0.0299892,0,0,0.749264,0,0,0,0,0,0,0,0,0,0,0,27.7967,353.349,0,0.000276089,0.004509,
1,19,10,0.143073,0,0.221825,0,0,0,0.4857,0.718346,0.960451,0,0,0,2.5294,0.119212,0,0,0,0.607986,0,0,0.0259366,0,0,0.753135,0,0,0,0,0,0,0,0,0,0,0,25.094,353.349,0,0.000209093,0.004509,
1,19,11,0.0260975,0,0.221825,0,0,0,0.452204,0.721839,0.990466,0,0,0,2.41243,0.0217451,0,0,0,0.0646696,0,0,0.0267471,0,0,0.113162,0,0,0,0,0,0,0,0,0,0,0,24.6632,353.349,0,0.000182967,0.004509,
1,19,12,0,0,0.221825,0,0,0,0.418708,0.721839,0.990466,0,0,0,2.35284,0,0,0,0,0.452901,0,0,0.0267471,0,0,0.479648,0,0,0,0,0,0,0,0,0,0,0,24.3953,353.349,0,0.000178261,0.004509,
1,19,13,0,0,0.221825,0,0,0,0.351715,0.718346,0.960451,0,0,0,2.25234,0,0,0,0,0.134702,0,0,0.0259366,0,0,0.160639,0,0,0,0,0,0,0,0,0,0,0,24.389,353.349,0,0.00017749,0.004509,
1,19,14,0,0,0.221825,0,0,0,0.351715,0.721839,0.990466,0,0,0,2.28584,0,0,0,0,0.0734181,0,0,0.0267471,0,0,0.100165,0,0,0,0,0,0,0,0,0,0,0,24.3959,353.349,0,0.0001776,0.004509,
1,19,15,0,0,0.221825,0,0,0,0.351715,0.728825,1.0505,0,0,0,2.35286,0,0,0,0,0.0484182,0,0,0.0283681,0,0,0.0767863,0,0,0,0,0,0,0,0,0,0,0,24.5207,353.349,0,0.000180352,0.004509,
1,19,16,0,0,0.221825,0,0,0,0.435454,0.735811,1.11052,0,0,0,2.50361,0,0,0,0,0.0770044,0,0,0.0299892,0,0,0.106994,0,0,0,0,0,0,0,0,0,0,0,25.106,353.349,0,0.000206355,0.004509,
1,19,17,0,0,0.221825,0,0,0,0.519197,0.760261,1.32062,0,0,0,2.8219,0,0,0,0,0.475851,0,0,0.0356628,0,0,0.511514,0,0,0,0,0,0,0,0,0,0,0,26.1748,353.349,0,0.000209438,0.004509,
1,19,18,0,0,0.221825,0,0,0,0.736923,0.791698,1.59075,0,0,0,3.3412,0,0,0,0,0.0644109,0,0,0.0429574,0,0,0.107368,0,0,0,0,0,0,0,0,0,0,0,29.0168,353.349,0,0.000309437,0.004509,
1,19,19,0,0,0.221825,0,0,0,1.40685,0.809163,1.74082,0,0,0,4.17866,0,0,0,0,0.0327057,0,0,0.04701,0,0,0.0797157,0,0,0,0,0,0,0,0,0,0,0,29.0153,353.349,0,0.000309352,0.004509,
1,19,20,0,0,0.221825,0,0,0,1.9763,0.816149,1.80085,0,0,0,4.81512,0,0,0,0,0.231009,0,0,0.0486311,0,0,0.27964,0,0,0,0,0,0,0,0,0,0,0,29.0143,353.349,0,0.000309359,0.004509,
1,19,21,0.0723573,0,0.221825,0,0,0,1.89255,0.823135,1.86088,0.382647,0,0,5.25339,0.0602898,0,0,0,0.0435819,0,0,0.0502522,0,0,0.154124,0,0,0,0,0,0,0,0,0,0,0,29.0144,353.349,0,0.000309411,0.004509,
1,19,22,0.148127,0,0.221825,0,0,0,1.60783,0.816149,1.80085,0.382647,0,0,4.97743,0.123423,0,0,0,0.248441,0,0,0.0486311,0,0,0.420495,0,0,0,0,0,0,0,0,0,0,0,29.0049,353.349,0,0.000309308,0.004509,
1,19,23,0.280403,0,0.221825,0,0,0,1.05514,0.788205,1.56074,0.382647,0,0,4.28896,0.233639,0,0,0,0.0789634,0,0,0.042147,0,0,0.354749,0,0,0,0,0,0,0,0,0,0,0,29.0038,353.349,0,0.000309277,0.004509,
1,19,24,0.475018,0,0.221825,0,0,0,0.636433,0.763754,1.35064,0.382647,0,0,3.83031,0.395796,0,0,0,0.0577461,0,0,0.0364733,0,0,0.490015,0,0,0,0,0,0,0,0,0,0,0,28.9932,353.349,0,0.000308695,0.004509,
1,20,1,0.599575,0,0.221825,0,0,0,0.385211,0.735811,1.11052,0,0,0,3.05295,0.499581,0,0,0,0.00104148,0,0,0.0299892,0,0,0.530612,0,0,0,0,0,0,0,0,0,0,0,28.1357,353.349,0,0.000267508,0.004509,
1,20,2,0.691665,0,0.221825,0,0,0,0.318218,0.728825,1.0505,0,0,0,3.01103,0.576313,0,0,0,0,0,0,0.0283681,0,0,0.604681,0,0,0,0,0,0,0,0,0,0,0,27.8765,353.349,0,0.000262957,0.004509,
1,20,3,0.75092,0,0.221825,0,0,0,0.251224,0.725332,1.02048,0,0,0,2.96978,0.625685,0,0,0,0.00135974,0,0,0.0275576,0,0,0.654602,0,0,0,0,0,0,0,0,0,0,0,27.696,353.349,0,0.000256018,0.004509,
1,20,4,0.832729,0,0.221825,0,0,0,0.28472,0.725332,1.02048,0,0,0,3.08509,0.693849,0,0,0,0.000520738,0,0,0.0275576,0,0,0.721927,0,0,0,0,0,0,0,0,0,0,0,27.647,353.349,0,0.000256097,0.004509,
1,20,5,0.930563,0,0.221825,0,0,0,0.351715,0.718346,0.960451,0,0,0,3.1829,0.775368,0,0,0,0,0,0,0.0259366,0,0,0.801305,0,0,0,0,0,0,0,0,0,0,0,27.5714,353.349,0,0.00025995,0.004509,
1,20,6,0.964329,0,0.221825,0,0,0,0.519197,0.732318,1.08051,0,0,0,3.51818,0.803501,0,0,0,0.0527998,0,0,0.0291787,0,0,0.885479,0,0,0,0,0,0,0,0,0,0,0,28.0811,353.349,0,0.000268039,0.004509,
1,20,7,0.97784,0,0.221825,0,0,0,0.703426,0.753275,1.26059,0,0,0,3.91696,0.814761,0,0,0,0.251481,0,0,0.0340418,0,0,1.10028,0,0,0,0,0,0,0,0,0,0,0,28.1426,353.349,0,0.000269522,0.004509,
1,20,8,0.791782,0,0.221825,0,0,0,0.686679,0.760261,1.32062,0,0,0,3.78117,0.659732,0,0,0,0.710242,0,0,0.0356628,0,0,1.40564,0,0,0,0,0,0,0,0,0,0,0,28.1386,353.349,0,0.000269431,0.004509,
1,20,9,0.486843,0,0.221825,0,0,0,0.56944,0.735811,1.11052,0,0,0,3.12444,0.40565,0,0,0,0.139557,0,0,0.0299892,0,0,0.575196,0,0,0,0,0,0,0,0,0,0,0,26.1778,353.349,0,0.000239152,0.004509,
1,20,10,0.269658,0,0.221825,0,0,0,0.4857,0.718346,0.960451,0,0,0,2.65598,0.224685,0,0,0,0.00512522,0,0,0.0259366,0,0,0.255747,0,0,0,0,0,0,0,0,0,0,0,24.6859,353.349,0,0.000182408,0.004509,
1,20,11,0.14355,0,0.221825,0,0,0,0.452204,0.721839,0.990466,0,0,0,2.52988,0.11961,0,0,0,0.0794753,0,0,0.0267471,0,0,0.225832,0,0,0,0,0,0,0,0,0,0,0,24.5879,353.349,0,0.000166446,0.004509,
1,20,12,0.0754622,0,0.221825,0,0,0,0.418708,0.721839,0.990466,0,0,0,2.4283,0.062877,0,0,0,0.0115833,0,0,0.0267471,0,0,0.101207,0,0,0,0,0,0,0,0,0,0,0,24.5889,353.349,0,0.000160463,0.004509,
1,20,13,0.0302333,0,0.221825,0,0,0,0.351715,0.718346,0.960451,0,0,0,2.28257,0.0251911,0,0,0,0.106356,0,0,0.0259366,0,0,0.157484,0,0,0,0,0,0,0,0,0,0,0,24.5854,353.349,0,0.000159265,0.004509,
1,20,14,0.00340314,0,0.221825,0,0,0,0.351715,0.721839,0.990466,0,0,0,2.28925,0.00283557,0,0,0,0.0270728,0,0,0.0267471,0,0,0.0566555,0,0,0,0,0,0,0,0,0,0,0,24.5835,353.349,0,0.000159372,0.004509,
1,20,15,0,0,0.221825,0,0,0,0.351715,0.728825,1.0505,0,0,0,2.35286,0,0,0,0,0.0459086,0,0,0.0283681,0,0,0.0742767,0,0,0,0,0,0,0,0,0,0,0,24.6818,353.349,0,0.000162248,0.004509,
1,20,16,0,0,0.221825,0,0,0,0.435454,0.735811,1.11052,0,0,0,2.50361,0,0,0,0,0.20722,0,0,0.0299892,0,0,0.237209,0,0,0,0,0,0,0,0,0,0,0,25.0111,353.349,0,0.000169632,0.004509,
1,20,17,0.0466284,0,0.221825,0,0,0,0.519197,0.760261,1.32062,0,0,0,2.86853,0.0388518,0,0,0,0.0249068,0,0,0.0356628,0,0,0.0994214,0,0,0,0,0,0,0,0,0,0,0,27.8378,353.349,0,0.000260073,0.004509,
1,20,18,0.0797925,0,0.221825,0,0,0,0.736923,0.791698,1.59075,0,0,0,3.42099,0.0664851,0,0,0,0.0685234,0,0,0.0429574,0,0,0.177966,0,0,0,0,0,0,0,0,0,0,0,28.2134,353.349,0,0.000273137,0.004509,
1,20,19,0.108355,0,0.221825,0,0,0,1.40685,0.809163,1.74082,0,0,0,4.28702,0.0902837,0,0,0,0.385022,0,0,0.04701,0,0,0.522316,0,0,0,0,0,0,0,0,0,0,0,28.2143,353.349,0,0.000273145,0.004509,
1,20,20,0.163593,0,0.221825,0,0,0,1.9763,0.816149,1.80085,0,0,0,4.97871,0.13631,0,0,0,0.294221,0,0,0.0486311,0,0,0.479162,0,0,0,0,0,0,0,0,0,0,0,28.2062,353.349,0,0.000273166,0.004509,
1,20,21,0.215571,0,0.221825,0,0,0,1.89255,0.823135,1.86088,0.382647,0,0,5.39661,0.179619,0,0,0,0.389638,0,0,0.0502522,0,0,0.619509,0,0,0,0,0,0,0,0,0,0,0,28.1742,353.349,0,0.000271693,0.004509,
1,20,22,0.270108,0,0.221825,0,0,0,1.60783,0.816149,1.80085,0.382647,0,0,5.09941,0.22506,0,0,0,0.178056,0,0,0.0486311,0,0,0.451747,0,0,0,0,0,0,0,0,0,0,0,28.1711,353.349,0,0.000271563,0.004509,
1,20,23,0.349405,0,0.221825,0,0,0,1.05514,0.788205,1.56074,0.382647,0,0,4.35796,0.291134,0,0,0,0.375156,0,0,0.042147,0,0,0.708437,0,0,0,0,0,0,0,0,0,0,0,28.1385,353.349,0,0.000269799,0.004509,
1,20,24,0.424191,0,0.221825,0,0,0,0.636433,0.763754,1.35064,0.382647,0,0,3.77949,0.353446,0,0,0,0.147701,0,0,0.0364733,0,0,0.53762,0,0,0,0,0,0,0,0,0,0,0,28.1366,353.349,0,0.000268372,0.004509,
1,21,1,0.476665,0,0.221825,0,0,0,0.385211,0.735811,1.11052,0,0,0,2.93004,0.397168,0,0,0,0.00220857,0,0,0.0299892,0,0,0.429366,0,0,0,0,0,0,0,0,0,0,0,27.9266,353.349,0,0.000257366,0.004509,
1,21,2,0.546152,0,0.221825,0,0,0,0.318218,0.728825,1.0505,0,0,0,2.86552,0.455068,0,0,0,0.000554323,0,0,0.0283681,0,0,0.48399,0,0,0,0,0,0,0,0,0,0,0,27.8378,353.349,0,0.000255166,0.004509,
1,21,3,0.62859,0,0.221825,0,0,0,0.251224,0.725332,1.02048,0,0,0,2.84745,0.523758,0,0,0,0.0132021,0,0,0.0275576,0,0,0.564518,0,0,0,0,0,0,0,0,0,0,0,27.8586,353.349,0,0.000255228,0.004509,
1,21,4,0.686586,0,0.221825,0,0,0,0.28472,0.725332,1.02048,0,0,0,2.93894,0.57208,0,0,0,0.000522535,0,0,0.0275576,0,0,0.60016,0,0,0,0,0,0,0,0,0,0,0,27.8785,353.349,0,0.000255361,0.004509,
1,21,5,0.722635,0,0.221825,0,0,0,0.351715,0.718346,0.960451,0,0,0,2.97497,0.602116,0,0,0,0.000515715,0,0,0.0259366,0,0,0.628568,0,0,0,0,0,0,0,0,0,0,0,27.911,353.349,0,0.000256177,0.004509,
1,21,6,0.718514,0,0.221825,0,0,0,0.519197,0.732318,1.08051,0,0,0,3.27236,0.598684,0,0,0,0.00146616,0,0,0.0291787,0,0,0.629329,0,0,0,0,0,0,0,0,0,0,0,27.9305,353.349,0,0.000257915,0.004509,
1,21,7,0.709091,0,0.221825,0,0,0,0.703426,0.753275,1.26059,0,0,0,3.64821,0.590833,0,0,0,0.384582,0,0,0.0340418,0,0,1.00946,0,0,0,0,0,0,0,0,0,0,0,29.6327,353.349,0,0.000260557,0.004509,
1,21,8,0.572145,0,0.221825,0,0,0,0.686679,0.760261,1.32062,0,0,0,3.56153,0.476726,0,0,0,0.283093,0,0,0.0356628,0,0,0.795482,0,0,0,0,0,0,0,0,0,0,0,27.9765,353.349,0,0.000259348,0.004509,
1,21,9,0.366055,0,0.221825,0,0,0,0.56944,0.735811,1.11052,0,0,0,3.00366,0.305005,0,0,0,0.135586,0,0,0.0299892,0,0,0.47058,0,0,0,0,0,0,0,0,0,0,0,24.7567,353.349,0,0.000160175,0.004509,
1,21,10,0.171072,0,0.221825,0,0,0,0.4857,0.718346,0.960451,0,0,0,2.55739,0.142541,0,0,0,0.520308,0,0,0.0259366,0,0,0.688786,0,0,0,0,0,0,0,0,0,0,0,19.8632,353.349,0,9.08106e-006,0.004509,
1,21,11,0.0811439,0,0.221825,0,0,0,0.452204,0.721839,0.990466,0,0,0,2.46748,0.067611,0,0,0,0.164655,0,0,0.0267471,0,0,0.259013,0,0,0,0,0,0,0,0,0,0,0,19.492,353.349,0,1.31388e-006,0.004509,
1,21,12,0.0640402,0,0.221825,0,0,0,0.418708,0.721839,0.990466,0,0,0,2.41688,0.0533598,0,0,0,0.0987447,0,0,0.0267471,0,0,0.178852,0,0,0,0,0,0,0,0,0,0,0,19.3546,353.349,0,5.99963e-007,0.004509,
1,21,13,0.0334818,0,0.221825,0,0,0,0.351715,0.718346,0.960451,0,0,0,2.28582,0.027898,0,0,0,0.103953,0,0,0.0259366,0,0,0.157788,0,0,0,0,0,0,0,0,0,0,0,19.37,353.349,0,4.75551e-007,0.004509,
1,21,14,0.00352424,0,0.221825,0,0,0,0.351715,0.721839,0.990466,0,0,0,2.28937,0.00293648,0,0,0,0.0961312,0,0,0.0267471,0,0,0.125815,0,0,0,0,0,0,0,0,0,0,0,19.3537,353.349,0,4.30671e-007,0.004509,
1,21,15,0,0,0.221825,0,0,0,0.351715,0.728825,1.0505,0,0,0,2.35286,0,0,0,0,0.413005,0,0,0.0283681,0,0,0.441373,0,0,0,0,0,0,0,0,0,0,0,19.457,353.349,0,1.75614e-006,0.004509,
1,21,16,0,0,0.221825,0,0,0,0.435454,0.735811,1.11052,0,0,0,2.50361,0,0,0,0,0.0754961,0,0,0.0299892,0,0,0.105485,0,0,0,0,0,0,0,0,0,0,0,19.6771,353.349,0,5.76362e-006,0.004509,
1,21,17,0,0,0.221825,0,0,0,0.519197,0.760261,1.32062,0,0,0,2.8219,0,0,0,0,0.0832684,0,0,0.0356628,0,0,0.118931,0,0,0,0,0,0,0,0,0,0,0,24.3608,353.349,0,0.000128732,0.004509,
1,21,18,0.0335991,0,0.221825,0,0,0,0.736923,0.791698,1.59075,0,0,0,3.3748,0.0279955,0,0,0,0.0883325,0,0,0.0429574,0,0,0.159285,0,0,0,0,0,0,0,0,0,0,0,27.9841,353.349,0,0.000263802,0.004509,
1,21,19,0.0812708,0,0.221825,0,0,0,1.40685,0.809163,1.74082,0,0,0,4.25993,0.0677168,0,0,0,0.0635946,0,0,0.04701,0,0,0.178321,0,0,0,0,0,0,0,0,0,0,0,27.9853,353.349,0,0.000263837,0.004509,
1,21,20,0.170071,0,0.221825,0,0,0,1.9763,0.816149,1.80085,0,0,0,4.98519,0.141707,0,0,0,0.297601,0,0,0.0486311,0,0,0.487939,0,0,0,0,0,0,0,0,0,0,0,27.9848,353.349,0,0.000263873,0.004509,
1,21,21,0.33388,0,0.221825,0,0,0,1.89255,0.823135,1.86088,0.382647,0,0,5.51492,0.278196,0,0,0,0.208095,0,0,0.0502522,0,0,0.536543,0,0,0,0,0,0,0,0,0,0,0,27.9573,353.349,0,0.000262503,0.004509,
1,21,22,0.442717,0,0.221825,0,0,0,1.60783,0.816149,1.80085,0.382647,0,0,5.27202,0.368883,0,0,0,0.0383591,0,0,0.0486311,0,0,0.455873,0,0,0,0,0,0,0,0,0,0,0,27.9546,353.349,0,0.000262456,0.004509,
1,21,23,0.573373,0,0.221825,0,0,0,1.05514,0.788205,1.56074,0.382647,0,0,4.58193,0.477748,0,0,0,0.0675002,0,0,0.042147,0,0,0.587395,0,0,0,0,0,0,0,0,0,0,0,27.9078,353.349,0,0.000260568,0.004509,
1,21,24,0.69541,0,0.221825,0,0,0,0.636433,0.763754,1.35064,0.382647,0,0,4.05071,0.579433,0,0,0,0.0537858,0,0,0.0364733,0,0,0.669692,0,0,0,0,0,0,0,0,0,0,0,27.9109,353.349,0,0.000260076,0.004509,
1,22,1,0.789171,0,0.221825,0,0,0,0.385211,0.735811,1.11052,0,0,0,3.24254,0.657556,0,0,0,0.00232036,0,0,0.0299892,0,0,0.689866,0,0,0,0,0,0,0,0,0,0,0,27.5951,353.349,0,0.000251565,0.004509,
1,22,2,0.865372,0,0.221825,0,0,0,0.318218,0.728825,1.0505,0,0,0,3.18474,0.72105,0,0,0,0.00171906,0,0,0.0283681,0,0,0.751137,0,0,0,0,0,0,0,0,0,0,0,27.4811,353.349,0,0.000246306,0.004509,
1,22,3,0.934695,0,0.221825,0,0,0,0.251224,0.725332,1.02048,0,0,0,3.15356,0.778811,0,0,0,0.00188244,0,0,0.0275576,0,0,0.808251,0,0,0,0,0,0,0,0,0,0,0,27.41,353.349,0,0.000244309,0.004509,
1,22,4,1.00149,0,0.221825,0,0,0,0.28472,0.725332,1.02048,0,0,0,3.25384,0.834463,0,0,0,0.00066412,0,0,0.0275576,0,0,0.862685,0,0,0,0,0,0,0,0,0,0,0,27.4214,353.349,0,0.000244669,0.004509,
1,22,5,1.03202,0,0.221825,0,0,0,0.351715,0.718346,0.960451,0,0,0,3.28436,0.859903,0,0,0,0.00612959,0,0,0.0259366,0,0,0.891969,0,0,0,0,0,0,0,0,0,0,0,27.4708,353.349,0,0.000247725,0.004509,
1,22,6,1.00638,0,0.221825,0,0,0,0.519197,0.732318,1.08051,0,0,0,3.56023,0.838538,0,0,0,0.0111622,0,0,0.0291787,0,0,0.878879,0,0,0,0,0,0,0,0,0,0,0,28.8097,353.349,0,0.000252045,0.004509,
1,22,7,0.969027,0,0.221825,0,0,0,0.703426,0.753275,1.26059,0,0,0,3.90815,0.807416,0,0,0,0.0301409,0,0,0.0340418,0,0,0.871599,0,0,0,0,0,0,0,0,0,0,0,32.0168,353.349,0,0.00025465,0.004509,
1,22,8,0.75354,0,0.221825,0,0,0,0.686679,0.760261,1.32062,0,0,0,3.74293,0.627868,0,0,0,0.164141,0,0,0.0356628,0,0,0.827672,0,0,0,0,0,0,0,0,0,0,0,28.7884,353.349,0,0.000255149,0.004509,
1,22,9,0.487459,0,0.221825,0,0,0,0.56944,0.735811,1.11052,0,0,0,3.12506,0.406162,0,0,0,0.698102,0,0,0.0299892,0,0,1.13425,0,0,0,0,0,0,0,0,0,0,0,24.7363,353.349,0,0.000153491,0.004509,
1,22,10,0.239205,0,0.221825,0,0,0,0.4857,0.718346,0.960451,0,0,0,2.62553,0.199311,0,0,0,0.302424,0,0,0.0259366,0,0,0.527672,0,0,0,0,0,0,0,0,0,0,0,19.3054,353.349,0,3.08634e-006,0.004509,
1,22,11,0.094461,0,0.221825,0,0,0,0.452204,0.721839,0.990466,0,0,0,2.48079,0.0787073,0,0,0,0.187341,0,0,0.0267471,0,0,0.292795,0,0,0,0,0,0,0,0,0,0,0,18.9453,353.349,0,5.57927e-007,0.004509,
1,22,12,0.0390431,0,0.221825,0,0,0,0.418708,0.721839,0.990466,0,0,0,2.39188,0.0325316,0,0,0,0.0118151,0,0,0.0267471,0,0,0.0710938,0,0,0,0,0,0,0,0,0,0,0,18.7961,353.349,0,0,0.004509,
1,22,13,0.0142218,0,0.221825,0,0,0,0.351715,0.718346,0.960451,0,0,0,2.26656,0.01185,0,0,0,0.0144363,0,0,0.0259366,0,0,0.0522229,0,0,0,0,0,0,0,0,0,0,0,18.7023,353.349,0,0,0.004509,
1,22,14,0,0,0.221825,0,0,0,0.351715,0.721839,0.990466,0,0,0,2.28584,0,0,0,0,0.0467573,0,0,0.0267471,0,0,0.0735044,0,0,0,0,0,0,0,0,0,0,0,18.7608,353.349,0,3.78893e-007,0.004509,
1,22,15,0,0,0.221825,0,0,0,0.351715,0.728825,1.0505,0,0,0,2.35286,0,0,0,0,0.45888,0,0,0.0283681,0,0,0.487248,0,0,0,0,0,0,0,0,0,0,0,18.6848,353.349,0,1.12979e-006,0.004509,
1,22,16,0,0,0.221825,0,0,0,0.435454,0.735811,1.11052,0,0,0,2.50361,0,0,0,0,0.237074,0,0,0.0299892,0,0,0.267063,0,0,0,0,0,0,0,0,0,0,0,19.0967,353.349,0,1.97776e-006,0.004509,
1,22,17,0,0,0.221825,0,0,0,0.519197,0.760261,1.32062,0,0,0,2.8219,0,0,0,0,0.151157,0,0,0.0356628,0,0,0.18682,0,0,0,0,0,0,0,0,0,0,0,24.2607,353.349,0,0.00012627,0.004509,
1,22,18,0,0,0.221825,0,0,0,0.736923,0.791698,1.59075,0,0,0,3.3412,0,0,0,0,0.136274,0,0,0.0429574,0,0,0.179231,0,0,0,0,0,0,0,0,0,0,0,27.7771,353.349,0,0.000258559,0.004509,
1,22,19,0.00814827,0,0.221825,0,0,0,1.40685,0.809163,1.74082,0,0,0,4.18681,0.00678935,0,0,0,0.0784252,0,0,0.04701,0,0,0.132225,0,0,0,0,0,0,0,0,0,0,0,27.7739,353.349,0,0.000258552,0.004509,
1,22,20,0.0992928,0,0.221825,0,0,0,1.9763,0.816149,1.80085,0,0,0,4.91441,0.0827333,0,0,0,0.0918566,0,0,0.0486311,0,0,0.223221,0,0,0,0,0,0,0,0,0,0,0,27.7774,353.349,0,0.000258377,0.004509,
1,22,21,0.219669,0,0.221825,0,0,0,1.89255,0.823135,1.86088,0.382647,0,0,5.4007,0.183034,0,0,0,0.252568,0,0,0.0502522,0,0,0.485854,0,0,0,0,0,0,0,0,0,0,0,28.432,353.349,0,0.000257109,0.004509,
1,22,22,0.411993,0,0.221825,0,0,0,1.60783,0.816149,1.80085,0.382647,0,0,5.24129,0.343284,0,0,0,0.352073,0,0,0.0486311,0,0,0.743988,0,0,0,0,0,0,0,0,0,0,0,30.8628,353.349,0,0.000257042,0.004509,
1,22,23,0.570724,0,0.221825,0,0,0,1.05514,0.788205,1.56074,0.382647,0,0,4.57928,0.475542,0,0,0,0.0434974,0,0,0.042147,0,0,0.561186,0,0,0,0,0,0,0,0,0,0,0,31.7271,353.349,0,0.000255132,0.004509,
1,22,24,0.689247,0,0.221825,0,0,0,0.636433,0.763754,1.35064,0.382647,0,0,4.04454,0.574298,0,0,0,0.0476871,0,0,0.0364733,0,0,0.658458,0,0,0,0,0,0,0,0,0,0,0,29.8514,353.349,0,0.000254893,0.004509,
1,23,1,0.83937,0,0.221825,0,0,0,0.385211,0.735811,1.11052,0,0,0,3.29274,0.699383,0,0,0,0.0147852,0,0,0.0299892,0,0,0.744157,0,0,0,0,0,0,0,0,0,0,0,28.0335,353.349,0,0.000266476,0.004509,
1,23,2,0.974663,0,0.221825,0,0,0,0.318218,0.728825,1.0505,0,0,0,3.29403,0.812112,0,0,0,0,0,0,0.0283681,0,0,0.84048,0,0,0,0,0,0,0,0,0,0,0,27.9916,353.349,0,0.000263222,0.004509,
1,23,3,1.04003,0,0.221825,0,0,0,0.251224,0.725332,1.02048,0,0,0,3.25889,0.866579,0,0,0,0.00251635,0,0,0.0275576,0,0,0.896653,0,0,0,0,0,0,0,0,0,0,0,27.9597,353.349,0,0.0002627,0.004509,
1,23,4,1.0945,0,0.221825,0,0,0,0.28472,0.725332,1.02048,0,0,0,3.34686,0.911969,0,0,0,0.00258371,0,0,0.0275576,0,0,0.94211,0,0,0,0,0,0,0,0,0,0,0,27.9838,353.349,0,0.000263561,0.004509,
1,23,5,1.14137,0,0.221825,0,0,0,0.351715,0.718346,0.960451,0,0,0,3.39371,0.951017,0,0,0,0,0,0,0.0259366,0,0,0.976954,0,0,0,0,0,0,0,0,0,0,0,28.0309,353.349,0,0.000265377,0.004509,
1,23,6,1.1246,0,0.221825,0,0,0,0.519197,0.732318,1.08051,0,0,0,3.67845,0.93704,0,0,0,0.105148,0,0,0.0291787,0,0,1.07137,0,0,0,0,0,0,0,0,0,0,0,28.1125,353.349,0,0.000268845,0.004509,
1,23,7,1.08291,0,0.221825,0,0,0,0.703426,0.753275,1.26059,0,0,0,4.02203,0.902306,0,0,0,0.0328402,0,0,0.0340418,0,0,0.969188,0,0,0,0,0,0,0,0,0,0,0,29.1746,353.349,0,0.000269648,0.004509,
1,23,8,0.819282,0,0.221825,0,0,0,0.686679,0.760261,1.32062,0,0,0,3.80867,0.682645,0,0,0,0.480448,0,0,0.0356628,0,0,1.19876,0,0,0,0,0,0,0,0,0,0,0,29.7263,353.349,0,0.000269419,0.004509,
1,23,9,0.487008,0,0.221825,0,0,0,0.56944,0.735811,1.11052,0,0,0,3.12461,0.405786,0,0,0,0.559063,0,0,0.0299892,0,0,0.994838,0,0,0,0,0,0,0,0,0,0,0,24.8979,353.349,0,0.00017409,0.004509,
1,23,10,0.255118,0,0.221825,0,0,0,0.4857,0.718346,0.960451,0,0,0,2.64144,0.21257,0,0,0,0.4172,0,0,0.0259366,0,0,0.655707,0,0,0,0,0,0,0,0,0,0,0,22.4797,353.349,0,8.86952e-005,0.004509,
1,23,11,0.134162,0,0.221825,0,0,0,0.452204,0.721839,0.990466,0,0,0,2.5205,0.111787,0,0,0,0.408124,0,0,0.0267471,0,0,0.546658,0,0,0,0,0,0,0,0,0,0,0,22.0673,353.349,0,7.15834e-005,0.004509,
1,23,12,0.0571676,0,0.221825,0,0,0,0.418708,0.721839,0.990466,0,0,0,2.41,0.0476335,0,0,0,0.362469,0,0,0.0267471,0,0,0.43685,0,0,0,0,0,0,0,0,0,0,0,22.0173,353.349,0,7.13909e-005,0.004509,
1,23,13,0.00702268,0,0.221825,0,0,0,0.351715,0.718346,0.960451,0,0,0,2.25936,0.00585147,0,0,0,0.202931,0,0,0.0259366,0,0,0.234719,0,0,0,0,0,0,0,0,0,0,0,22.0036,353.349,0,7.08112e-005,0.004509,
1,23,14,0,0,0.221825,0,0,0,0.351715,0.721839,0.990466,0,0,0,2.28584,0,0,0,0,0.0578969,0,0,0.0267471,0,0,0.084644,0,0,0,0,0,0,0,0,0,0,0,22.0296,353.349,0,7.13098e-005,0.004509,
1,23,15,0,0,0.221825,0,0,0,0.351715,0.728825,1.0505,0,0,0,2.35286,0,0,0,0,0.401762,0,0,0.0283681,0,0,0.43013,0,0,0,0,0,0,0,0,0,0,0,22.1325,353.349,0,7.18459e-005,0.004509,
1,23,16,0,0,0.221825,0,0,0,0.435454,0.735811,1.11052,0,0,0,2.50361,0,0,0,0,0.122298,0,0,0.0299892,0,0,0.152287,0,0,0,0,0,0,0,0,0,0,0,22.4967,353.349,0,8.02124e-005,0.004509,
1,23,17,0,0,0.221825,0,0,0,0.519197,0.760261,1.32062,0,0,0,2.8219,0,0,0,0,0.187723,0,0,0.0356628,0,0,0.223386,0,0,0,0,0,0,0,0,0,0,0,25.8496,353.349,0,0.000191917,0.004509,
1,23,18,0,0,0.221825,0,0,0,0.736923,0.791698,1.59075,0,0,0,3.3412,0,0,0,0,0.213547,0,0,0.0429574,0,0,0.256504,0,0,0,0,0,0,0,0,0,0,0,28.3269,353.349,0,0.000275228,0.004509,
1,23,19,0,0,0.221825,0,0,0,1.40685,0.809163,1.74082,0,0,0,4.17866,0,0,0,0,0.797111,0,0,0.04701,0,0,0.844121,0,0,0,0,0,0,0,0,0,0,0,28.3276,353.349,0,0.000275193,0.004509,
1,23,20,0.0728649,0,0.221825,0,0,0,1.9763,0.816149,1.80085,0,0,0,4.88798,0.0607128,0,0,0,0.67685,0,0,0.0486311,0,0,0.786194,0,0,0,0,0,0,0,0,0,0,0,37.5794,353.349,0,0.000275192,0.004509,
1,23,21,0.1353,0,0.221825,0,0,0,1.89255,0.823135,1.86088,0.382647,0,0,5.31634,0.112735,0,0,0,0.388414,0,0,0.0502522,0,0,0.551401,0,0,0,0,0,0,0,0,0,0,0,43.8027,353.349,0,0.000273341,0.004509,
1,23,22,0.164678,0,0.221825,0,0,0,1.60783,0.816149,1.80085,0.382647,0,0,4.99398,0.137214,0,0,0,0.354219,0,0,0.0486311,0,0,0.540064,0,0,0,0,0,0,0,0,0,0,0,43.3961,353.349,0,0.000273064,0.004509,
1,23,23,0.267355,0,0.221825,0,0,0,1.05514,0.788205,1.56074,0.382647,0,0,4.27591,0.222766,0,0,0,0.165073,0,0,0.042147,0,0,0.429986,0,0,0,0,0,0,0,0,0,0,0,39.1482,353.349,0,0.000271105,0.004509,
1,23,24,0.34408,0,0.221825,0,0,0,0.636433,0.763754,1.35064,0.382647,0,0,3.69937,0.286695,0,0,0,0.0844752,0,0,0.0364733,0,0,0.407643,0,0,0,0,0,0,0,0,0,0,0,39.8031,353.349,0,0.000270803,0.004509,
1,24,1,0.372784,0,0.221825,0,0,0,0.385211,0.735811,1.11052,0,0,0,2.82616,0.310612,0,0,0,0.00276857,0,0,0.0299892,0,0,0.34337,0,0,0,0,0,0,0,0,0,0,0,27.3415,353.349,0,0.000240676,0.004509,
1,24,2,0.379927,0,0.221825,0,0,0,0.318218,0.728825,1.0505,0,0,0,2.69929,0.316564,0,0,0,0,0,0,0.0283681,0,0,0.344932,0,0,0,0,0,0,0,0,0,0,0,27.1849,353.349,0,0.000236702,0.004509,
1,24,3,0.402427,0,0.221825,0,0,0,0.251224,0.725332,1.02048,0,0,0,2.62129,0.335312,0,0,0,0.0782616,0,0,0.0275576,0,0,0.441131,0,0,0,0,0,0,0,0,0,0,0,27.0559,353.349,0,0.000231467,0.004509,
1,24,4,0.440721,0,0.221825,0,0,0,0.28472,0.725332,1.02048,0,0,0,2.69308,0.36722,0,0,0,0.0529654,0,0,0.0275576,0,0,0.447743,0,0,0,0,0,0,0,0,0,0,0,26.8435,353.349,0,0.000230251,0.004509,
1,24,5,0.483356,0,0.221825,0,0,0,0.351715,0.718346,0.960451,0,0,0,2.73569,0.402744,0,0,0,0,0,0,0.0259366,0,0,0.428681,0,0,0,0,0,0,0,0,0,0,0,26.8755,353.349,0,0.000231656,0.004509,
1,24,6,0.441858,0,0.221825,0,0,0,0.519197,0.732318,1.08051,0,0,0,2.99571,0.368167,0,0,0,0.00223176,0,0,0.0291787,0,0,0.399577,0,0,0,0,0,0,0,0,0,0,0,27.181,353.349,0,0.000238411,0.004509,
1,24,7,0.397353,0,0.221825,0,0,0,0.703426,0.753275,1.26059,0,0,0,3.33648,0.331085,0,0,0,0.36181,0,0,0.0340418,0,0,0.726937,0,0,0,0,0,0,0,0,0,0,0,28.9316,353.349,0,0.000244447,0.004509,
1,24,8,0.365662,0,0.221825,0,0,0,0.686679,0.760261,1.32062,0,0,0,3.35505,0.304678,0,0,0,0.196331,0,0,0.0356628,0,0,0.536672,0,0,0,0,0,0,0,0,0,0,0,27.4519,353.349,0,0.000243368,0.004509,
1,24,9,0.36119,0,0.221825,0,0,0,0.56944,0.735811,1.11052,0,0,0,2.99879,0.300951,0,0,0,0.178798,0,0,0.0299892,0,0,0.509738,0,0,0,0,0,0,0,0,0,0,0,25.9175,353.349,0,0.000205387,0.004509,
1,24,10,0.317101,0,0.221825,0,0,0,0.4857,0.718346,0.960451,0,0,0,2.70342,0.264216,0,0,0,0.223096,0,0,0.0259366,0,0,0.513249,0,0,0,0,0,0,0,0,0,0,0,24.6995,353.349,0,0.000163454,0.004509,
1,24,11,0.262565,0,0.221825,0,0,0,0.452204,0.721839,0.990466,0,0,0,2.6489,0.218776,0,0,0,0.0873312,0,0,0.0267471,0,0,0.332854,0,0,0,0,0,0,0,0,0,0,0,24.6123,353.349,0,0.000155519,0.004509,
1,24,12,0.202296,0,0.221825,0,0,0,0.418708,0.721839,0.990466,0,0,0,2.55513,0.168558,0,0,0,0.282233,0,0,0.0267471,0,0,0.477538,0,0,0,0,0,0,0,0,0,0,0,24.6135,353.349,0,0.00015483,0.004509,
1,24,13,0.167637,0,0.221825,0,0,0,0.351715,0.718346,0.960451,0,0,0,2.41997,0.139679,0,0,0,0.0192159,0,0,0.0259366,0,0,0.184832,0,0,0,0,0,0,0,0,0,0,0,24.6131,353.349,0,0.000155384,0.004509,
1,24,14,0.210118,0,0.221825,0,0,0,0.351715,0.721839,0.990466,0,0,0,2.49596,0.175075,0,0,0,0.257056,0,0,0.0267471,0,0,0.458878,0,0,0,0,0,0,0,0,0,0,0,24.8836,353.349,0,0.00016262,0.004509,
1,24,15,0.167068,0,0.221825,0,0,0,0.351715,0.728825,1.0505,0,0,0,2.51993,0.139205,0,0,0,0.0223844,0,0,0.0283681,0,0,0.189958,0,0,0,0,0,0,0,0,0,0,0,24.9274,353.349,0,0.000161465,0.004509,
1,24,16,0.0764549,0,0.221825,0,0,0,0.435454,0.735811,1.11052,0,0,0,2.58007,0.063704,0,0,0,0.0353919,0,0,0.0299892,0,0,0.129085,0,0,0,0,0,0,0,0,0,0,0,25.3432,353.349,0,0.000179853,0.004509,
1,24,17,0.11621,0,0.221825,0,0,0,0.519197,0.760261,1.32062,0,0,0,2.93811,0.0968287,0,0,0,0.020075,0,0,0.0356628,0,0,0.152566,0,0,0,0,0,0,0,0,0,0,0,27.2975,353.349,0,0.000236904,0.004509,
1,24,18,0.219631,0,0.221825,0,0,0,0.736923,0.791698,1.59075,0,0,0,3.56083,0.183002,0,0,0,0.0370988,0,0,0.0429574,0,0,0.263058,0,0,0,0,0,0,0,0,0,0,0,27.7954,353.349,0,0.000255868,0.004509,
1,24,19,0.26095,0,0.221825,0,0,0,1.40685,0.809163,1.74082,0,0,0,4.43961,0.21743,0,0,0,0.0451591,0,0,0.04701,0,0,0.309599,0,0,0,0,0,0,0,0,0,0,0,27.7958,353.349,0,0.000255833,0.004509,
1,24,20,0.259081,0,0.221825,0,0,0,1.9763,0.816149,1.80085,0,0,0,5.0742,0.215872,0,0,0,0.332311,0,0,0.0486311,0,0,0.596814,0,0,0,0,0,0,0,0,0,0,0,27.7938,353.349,0,0.000255758,0.004509,
1,24,21,0.277933,0,0.221825,0,0,0,1.89255,0.823135,1.86088,0.382647,0,0,5.45897,0.231581,0,0,0,0.143869,0,0,0.0502522,0,0,0.425702,0,0,0,0,0,0,0,0,0,0,0,31.9708,353.349,0,0.000255758,0.004509,
1,24,22,0.344578,0,0.221825,0,0,0,1.60783,0.816149,1.80085,0.382647,0,0,5.17388,0.287111,0,0,0,0.291456,0,0,0.0486311,0,0,0.627198,0,0,0,0,0,0,0,0,0,0,0,31.9683,353.349,0,0.00025571,0.004509,
1,24,23,0.449279,0,0.221825,0,0,0,1.05514,0.788205,1.56074,0.382647,0,0,4.45783,0.374351,0,0,0,0.264299,0,0,0.042147,0,0,0.680797,0,0,0,0,0,0,0,0,0,0,0,29.6352,353.349,0,0.000251188,0.004509,
1,24,24,0.526398,0,0.221825,0,0,0,0.636433,0.763754,1.35064,0.382647,0,0,3.88169,0.438608,0,0,0,0.00301283,0,0,0.0364733,0,0,0.478094,0,0,0,0,0,0,0,0,0,0,0,27.4084,353.349,0,0.000242347,0.004509,
1,25,1,0.5582,0,0.221825,0,0,0,0.385211,0.735811,1.11052,0,0,0,3.01157,0.465106,0,0,0,0.0569497,0,0,0.0299892,0,0,0.552045,0,0,0,0,0,0,0,0,0,0,0,26.747,353.349,0,0.000224239,0.004509,
1,25,2,0.581231,0,0.221825,0,0,0,0.318218,0.728825,1.0505,0,0,0,2.90059,0.484295,0,0,0,0.000609065,0,0,0.0283681,0,0,0.513272,0,0,0,0,0,0,0,0,0,0,0,26.0956,353.349,0,0.00020987,0.004509,
1,25,3,0.613664,0,0.221825,0,0,0,0.251224,0.725332,1.02048,0,0,0,2.83253,0.511319,0,0,0,0.0149693,0,0,0.0275576,0,0,0.553846,0,0,0,0,0,0,0,0,0,0,0,25.8676,353.349,0,0.000204275,0.004509,
1,25,4,0.618655,0,0.221825,0,0,0,0.28472,0.725332,1.02048,0,0,0,2.87101,0.515478,0,0,0,0,0,0,0.0275576,0,0,0.543036,0,0,0,0,0,0,0,0,0,0,0,25.8463,353.349,0,0.00020193,0.004509,
1,25,5,0.630372,0,0.221825,0,0,0,0.351715,0.718346,0.960451,0,0,0,2.88271,0.525241,0,0,0,0.000354487,0,0,0.0259366,0,0,0.551532,0,0,0,0,0,0,0,0,0,0,0,26.0077,353.349,0,0.000204482,0.004509,
1,25,6,0.631331,0,0.221825,0,0,0,0.519197,0.732318,1.08051,0,0,0,3.18518,0.526041,0,0,0,0.00390169,0,0,0.0291787,0,0,0.559121,0,0,0,0,0,0,0,0,0,0,0,26.2516,353.349,0,0.000207609,0.004509,
1,25,7,0.613939,0,0.221825,0,0,0,0.703426,0.753275,1.26059,0,0,0,3.55306,0.51155,0,0,0,0.00178969,0,0,0.0340418,0,0,0.547381,0,0,0,0,0,0,0,0,0,0,0,26.5315,353.349,0,0.000214954,0.004509,
1,25,8,0.463795,0,0.221825,0,0,0,0.686679,0.760261,1.32062,0,0,0,3.45318,0.386445,0,0,0,0.163417,0,0,0.0356628,0,0,0.585525,0,0,0,0,0,0,0,0,0,0,0,25.8673,353.349,0,0.000197665,0.004509,
1,25,9,0.319941,0,0.221825,0,0,0,0.56944,0.735811,1.11052,0,0,0,2.95754,0.266583,0,0,0,0.302201,0,0,0.0299892,0,0,0.598773,0,0,0,0,0,0,0,0,0,0,0,20.9832,353.349,0,1.9044e-005,0.004509,
1,25,10,0.207142,0,0.221825,0,0,0,0.4857,0.718346,0.960451,0,0,0,2.59347,0.172596,0,0,0,0.698105,0,0,0.0259366,0,0,0.896638,0,0,0,0,0,0,0,0,0,0,0,19.7838,353.349,0,3.48713e-006,0.004509,
1,25,11,0.110744,0,0.221825,0,0,0,0.452204,0.721839,0.990466,0,0,0,2.49708,0.0922742,0,0,0,0.436399,0,0,0.0267471,0,0,0.55542,0,0,0,0,0,0,0,0,0,0,0,19.5867,353.349,0,2.14028e-006,0.004509,
1,25,12,0.0616161,0,0.221825,0,0,0,0.418708,0.721839,0.990466,0,0,0,2.41445,0.05134,0,0,0,0.409784,0,0,0.0267471,0,0,0.487871,0,0,0,0,0,0,0,0,0,0,0,19.4744,353.349,0,1.21161e-006,0.004509,
1,25,13,0.0317368,0,0.221825,0,0,0,0.351715,0.718346,0.960451,0,0,0,2.28407,0.0264438,0,0,0,0.126016,0,0,0.0259366,0,0,0.178396,0,0,0,0,0,0,0,0,0,0,0,19.4622,353.349,0,1.24926e-006,0.004509,
1,25,14,0.0103776,0,0.221825,0,0,0,0.351715,0.721839,0.990466,0,0,0,2.29622,0.00864686,0,0,0,0.17013,0,0,0.0267471,0,0,0.205524,0,0,0,0,0,0,0,0,0,0,0,19.5029,353.349,0,1.56629e-006,0.004509,
1,25,15,0.000882714,0,0.221825,0,0,0,0.351715,0.728825,1.0505,0,0,0,2.35374,0.000735498,0,0,0,0.125243,0,0,0.0283681,0,0,0.154347,0,0,0,0,0,0,0,0,0,0,0,19.5472,353.349,0,2.00703e-006,0.004509,
1,25,16,0.0106091,0,0.221825,0,0,0,0.435454,0.735811,1.11052,0,0,0,2.51422,0.0088398,0,0,0,0.0345347,0,0,0.0299892,0,0,0.0733637,0,0,0,0,0,0,0,0,0,0,0,19.6657,353.349,0,1.02516e-006,0.004509,
1,25,17,0.0550794,0,0.221825,0,0,0,0.519197,0.760261,1.32062,0,0,0,2.87698,0.0458934,0,0,0,0.182557,0,0,0.0356628,0,0,0.264113,0,0,0,0,0,0,0,0,0,0,0,22.9165,353.349,0,8.32976e-005,0.004509,
1,25,18,0.148815,0,0.221825,0,0,0,0.736923,0.791698,1.59075,0,0,0,3.49001,0.123996,0,0,0,0.27507,0,0,0.0429574,0,0,0.442023,0,0,0,0,0,0,0,0,0,0,0,26.8316,353.349,0,0.000228927,0.004509,
1,25,19,0.269136,0,0.221825,0,0,0,1.40685,0.809163,1.74082,0,0,0,4.4478,0.224251,0,0,0,0.237005,0,0,0.04701,0,0,0.508266,0,0,0,0,0,0,0,0,0,0,0,26.833,353.349,0,0.000229166,0.004509,
1,25,20,0.312345,0,0.221825,0,0,0,1.9763,0.816149,1.80085,0,0,0,5.12746,0.260252,0,0,0,0.0830407,0,0,0.0486311,0,0,0.391924,0,0,0,0,0,0,0,0,0,0,0,26.8318,353.349,0,0.000229173,0.004509,
1,25,21,0.364927,0,0.221825,0,0,0,1.89255,0.823135,1.86088,0.382647,0,0,5.54596,0.304066,0,0,0,0.156034,0,0,0.0502522,0,0,0.510352,0,0,0,0,0,0,0,0,0,0,0,26.8323,353.349,0,0.00022928,0.004509,
1,25,22,0.423397,0,0.221825,0,0,0,1.60783,0.816149,1.80085,0.382647,0,0,5.2527,0.352785,0,0,0,0.328588,0,0,0.0486311,0,0,0.730004,0,0,0,0,0,0,0,0,0,0,0,26.8334,353.349,0,0.000229069,0.004509,
1,25,23,0.495677,0,0.221825,0,0,0,1.05514,0.788205,1.56074,0.382647,0,0,4.50423,0.413011,0,0,0,0.0187955,0,0,0.042147,0,0,0.473954,0,0,0,0,0,0,0,0,0,0,0,26.7696,353.349,0,0.000225983,0.004509,
1,25,24,0.588192,0,0.221825,0,0,0,0.636433,0.763754,1.35064,0.382647,0,0,3.94349,0.490095,0,0,0,0.000299066,0,0,0.0364733,0,0,0.526867,0,0,0,0,0,0,0,0,0,0,0,26.761,353.349,0,0.000225408,0.004509,
1,26,1,0.688385,0,0.221825,0,0,0,0.385211,0.735811,1.11052,0,0,0,3.14176,0.573579,0,0,0,0.000459738,0,0,0.0299892,0,0,0.604028,0,0,0,0,0,0,0,0,0,0,0,27.2763,353.349,0,0.000244438,0.004509,
1,26,2,0.85119,0,0.221825,0,0,0,0.318218,0.728825,1.0505,0,0,0,3.17055,0.709231,0,0,0,0.0395008,0,0,0.0283681,0,0,0.7771,0,0,0,0,0,0,0,0,0,0,0,27.2771,353.349,0,0.000244427,0.004509,
1,26,3,0.983643,0,0.221825,0,0,0,0.251224,0.725332,1.02048,0,0,0,3.2025,0.819596,0,0,0,0.0182679,0,0,0.0275576,0,0,0.865422,0,0,0,0,0,0,0,0,0,0,0,27.2798,353.349,0,0.000244663,0.004509,
1,26,4,1.05183,0,0.221825,0,0,0,0.28472,0.725332,1.02048,0,0,0,3.30419,0.876412,0,0,0,0.00143158,0,0,0.0275576,0,0,0.905401,0,0,0,0,0,0,0,0,0,0,0,27.2921,353.349,0,0.000245154,0.004509,
1,26,5,1.12187,0,0.221825,0,0,0,0.351715,0.718346,0.960451,0,0,0,3.37421,0.934772,0,0,0,0.00179462,0,0,0.0259366,0,0,0.962503,0,0,0,0,0,0,0,0,0,0,0,27.3058,353.349,0,0.000245594,0.004509,
1,26,6,1.10601,0,0.221825,0,0,0,0.519197,0.732318,1.08051,0,0,0,3.65986,0.921555,0,0,0,0.0290142,0,0,0.0291787,0,0,0.979748,0,0,0,0,0,0,0,0,0,0,0,27.3772,353.349,0,0.000246301,0.004509,
1,26,7,1.09508,0,0.221825,0,0,0,0.703426,0.753275,1.26059,0,0,0,4.03421,0.912452,0,0,0,0.261364,0,0,0.0340418,0,0,1.20786,0,0,0,0,0,0,0,0,0,0,0,27.3856,353.349,0,0.000246647,0.004509,
1,26,8,0.88354,0,0.221825,0,0,0,0.686679,0.760261,1.32062,0,0,0,3.87293,0.736188,0,0,0,0.348674,0,0,0.0356628,0,0,1.12052,0,0,0,0,0,0,0,0,0,0,0,27.3481,353.349,0,0.000245562,0.004509,
1,26,9,0.610891,0,0.221825,0,0,0,0.56944,0.735811,1.11052,0,0,0,3.24849,0.509009,0,0,0,0.482227,0,0,0.0299892,0,0,1.02123,0,0,0,0,0,0,0,0,0,0,0,23.6265,353.349,0,0.00016989,0.004509,
1,26,10,0.406017,0,0.221825,0,0,0,0.4857,0.718346,0.960451,0,0,0,2.79234,0.338303,0,0,0,0.450149,0,0,0.0259366,0,0,0.814389,0,0,0,0,0,0,0,0,0,0,0,22.6688,353.349,0,0.000120572,0.004509,
1,26,11,0.284486,0,0.221825,0,0,0,0.452204,0.721839,0.990466,0,0,0,2.67082,0.237041,0,0,0,0.28018,0,0,0.0267471,0,0,0.543968,0,0,0,0,0,0,0,0,0,0,0,22.4792,353.349,0,0.000114496,0.004509,
1,26,12,0.202553,0,0.221825,0,0,0,0.418708,0.721839,0.990466,0,0,0,2.55539,0.168772,0,0,0,0.277283,0,0,0.0267471,0,0,0.472802,0,0,0,0,0,0,0,0,0,0,0,22.4575,353.349,0,0.000115757,0.004509,
1,26,13,0.0996357,0,0.221825,0,0,0,0.351715,0.718346,0.960451,0,0,0,2.35197,0.0830188,0,0,0,0.0814572,0,0,0.0259366,0,0,0.190413,0,0,0,0,0,0,0,0,0,0,0,22.4635,353.349,0,0.000114182,0.004509,
1,26,14,0.00787673,0,0.221825,0,0,0,0.351715,0.721839,0.990466,0,0,0,2.29372,0.00656308,0,0,0,0.197412,0,0,0.0267471,0,0,0.230722,0,0,0,0,0,0,0,0,0,0,0,22.472,353.349,0,0.000115725,0.004509,
1,26,15,0,0,0.221825,0,0,0,0.351715,0.728825,1.0505,0,0,0,2.35286,0,0,0,0,0.092496,0,0,0.0283681,0,0,0.120864,0,0,0,0,0,0,0,0,0,0,0,22.6667,353.349,0,0.000127467,0.004509,
1,26,16,0,0,0.221825,0,0,0,0.435454,0.735811,1.11052,0,0,0,2.50361,0,0,0,0,0.0641818,0,0,0.0299892,0,0,0.094171,0,0,0,0,0,0,0,0,0,0,0,23.221,353.349,0,0.000148434,0.004509,
1,26,17,0,0,0.221825,0,0,0,0.519197,0.760261,1.32062,0,0,0,2.8219,0,0,0,0,0.0588546,0,0,0.0356628,0,0,0.0945174,0,0,0,0,0,0,0,0,0,0,0,27.5274,353.349,0,0.000251895,0.004509,
1,26,18,0.0254992,0,0.221825,0,0,0,0.736923,0.791698,1.59075,0,0,0,3.3667,0.0212465,0,0,0,0.0497324,0,0,0.0429574,0,0,0.113936,0,0,0,0,0,0,0,0,0,0,0,28.3115,353.349,0,0.000276135,0.004509,
1,26,19,0.0766583,0,0.221825,0,0,0,1.40685,0.809163,1.74082,0,0,0,4.25532,0.0638734,0,0,0,0.254187,0,0,0.04701,0,0,0.36507,0,0,0,0,0,0,0,0,0,0,0,28.3124,353.349,0,0.000276108,0.004509,
1,26,20,0.102072,0,0.221825,0,0,0,1.9763,0.816149,1.80085,0,0,0,4.91719,0.0850487,0,0,0,0.234253,0,0,0.0486311,0,0,0.367933,0,0,0,0,0,0,0,0,0,0,0,28.3108,353.349,0,0.000276089,0.004509,
1,26,21,0.159416,0,0.221825,0,0,0,1.89255,0.823135,1.86088,0.382647,0,0,5.34045,0.13283,0,0,0,0.109935,0,0,0.0502522,0,0,0.293017,0,0,0,0,0,0,0,0,0,0,0,28.2712,353.349,0,0.000274106,0.004509,
1,26,22,0.243362,0,0.221825,0,0,0,1.60783,0.816149,1.80085,0.382647,0,0,5.07266,0.202775,0,0,0,0.14936,0,0,0.0486311,0,0,0.400766,0,0,0,0,0,0,0,0,0,0,0,28.248,353.349,0,0.000273494,0.004509,
1,26,23,0.374587,0,0.221825,0,0,0,1.05514,0.788205,1.56074,0.382647,0,0,4.38314,0.312115,0,0,0,0.362417,0,0,0.042147,0,0,0.716679,0,0,0,0,0,0,0,0,0,0,0,28.1773,353.349,0,0.000270753,0.004509,
1,26,24,0.559472,0,0.221825,0,0,0,0.636433,0.763754,1.35064,0.382647,0,0,3.91477,0.466166,0,0,0,0.0656151,0,0,0.0364733,0,0,0.568254,0,0,0,0,0,0,0,0,0,0,0,28.1514,353.349,0,0.000270717,0.004509,
1,27,1,0.661114,0,0.221825,0,0,0,0.385211,0.735811,1.11052,0,0,0,3.11448,0.550856,0,0,0,0.022059,0,0,0.0299892,0,0,0.602904,0,0,0,0,0,0,0,0,0,0,0,27.6191,353.349,0,0.000252662,0.004509,
1,27,2,0.650331,0,0.221825,0,0,0,0.318218,0.728825,1.0505,0,0,0,2.96969,0.541872,0,0,0,0.0495461,0,0,0.0283681,0,0,0.619786,0,0,0,0,0,0,0,0,0,0,0,27.4977,353.349,0,0.000248279,0.004509,
1,27,3,0.709165,0,0.221825,0,0,0,0.251224,0.725332,1.02048,0,0,0,2.92803,0.590895,0,0,0,0.0221607,0,0,0.0275576,0,0,0.640613,0,0,0,0,0,0,0,0,0,0,0,27.4646,353.349,0,0.000247997,0.004509,
1,27,4,0.746202,0,0.221825,0,0,0,0.28472,0.725332,1.02048,0,0,0,2.99856,0.621753,0,0,0,0.000526962,0,0,0.0275576,0,0,0.649838,0,0,0,0,0,0,0,0,0,0,0,27.4656,353.349,0,0.000248141,0.004509,
1,27,5,0.744766,0,0.221825,0,0,0,0.351715,0.718346,0.960451,0,0,0,2.9971,0.620556,0,0,0,0.00124573,0,0,0.0259366,0,0,0.647738,0,0,0,0,0,0,0,0,0,0,0,27.5045,353.349,0,0.000249741,0.004509,
1,27,6,0.702245,0,0.221825,0,0,0,0.519197,0.732318,1.08051,0,0,0,3.25609,0.585129,0,0,0,0.0274781,0,0,0.0291787,0,0,0.641786,0,0,0,0,0,0,0,0,0,0,0,31.682,353.349,0,0.00025452,0.004509,
1,27,7,0.679323,0,0.221825,0,0,0,0.703426,0.753275,1.26059,0,0,0,3.61844,0.566028,0,0,0,0.205494,0,0,0.0340418,0,0,0.805564,0,0,0,0,0,0,0,0,0,0,0,34.8124,353.349,0,0.00025552,0.004509,
1,27,8,0.513045,0,0.221825,0,0,0,0.686679,0.760261,1.32062,0,0,0,3.50243,0.427481,0,0,0,0.35945,0,0,0.0356628,0,0,0.822594,0,0,0,0,0,0,0,0,0,0,0,36.1537,353.349,0,0.000254725,0.004509,
1,27,9,0.251487,0,0.221825,0,0,0,0.56944,0.735811,1.11052,0,0,0,2.88909,0.209545,0,0,0,0.119535,0,0,0.0299892,0,0,0.359069,0,0,0,0,0,0,0,0,0,0,0,26.514,353.349,0,0.000212272,0.004509,
1,27,10,0.070284,0,0.221825,0,0,0,0.4857,0.718346,0.960451,0,0,0,2.45661,0.0585624,0,0,0,0.30868,0,0,0.0259366,0,0,0.393179,0,0,0,0,0,0,0,0,0,0,0,23.8778,353.349,0,0.000147509,0.004509,
1,27,11,0.00098602,0,0.221825,0,0,0,0.452204,0.721839,0.990466,0,0,0,2.38732,0.000821576,0,0,0,0.174891,0,0,0.0267471,0,0,0.20246,0,0,0,0,0,0,0,0,0,0,0,23.6939,353.349,0,0.000142089,0.004509,
1,27,12,0,0,0.221825,0,0,0,0.418708,0.721839,0.990466,0,0,0,2.35284,0,0,0,0,0.286098,0,0,0.0267471,0,0,0.312845,0,0,0,0,0,0,0,0,0,0,0,23.6912,353.349,0,0.000141514,0.004509,
1,27,13,0,0,0.221825,0,0,0,0.351715,0.718346,0.960451,0,0,0,2.25234,0,0,0,0,0.100957,0,0,0.0259366,0,0,0.126894,0,0,0,0,0,0,0,0,0,0,0,23.6943,353.349,0,0.000146868,0.004509,
1,27,14,0,0,0.221825,0,0,0,0.351715,0.721839,0.990466,0,0,0,2.28584,0,0,0,0,0.064777,0,0,0.0267471,0,0,0.0915241,0,0,0,0,0,0,0,0,0,0,0,23.805,353.349,0,0.000150294,0.004509,
1,27,15,0,0,0.221825,0,0,0,0.351715,0.728825,1.0505,0,0,0,2.35286,0,0,0,0,0.235709,0,0,0.0283681,0,0,0.264077,0,0,0,0,0,0,0,0,0,0,0,24.507,353.349,0,0.000170417,0.004509,
1,27,16,0,0,0.221825,0,0,0,0.435454,0.735811,1.11052,0,0,0,2.50361,0,0,0,0,0.0626084,0,0,0.0299892,0,0,0.0925976,0,0,0,0,0,0,0,0,0,0,0,25.5668,353.349,0,0.000207021,0.004509,
1,27,17,0,0,0.221825,0,0,0,0.519197,0.760261,1.32062,0,0,0,2.8219,0,0,0,0,0.139271,0,0,0.0356628,0,0,0.174934,0,0,0,0,0,0,0,0,0,0,0,27.7097,353.349,0,0.000257537,0.004509,
1,27,18,0.0204149,0,0.221825,0,0,0,0.736923,0.791698,1.59075,0,0,0,3.36161,0.0170102,0,0,0,0.0739064,0,0,0.0429574,0,0,0.133874,0,0,0,0,0,0,0,0,0,0,0,27.8012,353.349,0,0.000258418,0.004509,
1,27,19,0.0445293,0,0.221825,0,0,0,1.40685,0.809163,1.74082,0,0,0,4.22319,0.0371028,0,0,0,0.112023,0,0,0.04701,0,0,0.196136,0,0,0,0,0,0,0,0,0,0,0,27.8017,353.349,0,0.000258367,0.004509,
1,27,20,0.0508019,0,0.221825,0,0,0,1.9763,0.816149,1.80085,0,0,0,4.86592,0.0423293,0,0,0,0.164992,0,0,0.0486311,0,0,0.255952,0,0,0,0,0,0,0,0,0,0,0,27.8008,353.349,0,0.000258372,0.004509,
1,27,21,0.0660803,0,0.221825,0,0,0,1.89255,0.823135,1.86088,0.382647,0,0,5.24712,0.0550596,0,0,0,0.26874,0,0,0.0502522,0,0,0.374052,0,0,0,0,0,0,0,0,0,0,0,27.7736,353.349,0,0.000256999,0.004509,
1,27,22,0.111712,0,0.221825,0,0,0,1.60783,0.816149,1.80085,0.382647,0,0,4.94101,0.0930811,0,0,0,0.319364,0,0,0.0486311,0,0,0.461076,0,0,0,0,0,0,0,0,0,0,0,27.7476,353.349,0,0.000256516,0.004509,
1,27,23,0.263552,0,0.221825,0,0,0,1.05514,0.788205,1.56074,0.382647,0,0,4.27211,0.219598,0,0,0,0.291384,0,0,0.042147,0,0,0.553129,0,0,0,0,0,0,0,0,0,0,0,31.677,353.349,0,0.000254872,0.004509,
1,27,24,0.368769,0,0.221825,0,0,0,0.636433,0.763754,1.35064,0.382647,0,0,3.72406,0.307267,0,0,0,0.0496758,0,0,0.0364733,0,0,0.393416,0,0,0,0,0,0,0,0,0,0,0,29.5409,353.349,0,0.00025489,0.004509,
1,28,1,0.391509,0,0.221825,0,0,0,0.385211,0.735811,1.11052,0,0,0,2.84488,0.326216,0,0,0,0,0,0,0.0299892,0,0,0.356205,0,0,0,0,0,0,0,0,0,0,0,27.479,353.349,0,0.000244743,0.004509,
1,28,2,0.439689,0,0.221825,0,0,0,0.318218,0.728825,1.0505,0,0,0,2.75905,0.366361,0,0,0,0.00038519,0,0,0.0283681,0,0,0.395114,0,0,0,0,0,0,0,0,0,0,0,27.2377,353.349,0,0.000236477,0.004509,
1,28,3,0.512142,0,0.221825,0,0,0,0.251224,0.725332,1.02048,0,0,0,2.731,0.426731,0,0,0,0.0128863,0,0,0.0275576,0,0,0.467175,0,0,0,0,0,0,0,0,0,0,0,27.2293,353.349,0,0.000236665,0.004509,
1,28,4,0.577406,0,0.221825,0,0,0,0.28472,0.725332,1.02048,0,0,0,2.82976,0.481109,0,0,0,0.0065677,0,0,0.0275576,0,0,0.515234,0,0,0,0,0,0,0,0,0,0,0,27.3187,353.349,0,0.000239233,0.004509,
1,28,5,0.68687,0,0.221825,0,0,0,0.351715,0.718346,0.960451,0,0,0,2.93921,0.572317,0,0,0,0,0,0,0.0259366,0,0,0.598254,0,0,0,0,0,0,0,0,0,0,0,27.2402,353.349,0,0.000237347,0.004509,
1,28,6,0.752336,0,0.221825,0,0,0,0.519197,0.732318,1.08051,0,0,0,3.30619,0.626864,0,0,0,0.43697,0,0,0.0291787,0,0,1.09301,0,0,0,0,0,0,0,0,0,0,0,30.3888,353.349,0,0.00023656,0.004509,
1,28,7,0.766618,0,0.221825,0,0,0,0.703426,0.753275,1.26059,0,0,0,3.70574,0.638764,0,0,0,0.189782,0,0,0.0340418,0,0,0.862588,0,0,0,0,0,0,0,0,0,0,0,32.5532,353.349,0,0.000245165,0.004509,
1,28,8,0.593297,0,0.221825,0,0,0,0.686679,0.760261,1.32062,0,0,0,3.58268,0.49435,0,0,0,0.398119,0,0,0.0356628,0,0,0.928132,0,0,0,0,0,0,0,0,0,0,0,32.0764,353.349,0,0.000245727,0.004509,
1,28,9,0.347013,0,0.221825,0,0,0,0.56944,0.735811,1.11052,0,0,0,2.98461,0.289141,0,0,0,0.136494,0,0,0.0299892,0,0,0.455624,0,0,0,0,0,0,0,0,0,0,0,25.2245,353.349,0,0.000185236,0.004509,
1,28,10,0.165882,0,0.221825,0,0,0,0.4857,0.718346,0.960451,0,0,0,2.5522,0.138217,0,0,0,0.254462,0,0,0.0259366,0,0,0.418616,0,0,0,0,0,0,0,0,0,0,0,23.2446,353.349,0,0.00012104,0.004509,
1,28,11,0.0645085,0,0.221825,0,0,0,0.452204,0.721839,0.990466,0,0,0,2.45084,0.0537501,0,0,0,0.039734,0,0,0.0267471,0,0,0.120231,0,0,0,0,0,0,0,0,0,0,0,22.8886,353.349,0,0.000100966,0.004509,
1,28,12,0.0261818,0,0.221825,0,0,0,0.418708,0.721839,0.990466,0,0,0,2.37902,0.0218153,0,0,0,0.038688,0,0,0.0267471,0,0,0.0872504,0,0,0,0,0,0,0,0,0,0,0,22.8875,353.349,0,0.000100289,0.004509,
1,28,13,0.0115106,0,0.221825,0,0,0,0.351715,0.718346,0.960451,0,0,0,2.26385,0.00959094,0,0,0,0.0580195,0,0,0.0259366,0,0,0.093547,0,0,0,0,0,0,0,0,0,0,0,22.886,353.349,0,0.000100066,0.004509,
1,28,14,0,0,0.221825,0,0,0,0.351715,0.721839,0.990466,0,0,0,2.28584,0,0,0,0,0.0094035,0,0,0.0267471,0,0,0.0361506,0,0,0,0,0,0,0,0,0,0,0,22.8775,353.349,0,0.000100017,0.004509,
1,28,15,0,0,0.221825,0,0,0,0.351715,0.728825,1.0505,0,0,0,2.35286,0,0,0,0,0.457287,0,0,0.0283681,0,0,0.485655,0,0,0,0,0,0,0,0,0,0,0,22.9761,353.349,0,0.000104208,0.004509,
1,28,16,0,0,0.221825,0,0,0,0.435454,0.735811,1.11052,0,0,0,2.50361,0,0,0,0,0.183368,0,0,0.0299892,0,0,0.213357,0,0,0,0,0,0,0,0,0,0,0,23.5523,353.349,0,0.000114823,0.004509,
1,28,17,0,0,0.221825,0,0,0,0.519197,0.760261,1.32062,0,0,0,2.8219,0,0,0,0,0.258256,0,0,0.0356628,0,0,0.293919,0,0,0,0,0,0,0,0,0,0,0,26.7747,353.349,0,0.000217564,0.004509,
1,28,18,0.0509217,0,0.221825,0,0,0,0.736923,0.791698,1.59075,0,0,0,3.39212,0.0424292,0,0,0,0.0690506,0,0,0.0429574,0,0,0.154437,0,0,0,0,0,0,0,0,0,0,0,27.7961,353.349,0,0.000255711,0.004509,
1,28,19,0.12839,0,0.221825,0,0,0,1.40685,0.809163,1.74082,0,0,0,4.30705,0.106978,0,0,0,0.162024,0,0,0.04701,0,0,0.316012,0,0,0,0,0,0,0,0,0,0,0,27.7968,353.349,0,0.000255674,0.004509,
1,28,20,0.178363,0,0.221825,0,0,0,1.9763,0.816149,1.80085,0,0,0,4.99348,0.148616,0,0,0,0.407415,0,0,0.0486311,0,0,0.604662,0,0,0,0,0,0,0,0,0,0,0,27.796,353.349,0,0.000255684,0.004509,
1,28,21,0.276572,0,0.221825,0,0,0,1.89255,0.823135,1.86088,0.382647,0,0,5.45761,0.230447,0,0,0,0.105854,0,0,0.0502522,0,0,0.386553,0,0,0,0,0,0,0,0,0,0,0,27.7681,353.349,0,0.000254306,0.004509,
1,28,22,0.397433,0,0.221825,0,0,0,1.60783,0.816149,1.80085,0.382647,0,0,5.22673,0.331152,0,0,0,0.074566,0,0,0.0486311,0,0,0.454349,0,0,0,0,0,0,0,0,0,0,0,28.6927,353.349,0,0.000254145,0.004509,
1,28,23,0.562582,0,0.221825,0,0,0,1.05514,0.788205,1.56074,0.382647,0,0,4.57114,0.468758,0,0,0,0.00362473,0,0,0.042147,0,0,0.51453,0,0,0,0,0,0,0,0,0,0,0,34.5751,353.349,0,0.000252311,0.004509,
1,28,24,0.701685,0,0.221825,0,0,0,0.636433,0.763754,1.35064,0.382647,0,0,4.05698,0.584662,0,0,0,0.00566359,0,0,0.0364733,0,0,0.626799,0,0,0,0,0,0,0,0,0,0,0,32.8666,353.349,0,0.000251813,0.004509,
1,29,1,0.795753,0,0.221825,0,0,0,0.385211,0.735811,1.11052,0,0,0,3.24912,0.663041,0,0,0,0.038593,0,0,0.0299892,0,0,0.731623,0,0,0,0,0,0,0,0,0,0,0,28.5603,353.349,0,0.000247817,0.004509,
1,29,2,0.88029,0,0.221825,0,0,0,0.318218,0.728825,1.0505,0,0,0,3.19965,0.73348,0,0,0,0.00307681,0,0,0.0283681,0,0,0.764925,0,0,0,0,0,0,0,0,0,0,0,27.25,353.349,0,0.000239365,0.004509,
1,29,3,0.940009,0,0.221825,0,0,0,0.251224,0.725332,1.02048,0,0,0,3.15887,0.783238,0,0,0,0.0020534,0,0,0.0275576,0,0,0.812849,0,0,0,0,0,0,0,0,0,0,0,27.2056,353.349,0,0.000236343,0.004509,
1,29,4,0.987342,0,0.221825,0,0,0,0.28472,0.725332,1.02048,0,0,0,3.2397,0.822678,0,0,0,0,0,0,0.0275576,0,0,0.850236,0,0,0,0,0,0,0,0,0,0,0,27.2073,353.349,0,0.000236269,0.004509,
1,29,5,1.02778,0,0.221825,0,0,0,0.351715,0.718346,0.960451,0,0,0,3.28012,0.856369,0,0,0,0,0,0,0.0259366,0,0,0.882306,0,0,0,0,0,0,0,0,0,0,0,28.5919,353.349,0,0.000236747,0.004509,
1,29,6,1.01023,0,0.221825,0,0,0,0.519197,0.732318,1.08051,0,0,0,3.56408,0.841744,0,0,0,0.148559,0,0,0.0291787,0,0,1.01948,0,0,0,0,0,0,0,0,0,0,0,33.5674,353.349,0,0.000248527,0.004509,
1,29,7,0.993004,0,0.221825,0,0,0,0.703426,0.753275,1.26059,0,0,0,3.93213,0.827396,0,0,0,0.351192,0,0,0.0340418,0,0,1.21263,0,0,0,0,0,0,0,0,0,0,0,42.2194,353.349,0,0.000249399,0.004509,
1,29,8,0.909118,0,0.221825,0,0,0,0.686679,0.760261,1.32062,0,0,0,3.8985,0.757499,0,0,0,0.10061,0,0,0.0356628,0,0,0.893772,0,0,0,0,0,0,0,0,0,0,0,45.506,353.349,0,0.000248119,0.004509,
1,29,9,0.613754,0,0.221825,0,0,0,0.56944,0.735811,1.11052,0,0,0,3.25135,0.511396,0,0,0,0.172505,0,0,0.0299892,0,0,0.71389,0,0,0,0,0,0,0,0,0,0,0,24.7987,353.349,0,0.000174594,0.004509,
1,29,10,0.382732,0,0.221825,0,0,0,0.4857,0.718346,0.960451,0,0,0,2.76905,0.318901,0,0,0,0.298436,0,0,0.0259366,0,0,0.643274,0,0,0,0,0,0,0,0,0,0,0,21.9643,353.349,0,8.77661e-005,0.004509,
1,29,11,0.210301,0,0.221825,0,0,0,0.452204,0.721839,0.990466,0,0,0,2.59663,0.175228,0,0,0,0.257218,0,0,0.0267471,0,0,0.459193,0,0,0,0,0,0,0,0,0,0,0,21.683,353.349,0,7.23309e-005,0.004509,
1,29,12,0.0919159,0,0.221825,0,0,0,0.418708,0.721839,0.990466,0,0,0,2.44475,0.0765865,0,0,0,0.368405,0,0,0.0267471,0,0,0.471739,0,0,0,0,0,0,0,0,0,0,0,21.6627,353.349,0,6.89222e-005,0.004509,
1,29,13,0.0134746,0,0.221825,0,0,0,0.351715,0.718346,0.960451,0,0,0,2.26581,0.0112274,0,0,0,0.153616,0,0,0.0259366,0,0,0.19078,0,0,0,0,0,0,0,0,0,0,0,21.6579,353.349,0,6.92489e-005,0.004509,
1,29,14,0,0,0.221825,0,0,0,0.351715,0.721839,0.990466,0,0,0,2.28584,0,0,0,0,0.109668,0,0,0.0267471,0,0,0.136415,0,0,0,0,0,0,0,0,0,0,0,21.6716,353.349,0,6.9488e-005,0.004509,
1,29,15,0,0,0.221825,0,0,0,0.351715,0.728825,1.0505,0,0,0,2.35286,0,0,0,0,0.259488,0,0,0.0283681,0,0,0.287856,0,0,0,0,0,0,0,0,0,0,0,21.745,353.349,0,7.06443e-005,0.004509,
1,29,16,0,0,0.221825,0,0,0,0.435454,0.735811,1.11052,0,0,0,2.50361,0,0,0,0,0.0264083,0,0,0.0299892,0,0,0.0563975,0,0,0,0,0,0,0,0,0,0,0,22.0423,353.349,0,7.37736e-005,0.004509,
1,29,17,0,0,0.221825,0,0,0,0.519197,0.760261,1.32062,0,0,0,2.8219,0,0,0,0,0.249786,0,0,0.0356628,0,0,0.285449,0,0,0,0,0,0,0,0,0,0,0,25.0285,353.349,0,0.000162671,0.004509,
1,29,18,0,0,0.221825,0,0,0,0.736923,0.791698,1.59075,0,0,0,3.3412,0,0,0,0,0.0687824,0,0,0.0429574,0,0,0.11174,0,0,0,0,0,0,0,0,0,0,0,27.6226,353.349,0,0.000253604,0.004509,
1,29,19,0,0,0.221825,0,0,0,1.40685,0.809163,1.74082,0,0,0,4.17866,0,0,0,0,0.182607,0,0,0.04701,0,0,0.229617,0,0,0,0,0,0,0,0,0,0,0,39.4763,353.349,0,0.000253542,0.004509,
1,29,20,0,0,0.221825,0,0,0,1.9763,0.816149,1.80085,0,0,0,4.81512,0,0,0,0,0.158523,0,0,0.0486311,0,0,0.207154,0,0,0,0,0,0,0,0,0,0,0,49.6191,353.349,0,0.000253533,0.004509,
1,29,21,0.0365012,0,0.221825,0,0,0,1.89255,0.823135,1.86088,0.382647,0,0,5.21754,0.0304136,0,0,0,0.31796,0,0,0.0502522,0,0,0.398626,0,0,0,0,0,0,0,0,0,0,0,50.2005,353.349,0,0.00025217,0.004509,
1,29,22,0.132103,0,0.221825,0,0,0,1.60783,0.816149,1.80085,0.382647,0,0,4.9614,0.110072,0,0,0,0.223537,0,0,0.0486311,0,0,0.38224,0,0,0,0,0,0,0,0,0,0,0,53.4094,353.349,0,0.000251617,0.004509,
1,29,23,0.225414,0,0.221825,0,0,0,1.05514,0.788205,1.56074,0.382647,0,0,4.23397,0.187821,0,0,0,0.0350716,0,0,0.042147,0,0,0.26504,0,0,0,0,0,0,0,0,0,0,0,47.5173,353.349,0,0.000249923,0.004509,
1,29,24,0.415311,0,0.221825,0,0,0,0.636433,0.763754,1.35064,0.382647,0,0,3.77061,0.346046,0,0,0,0.00762163,0,0,0.0364733,0,0,0.390141,0,0,0,0,0,0,0,0,0,0,0,42.1952,353.349,0,0.000248735,0.004509,
1,30,1,0.519897,0,0.221825,0,0,0,0.385211,0.735811,1.11052,0,0,0,2.97327,0.433192,0,0,0,0.00117137,0,0,0.0299892,0,0,0.464353,0,0,0,0,0,0,0,0,0,0,0,33.9679,353.349,0,0.000234038,0.004509,
1,30,2,0.618315,0,0.221825,0,0,0,0.318218,0.728825,1.0505,0,0,0,2.93768,0.515195,0,0,0,0.00628204,0,0,0.0283681,0,0,0.549845,0,0,0,0,0,0,0,0,0,0,0,28.7897,353.349,0,0.000230842,0.004509,
1,30,3,0.734768,0,0.221825,0,0,0,0.251224,0.725332,1.02048,0,0,0,2.95363,0.612227,0,0,0,0.00754183,0,0,0.0275576,0,0,0.647326,0,0,0,0,0,0,0,0,0,0,0,27.0209,353.349,0,0.00023033,0.004509,
1,30,4,0.799235,0,0.221825,0,0,0,0.28472,0.725332,1.02048,0,0,0,3.05159,0.665941,0,0,0,0,0,0,0.0275576,0,0,0.693499,0,0,0,0,0,0,0,0,0,0,0,28.0342,353.349,0,0.000232408,0.004509,
1,30,5,0.853104,0,0.221825,0,0,0,0.351715,0.718346,0.960451,0,0,0,3.10544,0.710828,0,0,0,0.000567044,0,0,0.0259366,0,0,0.737332,0,0,0,0,0,0,0,0,0,0,0,31.4655,353.349,0,0.000233707,0.004509,
1,30,6,0.860551,0,0.221825,0,0,0,0.519197,0.732318,1.08051,0,0,0,3.4144,0.717031,0,0,0,0.00880043,0,0,0.0291787,0,0,0.75501,0,0,0,0,0,0,0,0,0,0,0,38.9839,353.349,0,0.000236256,0.004509,
1,30,7,0.821278,0,0.221825,0,0,0,0.703426,0.753275,1.26059,0,0,0,3.7604,0.68431,0,0,0,0.0817562,0,0,0.0340418,0,0,0.800108,0,0,0,0,0,0,0,0,0,0,0,43.9787,353.349,0,0.000238289,0.004509,
1,30,8,0.53381,0,0.221825,0,0,0,0.686679,0.760261,1.32062,0,0,0,3.5232,0.444785,0,0,0,0.252389,0,0,0.0356628,0,0,0.732837,0,0,0,0,0,0,0,0,0,0,0,38.0568,353.349,0,0.000236221,0.004509,
1,30,9,0.225824,0,0.221825,0,0,0,0.56944,0.735811,1.11052,0,0,0,2.86342,0.188162,0,0,0,0.50528,0,0,0.0299892,0,0,0.723431,0,0,0,0,0,0,0,0,0,0,0,24.5059,353.349,0,0.000155466,0.004509,
1,30,10,0.0459637,0,0.221825,0,0,0,0.4857,0.718346,0.960451,0,0,0,2.43229,0.038298,0,0,0,0.374288,0,0,0.0259366,0,0,0.438523,0,0,0,0,0,0,0,0,0,0,0,21.4652,353.349,0,7.21779e-005,0.004509,
1,30,11,0,0,0.221825,0,0,0,0.452204,0.721839,0.990466,0,0,0,2.38633,0,0,0,0,0.188653,0,0,0.0267471,0,0,0.2154,0,0,0,0,0,0,0,0,0,0,0,21.0242,353.349,0,5.96127e-005,0.004509,
1,30,12,0,0,0.221825,0,0,0,0.418708,0.721839,0.990466,0,0,0,2.35284,0,0,0,0,0.17106,0,0,0.0267471,0,0,0.197807,0,0,0,0,0,0,0,0,0,0,0,20.8376,353.349,0,4.69344e-005,0.004509,
1,30,13,0,0,0.221825,0,0,0,0.351715,0.718346,0.960451,0,0,0,2.25234,0,0,0,0,0.190456,0,0,0.0259366,0,0,0.216393,0,0,0,0,0,0,0,0,0,0,0,20.778,353.349,0,3.70794e-005,0.004509,
1,30,14,0,0,0.221825,0,0,0,0.351715,0.721839,0.990466,0,0,0,2.28584,0,0,0,0,0.107608,0,0,0.0267471,0,0,0.134355,0,0,0,0,0,0,0,0,0,0,0,20.8418,353.349,0,4.70493e-005,0.004509,
1,30,15,0,0,0.221825,0,0,0,0.351715,0.728825,1.0505,0,0,0,2.35286,0,0,0,0,0.180125,0,0,0.0283681,0,0,0.208493,0,0,0,0,0,0,0,0,0,0,0,20.9831,353.349,0,5.14285e-005,0.004509,
1,30,16,0,0,0.221825,0,0,0,0.435454,0.735811,1.11052,0,0,0,2.50361,0,0,0,0,0.185174,0,0,0.0299892,0,0,0.215163,0,0,0,0,0,0,0,0,0,0,0,21.5818,353.349,0,7.29235e-005,0.004509,
1,30,17,0,0,0.221825,0,0,0,0.519197,0.760261,1.32062,0,0,0,2.8219,0,0,0,0,0.035251,0,0,0.0356628,0,0,0.0709138,0,0,0,0,0,0,0,0,0,0,0,25.6191,353.349,0,0.000198858,0.004509,
1,30,18,0,0,0.221825,0,0,0,0.736923,0.791698,1.59075,0,0,0,3.3412,0,0,0,0,0.0351883,0,0,0.0429574,0,0,0.0781457,0,0,0,0,0,0,0,0,0,0,0,27.3743,353.349,0,0.000241692,0.004509,
1,30,19,0,0,0.221825,0,0,0,1.40685,0.809163,1.74082,0,0,0,4.17866,0,0,0,0,0.219466,0,0,0.04701,0,0,0.266476,0,0,0,0,0,0,0,0,0,0,0,27.3737,353.349,0,0.000241643,0.004509,
1,30,20,0,0,0.221825,0,0,0,1.9763,0.816149,1.80085,0,0,0,4.81512,0,0,0,0,0.0179084,0,0,0.0486311,0,0,0.0665395,0,0,0,0,0,0,0,0,0,0,0,44.1798,353.349,0,0.000241632,0.004509,
1,30,21,0.0342523,0,0.221825,0,0,0,1.89255,0.823135,1.86088,0.382647,0,0,5.21529,0.0285398,0,0,0,0.273157,0,0,0.0502522,0,0,0.351949,0,0,0,0,0,0,0,0,0,0,0,58.2599,353.349,0,0.000240391,0.004509,
1,30,22,0.0921319,0,0.221825,0,0,0,1.60783,0.816149,1.80085,0.382647,0,0,4.92143,0.0767666,0,0,0,0.132215,0,0,0.0486311,0,0,0.257613,0,0,0,0,0,0,0,0,0,0,0,75.2277,353.349,0,0.000239945,0.004509,
1,30,23,0.146818,0,0.221825,0,0,0,1.05514,0.788205,1.56074,0.382647,0,0,4.15537,0.122332,0,0,0,0.0736076,0,0,0.042147,0,0,0.238087,0,0,0,0,0,0,0,0,0,0,0,66.044,353.349,0,0.000238137,0.004509,
1,30,24,0.277502,0,0.221825,0,0,0,0.636433,0.763754,1.35064,0.382647,0,0,3.6328,0.231222,0,0,0,0.0508408,0,0,0.0364733,0,0,0.318536,0,0,0,0,0,0,0,0,0,0,0,54.2708,353.349,0,0.000225661,0.004509,
1,31,1,0.396087,0,0.221825,0,0,0,0.385211,0.735811,1.11052,0,0,0,2.84946,0.33003,0,0,0,0.02225,0,0,0.0299892,0,0,0.382269,0,0,0,0,0,0,0,0,0,0,0,39.2781,353.349,0,0.000200993,0.004509,
1,31,2,0.474997,0,0.221825,0,0,0,0.318218,0.728825,1.0505,0,0,0,2.79436,0.39578,0,0,0,0.00193259,0,0,0.0283681,0,0,0.426081,0,0,0,0,0,0,0,0,0,0,0,31.2279,353.349,0,0.000193174,0.004509,
1,31,3,0.550991,0,0.221825,0,0,0,0.251224,0.725332,1.02048,0,0,0,2.76985,0.459098,0,0,0,0.0675745,0,0,0.0275576,0,0,0.55423,0,0,0,0,0,0,0,0,0,0,0,25.515,353.349,0,0.000188459,0.004509,
1,31,4,0.613268,0,0.221825,0,0,0,0.28472,0.725332,1.02048,0,0,0,2.86563,0.510989,0,0,0,0.0484491,0,0,0.0275576,0,0,0.586996,0,0,0,0,0,0,0,0,0,0,0,27.2911,353.349,0,0.000187346,0.004509,
1,31,5,0.662875,0,0.221825,0,0,0,0.351715,0.718346,0.960451,0,0,0,2.91521,0.552323,0,0,0,0.0137725,0,0,0.0259366,0,0,0.592032,0,0,0,0,0,0,0,0,0,0,0,31.2513,353.349,0,0.000190894,0.004509,
1,31,6,0.690161,0,0.221825,0,0,0,0.519197,0.732318,1.08051,0,0,0,3.24401,0.575059,0,0,0,0.000528744,0,0,0.0291787,0,0,0.604766,0,0,0,0,0,0,0,0,0,0,0,41.926,353.349,0,0.000205747,0.004509,
1,31,7,0.69553,0,0.221825,0,0,0,0.703426,0.753275,1.26059,0,0,0,3.63465,0.579533,0,0,0,0.00185003,0,0,0.0340418,0,0,0.615425,0,0,0,0,0,0,0,0,0,0,0,53.0563,353.349,0,0.000220988,0.004509,
1,31,8,0.600164,0,0.221825,0,0,0,0.686679,0.760261,1.32062,0,0,0,3.58955,0.500071,0,0,0,0.020034,0,0,0.0356628,0,0,0.555768,0,0,0,0,0,0,0,0,0,0,0,34.9729,353.349,0,0.000207216,0.004509,
1,31,9,0.397881,0,0.221825,0,0,0,0.56944,0.735811,1.11052,0,0,0,3.03548,0.331524,0,0,0,0.288171,0,0,0.0299892,0,0,0.649684,0,0,0,0,0,0,0,0,0,0,0,19.5017,353.349,0,6.51161e-007,0.004509,
1,31,10,0.266016,0,0.221825,0,0,0,0.4857,0.718346,0.960451,0,0,0,2.65234,0.221651,0,0,0,0.52848,0,0,0.0259366,0,0,0.776068,0,0,0,0,0,0,0,0,0,0,0,18.1831,353.349,0,0,0.004509,
1,31,11,0.202802,0,0.221825,0,0,0,0.452204,0.721839,0.990466,0,0,0,2.58914,0.16898,0,0,0,0.462339,0,0,0.0267471,0,0,0.658066,0,0,0,0,0,0,0,0,0,0,0,18.3657,353.349,0,0,0.004509,
1,31,12,0.194371,0,0.221825,0,0,0,0.418708,0.721839,0.990466,0,0,0,2.54721,0.161955,0,0,0,0.331656,0,0,0.0267471,0,0,0.520358,0,0,0,0,0,0,0,0,0,0,0,18.1479,353.349,0,0,0.004509,
1,31,13,0.177519,0,0.221825,0,0,0,0.351715,0.718346,0.960451,0,0,0,2.42986,0.147913,0,0,0,0.170727,0,0,0.0259366,0,0,0.344577,0,0,0,0,0,0,0,0,0,0,0,18.2,353.349,0,0,0.004509,
1,31,14,0.135615,0,0.221825,0,0,0,0.351715,0.721839,0.990466,0,0,0,2.42146,0.112998,0,0,0,0.140405,0,0,0.0267471,0,0,0.28015,0,0,0,0,0,0,0,0,0,0,0,18.1115,353.349,0,0,0.004509,
1,31,15,0.113828,0,0.221825,0,0,0,0.351715,0.728825,1.0505,0,0,0,2.46669,0.0948441,0,0,0,0.271366,0,0,0.0283681,0,0,0.394578,0,0,0,0,0,0,0,0,0,0,0,18.0544,353.349,0,0,0.004509,
1,31,16,0.127447,0,0.221825,0,0,0,0.435454,0.735811,1.11052,0,0,0,2.63106,0.106192,0,0,0,0.3247,0,0,0.0299892,0,0,0.460881,0,0,0,0,0,0,0,0,0,0,0,18.1787,353.349,0,0,0.004509,
1,31,17,0.205304,0,0.221825,0,0,0,0.519197,0.760261,1.32062,0,0,0,3.02721,0.171064,0,0,0,0.437969,0,0,0.0356628,0,0,0.644696,0,0,0,0,0,0,0,0,0,0,0,20.3608,353.349,0,1.89965e-005,0.004509,
1,31,18,0.359933,0,0.221825,0,0,0,0.736923,0.791698,1.59075,0,0,0,3.70113,0.299904,0,0,0,0.236322,0,0,0.0429574,0,0,0.579183,0,0,0,0,0,0,0,0,0,0,0,26.6085,353.349,0,0.000218627,0.004509,
1,31,19,0.421395,0,0.221825,0,0,0,1.40685,0.809163,1.74082,0,0,0,4.60006,0.351118,0,0,0,0.419772,0,0,0.04701,0,0,0.8179,0,0,0,0,0,0,0,0,0,0,0,26.6064,353.349,0,0.000218545,0.004509,
1,31,20,0.443491,0,0.221825,0,0,0,1.9763,0.816149,1.80085,0,0,0,5.25861,0.369526,0,0,0,0.318863,0,0,0.0486311,0,0,0.73702,0,0,0,0,0,0,0,0,0,0,0,26.6057,353.349,0,0.000218544,0.004509,
1,31,21,0.482403,0,0.221825,0,0,0,1.89255,0.823135,1.86088,0.382647,0,0,5.66344,0.40195,0,0,0,0.181655,0,0,0.0502522,0,0,0.633857,0,0,0,0,0,0,0,0,0,0,0,26.6064,353.349,0,0.000218595,0.004509,
1,31,22,0.532972,0,0.221825,0,0,0,1.60783,0.816149,1.80085,0.382647,0,0,5.36227,0.444084,0,0,0,0.30675,0,0,0.0486311,0,0,0.799465,0,0,0,0,0,0,0,0,0,0,0,33.2849,353.349,0,0.000217195,0.004509,
1,31,23,0.609689,0,0.221825,0,0,0,1.05514,0.788205,1.56074,0.382647,0,0,4.61824,0.508007,0,0,0,0.0339589,0,0,0.042147,0,0,0.584113,0,0,0,0,0,0,0,0,0,0,0,34.7823,353.349,0,0.000213693,0.004509,
1,31,24,0.661269,0,0.221825,0,0,0,0.636433,0.763754,1.35064,0.382647,0,0,4.01656,0.550986,0,0,0,0.170536,0,0,0.0364733,0,0,0.757995,0,0,0,0,0,0,0,0,0,0,0,31.2667,353.349,0,0.000213295,0.004509,
2,1,1,0.692183,0,0.221825,0,0,0,0.385211,0.735811,1.11052,0,0,0,3.14555,0.576745,0,0,0,0.0127662,0,0,0.0299892,0,0,0.6195,0,0,0,0,0,0,0,0,0,0,0,34.9976,353.535,0,0.000229141,0.004509,
2,1,2,0.689373,0,0.221825,0,0,0,0.318218,0.728825,1.0505,0,0,0,3.00874,0.574403,0,0,0,0,0,0,0.0283681,0,0,0.602771,0,0,0,0,0,0,0,0,0,0,0,29.6012,353.535,0,0.000228077,0.004509,
2,1,3,0.689575,0,0.221825,0,0,0,0.251224,0.725332,1.02048,0,0,0,2.90844,0.574571,0,0,0,0.0150169,0,0,0.0275576,0,0,0.617145,0,0,0,0,0,0,0,0,0,0,0,27.8959,353.535,0,0.000228216,0.004509,
2,1,4,0.705513,0,0.221825,0,0,0,0.28472,0.725332,1.02048,0,0,0,2.95787,0.587851,0,0,0,0,0,0,0.0275576,0,0,0.615409,0,0,0,0,0,0,0,0,0,0,0,30.4223,353.535,0,0.000228382,0.004509,
2,1,5,0.727515,0,0.221825,0,0,0,0.351715,0.718346,0.960451,0,0,0,2.97985,0.606184,0,0,0,0,0,0,0.0259366,0,0,0.632121,0,0,0,0,0,0,0,0,0,0,0,33.1169,353.535,0,0.000229494,0.004509,
2,1,6,0.703511,0,0.221825,0,0,0,0.519197,0.732318,1.08051,0,0,0,3.25736,0.586182,0,0,0,0.0306545,0,0,0.0291787,0,0,0.646015,0,0,0,0,0,0,0,0,0,0,0,41.2173,353.535,0,0.000230453,0.004509,
2,1,7,0.637802,0,0.221825,0,0,0,0.703426,0.753275,1.26059,0,0,0,3.57692,0.531431,0,0,0,0.0587893,0,0,0.0340418,0,0,0.624262,0,0,0,0,0,0,0,0,0,0,0,49.2501,353.535,0,0.000230856,0.004509,
2,1,8,0.417043,0,0.221825,0,0,0,0.686679,0.760261,1.32062,0,0,0,3.40643,0.34749,0,0,0,0.120015,0,0,0.0356628,0,0,0.503168,0,0,0,0,0,0,0,0,0,0,0,31.9885,353.535,0,0.000229904,0.004509,
2,1,9,0.242287,0,0.221825,0,0,0,0.56944,0.735811,1.11052,0,0,0,2.87989,0.20188,0,0,0,0.365765,0,0,0.0299892,0,0,0.597634,0,0,0,0,0,0,0,0,0,0,0,23.0686,353.535,0,0.000109919,0.004509,
2,1,10,0.166404,0,0.221825,0,0,0,0.4857,0.718346,0.960451,0,0,0,2.55273,0.138652,0,0,0,1.02799,0,0,0.0259366,0,0,1.19258,0,0,0,0,0,0,0,0,0,0,0,22.0012,353.535,0,6.79339e-005,0.004509,
2,1,11,0.136418,0,0.221825,0,0,0,0.452204,0.721839,0.990466,0,0,0,2.52275,0.113667,0,0,0,0.661413,0,0,0.0267471,0,0,0.801827,0,0,0,0,0,0,0,0,0,0,0,21.8466,353.535,0,6.77759e-005,0.004509,
2,1,12,0.120529,0,0.221825,0,0,0,0.418708,0.721839,0.990466,0,0,0,2.47337,0.100428,0,0,0,0.724943,0,0,0.0267471,0,0,0.852118,0,0,0,0,0,0,0,0,0,0,0,21.8088,353.535,0,6.77438e-005,0.004509,
2,1,13,0.110814,0,0.221825,0,0,0,0.351715,0.718346,0.960451,0,0,0,2.36315,0.0923325,0,0,0,0.540639,0,0,0.0259366,0,0,0.658908,0,0,0,0,0,0,0,0,0,0,0,21.8117,353.535,0,6.75875e-005,0.004509,
2,1,14,0.0725472,0,0.221825,0,0,0,0.351715,0.721839,0.990466,0,0,0,2.35839,0.060448,0,0,0,0.276578,0,0,0.0267471,0,0,0.363773,0,0,0,0,0,0,0,0,0,0,0,21.8988,353.535,0,6.75684e-005,0.004509,
2,1,15,0.0735759,0,0.221825,0,0,0,0.351715,0.728825,1.0505,0,0,0,2.42644,0.0613052,0,0,0,0.216054,0,0,0.0283681,0,0,0.305727,0,0,0,0,0,0,0,0,0,0,0,22.1754,353.535,0,8.64907e-005,0.004509,
2,1,16,0.141296,0,0.221825,0,0,0,0.435454,0.735811,1.11052,0,0,0,2.64491,0.117731,0,0,0,0.124739,0,0,0.0299892,0,0,0.272459,0,0,0,0,0,0,0,0,0,0,0,22.9724,353.535,0,0.000108723,0.004509,
2,1,17,0.179845,0,0.221825,0,0,0,0.519197,0.760261,1.32062,0,0,0,3.00175,0.149851,0,0,0,0.41073,0,0,0.0356628,0,0,0.596244,0,0,0,0,0,0,0,0,0,0,0,26.9179,353.535,0,0.000227147,0.004509,
2,1,18,0.310639,0,0.221825,0,0,0,0.736923,0.791698,1.59075,0,0,0,3.65183,0.258833,0,0,0,0.128172,0,0,0.0429574,0,0,0.429962,0,0,0,0,0,0,0,0,0,0,0,27.0448,353.535,0,0.000232226,0.004509,
2,1,19,0.374179,0,0.221825,0,0,0,1.40685,0.809163,1.74082,0,0,0,4.55284,0.311775,0,0,0,0.0710029,0,0,0.04701,0,0,0.429788,0,0,0,0,0,0,0,0,0,0,0,27.045,353.535,0,0.000232208,0.004509,
2,1,20,0.392119,0,0.221825,0,0,0,1.9763,0.816149,1.80085,0,0,0,5.20724,0.326722,0,0,0,0.122627,0,0,0.0486311,0,0,0.49798,0,0,0,0,0,0,0,0,0,0,0,27.0433,353.535,0,0.000232167,0.004509,
2,1,21,0.4508,0,0.221825,0,0,0,1.89255,0.823135,1.86088,0.382647,0,0,5.63184,0.375617,0,0,0,0.206634,0,0,0.0502522,0,0,0.632503,0,0,0,0,0,0,0,0,0,0,0,27.0434,353.535,0,0.000232213,0.004509,
2,1,22,0.529332,0,0.221825,0,0,0,1.60783,0.816149,1.80085,0.382647,0,0,5.35863,0.441052,0,0,0,0.166188,0,0,0.0486311,0,0,0.655871,0,0,0,0,0,0,0,0,0,0,0,29.4322,353.535,0,0.000232144,0.004509,
2,1,23,0.621571,0,0.221825,0,0,0,1.05514,0.788205,1.56074,0.382647,0,0,4.63012,0.517908,0,0,0,0.0292296,0,0,0.042147,0,0,0.589285,0,0,0,0,0,0,0,0,0,0,0,26.9755,353.535,0,0.000230414,0.004509,
2,1,24,0.696899,0,0.221825,0,0,0,0.636433,0.763754,1.35064,0.382647,0,0,4.05219,0.580674,0,0,0,0.0341154,0,0,0.0364733,0,0,0.651263,0,0,0,0,0,0,0,0,0,0,0,26.9622,353.535,0,0.000229626,0.004509,
2,2,1,0.76374,0,0.221825,0,0,0,0.385211,0.735811,1.11052,0,0,0,3.21711,0.636367,0,0,0,0.0184845,0,0,0.0299892,0,0,0.684841,0,0,0,0,0,0,0,0,0,0,0,27.1031,353.535,0,0.000237038,0.004509,
2,2,2,0.830554,0,0.221825,0,0,0,0.318218,0.728825,1.0505,0,0,0,3.14992,0.692039,0,0,0,0,0,0,0.0283681,0,0,0.720407,0,0,0,0,0,0,0,0,0,0,0,26.9215,353.535,0,0.00023087,0.004509,
2,2,3,0.853728,0,0.221825,0,0,0,0.251224,0.725332,1.02048,0,0,0,3.07259,0.711347,0,0,0,0,0,0,0.0275576,0,0,0.738905,0,0,0,0,0,0,0,0,0,0,0,26.8636,353.535,0,0.000230365,0.004509,
2,2,4,0.845639,0,0.221825,0,0,0,0.28472,0.725332,1.02048,0,0,0,3.098,0.704606,0,0,0,0,0,0,0.0275576,0,0,0.732164,0,0,0,0,0,0,0,0,0,0,0,26.927,353.535,0,0.000231971,0.004509,
2,2,5,0.870742,0,0.221825,0,0,0,0.351715,0.718346,0.960451,0,0,0,3.12308,0.725522,0,0,0,0.0065318,0,0,0.0259366,0,0,0.75799,0,0,0,0,0,0,0,0,0,0,0,27.1177,353.535,0,0.000238122,0.004509,
2,2,6,0.865012,0,0.221825,0,0,0,0.519197,0.732318,1.08051,0,0,0,3.41886,0.720748,0,0,0,0.0202874,0,0,0.0291787,0,0,0.770214,0,0,0,0,0,0,0,0,0,0,0,27.2279,353.535,0,0.000242172,0.004509,
2,2,7,0.818142,0,0.221825,0,0,0,0.703426,0.753275,1.26059,0,0,0,3.75726,0.681696,0,0,0,0.462486,0,0,0.0340418,0,0,1.17822,0,0,0,0,0,0,0,0,0,0,0,27.2543,353.535,0,0.000242984,0.004509,
2,2,8,0.706301,0,0.221825,0,0,0,0.686679,0.760261,1.32062,0,0,0,3.69569,0.588507,0,0,0,0.658721,0,0,0.0356628,0,0,1.28289,0,0,0,0,0,0,0,0,0,0,0,27.2426,353.535,0,0.000242801,0.004509,
2,2,9,0.729047,0,0.221825,0,0,0,0.56944,0.735811,1.11052,0,0,0,3.36665,0.60746,0,0,0,0.665967,0,0,0.0299892,0,0,1.30342,0,0,0,0,0,0,0,0,0,0,0,25.5239,353.535,0,0.000201322,0.004509,
2,2,10,0.691498,0,0.221825,0,0,0,0.4857,0.718346,0.960451,0,0,0,3.07782,0.576173,0,0,0,0.101612,0,0,0.0259366,0,0,0.703722,0,0,0,0,0,0,0,0,0,0,0,23.0976,353.535,0,0.000133775,0.004509,
2,2,11,0.534393,0,0.221825,0,0,0,0.452204,0.721839,0.990466,0,0,0,2.92073,0.44527,0,0,0,0.160901,0,0,0.0267471,0,0,0.632918,0,0,0,0,0,0,0,0,0,0,0,22.645,353.535,0,0.000117148,0.004509,
2,2,12,0.412644,0,0.221825,0,0,0,0.418708,0.721839,0.990466,0,0,0,2.76548,0.343825,0,0,0,0.171825,0,0,0.0267471,0,0,0.542397,0,0,0,0,0,0,0,0,0,0,0,22.4224,353.535,0,0.000114959,0.004509,
2,2,13,0.30053,0,0.221825,0,0,0,0.351715,0.718346,0.960451,0,0,0,2.55287,0.250409,0,0,0,0.12032,0,0,0.0259366,0,0,0.396666,0,0,0,0,0,0,0,0,0,0,0,22.4122,353.535,0,0.000112881,0.004509,
2,2,14,0.187804,0,0.221825,0,0,0,0.351715,0.721839,0.990466,0,0,0,2.47365,0.156483,0,0,0,0.0937908,0,0,0.0267471,0,0,0.277021,0,0,0,0,0,0,0,0,0,0,0,22.4115,353.535,0,0.000112757,0.004509,
2,2,15,0.0955404,0,0.221825,0,0,0,0.351715,0.728825,1.0505,0,0,0,2.4484,0.0796065,0,0,0,0.164922,0,0,0.0283681,0,0,0.272897,0,0,0,0,0,0,0,0,0,0,0,22.4264,353.535,0,0.000112984,0.004509,
2,2,16,0.0328555,0,0.221825,0,0,0,0.435454,0.735811,1.11052,0,0,0,2.53647,0.027376,0,0,0,0.117816,0,0,0.0299892,0,0,0.175181,0,0,0,0,0,0,0,0,0,0,0,22.611,353.535,0,0.000120141,0.004509,
2,2,17,0.0442321,0,0.221825,0,0,0,0.519197,0.760261,1.32062,0,0,0,2.86614,0.0368554,0,0,0,0.209039,0,0,0.0356628,0,0,0.281557,0,0,0,0,0,0,0,0,0,0,0,26.0962,353.535,0,0.00021504,0.004509,
2,2,18,0.143839,0,0.221825,0,0,0,0.736923,0.791698,1.59075,0,0,0,3.48504,0.11985,0,0,0,0.144515,0,0,0.0429574,0,0,0.307322,0,0,0,0,0,0,0,0,0,0,0,27.0327,353.535,0,0.000240883,0.004509,
2,2,19,0.224618,0,0.221825,0,0,0,1.40685,0.809163,1.74082,0,0,0,4.40328,0.187157,0,0,0,0.102516,0,0,0.04701,0,0,0.336683,0,0,0,0,0,0,0,0,0,0,0,27.0327,353.535,0,0.000240818,0.004509,
2,2,20,0.268168,0,0.221825,0,0,0,1.9763,0.816149,1.80085,0,0,0,5.08329,0.223444,0,0,0,0.204224,0,0,0.0486311,0,0,0.476299,0,0,0,0,0,0,0,0,0,0,0,27.0319,353.535,0,0.000240863,0.004509,
2,2,21,0.316955,0,0.221825,0,0,0,1.89255,0.823135,1.86088,0.382647,0,0,5.49799,0.264095,0,0,0,0.274093,0,0,0.0502522,0,0,0.58844,0,0,0,0,0,0,0,0,0,0,0,27.0049,353.535,0,0.000239592,0.004509,
2,2,22,0.400472,0,0.221825,0,0,0,1.60783,0.816149,1.80085,0.382647,0,0,5.22977,0.333684,0,0,0,0.508023,0,0,0.0486311,0,0,0.890338,0,0,0,0,0,0,0,0,0,0,0,26.9653,353.535,0,0.000238141,0.004509,
2,2,23,0.491448,0,0.221825,0,0,0,1.05514,0.788205,1.56074,0.382647,0,0,4.5,0.409487,0,0,0,0.0554135,0,0,0.042147,0,0,0.507048,0,0,0,0,0,0,0,0,0,0,0,26.9202,353.535,0,0.000236097,0.004509,
2,2,24,0.559288,0,0.221825,0,0,0,0.636433,0.763754,1.35064,0.382647,0,0,3.91458,0.466013,0,0,0,0.0390098,0,0,0.0364733,0,0,0.541496,0,0,0,0,0,0,0,0,0,0,0,26.8941,353.535,0,0.000235338,0.004509,
2,3,1,0.588321,0,0.221825,0,0,0,0.385211,0.735811,1.11052,0,0,0,3.04169,0.490203,0,0,0,0,0,0,0.0299892,0,0,0.520192,0,0,0,0,0,0,0,0,0,0,0,25.7479,353.535,0,0.000202767,0.004509,
2,3,2,0.630205,0,0.221825,0,0,0,0.318218,0.728825,1.0505,0,0,0,2.94957,0.525101,0,0,0,0,0,0,0.0283681,0,0,0.553469,0,0,0,0,0,0,0,0,0,0,0,25.4096,353.535,0,0.000193082,0.004509,
2,3,3,0.65364,0,0.221825,0,0,0,0.251224,0.725332,1.02048,0,0,0,2.8725,0.544628,0,0,0,0.0129787,0,0,0.0275576,0,0,0.585164,0,0,0,0,0,0,0,0,0,0,0,25.3558,353.535,0,0.000189873,0.004509,
2,3,4,0.625542,0,0.221825,0,0,0,0.28472,0.725332,1.02048,0,0,0,2.8779,0.521217,0,0,0,0,0,0,0.0275576,0,0,0.548775,0,0,0,0,0,0,0,0,0,0,0,25.3833,353.535,0,0.000190309,0.004509,
2,3,5,0.619405,0,0.221825,0,0,0,0.351715,0.718346,0.960451,0,0,0,2.87174,0.516104,0,0,0,0,0,0,0.0259366,0,0,0.542041,0,0,0,0,0,0,0,0,0,0,0,25.7112,353.535,0,0.000195369,0.004509,
2,3,6,0.572978,0,0.221825,0,0,0,0.519197,0.732318,1.08051,0,0,0,3.12683,0.47742,0,0,0,0.0118145,0,0,0.0291787,0,0,0.518413,0,0,0,0,0,0,0,0,0,0,0,26.2487,353.535,0,0.000212866,0.004509,
2,3,7,0.508221,0,0.221825,0,0,0,0.703426,0.753275,1.26059,0,0,0,3.44734,0.423462,0,0,0,0.097058,0,0,0.0340418,0,0,0.554562,0,0,0,0,0,0,0,0,0,0,0,26.4665,353.535,0,0.000218817,0.004509,
2,3,8,0.376539,0,0.221825,0,0,0,0.686679,0.760261,1.32062,0,0,0,3.36593,0.313742,0,0,0,0.249591,0,0,0.0356628,0,0,0.598996,0,0,0,0,0,0,0,0,0,0,0,26.3574,353.535,0,0.000217751,0.004509,
2,3,9,0.268638,0,0.221825,0,0,0,0.56944,0.735811,1.11052,0,0,0,2.90624,0.223836,0,0,0,0.804234,0,0,0.0299892,0,0,1.05806,0,0,0,0,0,0,0,0,0,0,0,24.8471,353.535,0,0.000176794,0.004509,
2,3,10,0.177251,0,0.221825,0,0,0,0.4857,0.718346,0.960451,0,0,0,2.56357,0.14769,0,0,0,0.290797,0,0,0.0259366,0,0,0.464424,0,0,0,0,0,0,0,0,0,0,0,23.6252,353.535,0,0.000116021,0.004509,
2,3,11,0.0979188,0,0.221825,0,0,0,0.452204,0.721839,0.990466,0,0,0,2.48425,0.0815884,0,0,0,0.0672109,0,0,0.0267471,0,0,0.175546,0,0,0,0,0,0,0,0,0,0,0,23.4077,353.535,0,0.000112378,0.004509,
2,3,12,0.110667,0,0.221825,0,0,0,0.418708,0.721839,0.990466,0,0,0,2.4635,0.0922102,0,0,0,0.145869,0,0,0.0267471,0,0,0.264826,0,0,0,0,0,0,0,0,0,0,0,23.4073,353.535,0,0.000112477,0.004509,
2,3,13,0.140859,0,0.221825,0,0,0,0.351715,0.718346,0.960451,0,0,0,2.3932,0.117367,0,0,0,0.0219127,0,0,0.0259366,0,0,0.165216,0,0,0,0,0,0,0,0,0,0,0,23.4131,353.535,0,0.000112426,0.004509,
2,3,14,0.166478,0,0.221825,0,0,0,0.351715,0.721839,0.990466,0,0,0,2.45232,0.138714,0,0,0,0.0155259,0,0,0.0267471,0,0,0.180987,0,0,0,0,0,0,0,0,0,0,0,23.4032,353.535,0,0.000112315,0.004509,
2,3,15,0.182932,0,0.221825,0,0,0,0.351715,0.728825,1.0505,0,0,0,2.53579,0.152424,0,0,0,0.713556,0,0,0.0283681,0,0,0.894348,0,0,0,0,0,0,0,0,0,0,0,23.4241,353.535,0,0.000112816,0.004509,
2,3,16,0.272044,0,0.221825,0,0,0,0.435454,0.735811,1.11052,0,0,0,2.77566,0.226674,0,0,0,0.204889,0,0,0.0299892,0,0,0.461552,0,0,0,0,0,0,0,0,0,0,0,23.477,353.535,0,0.000114103,0.004509,
2,3,17,0.235744,0,0.221825,0,0,0,0.519197,0.760261,1.32062,0,0,0,3.05765,0.196427,0,0,0,0.21884,0,0,0.0356628,0,0,0.45093,0,0,0,0,0,0,0,0,0,0,0,24.2712,353.535,0,0.000139055,0.004509,
2,3,18,0.286935,0,0.221825,0,0,0,0.736923,0.791698,1.59075,0,0,0,3.62813,0.239081,0,0,0,0.20161,0,0,0.0429574,0,0,0.483648,0,0,0,0,0,0,0,0,0,0,0,26.6095,353.535,0,0.000225572,0.004509,
2,3,19,0.35869,0,0.221825,0,0,0,1.40685,0.809163,1.74082,0,0,0,4.53735,0.298869,0,0,0,0.235111,0,0,0.04701,0,0,0.58099,0,0,0,0,0,0,0,0,0,0,0,26.6093,353.535,0,0.000225552,0.004509,
2,3,20,0.400319,0,0.221825,0,0,0,1.9763,0.816149,1.80085,0,0,0,5.21544,0.333557,0,0,0,0.163591,0,0,0.0486311,0,0,0.545779,0,0,0,0,0,0,0,0,0,0,0,26.6084,353.535,0,0.00022559,0.004509,
2,3,21,0.444947,0,0.221825,0,0,0,1.89255,0.823135,1.86088,0.382647,0,0,5.62598,0.370742,0,0,0,0.182248,0,0,0.0502522,0,0,0.603242,0,0,0,0,0,0,0,0,0,0,0,26.5814,353.535,0,0.00022436,0.004509,
2,3,22,0.536061,0,0.221825,0,0,0,1.60783,0.816149,1.80085,0.382647,0,0,5.36536,0.446658,0,0,0,0.243518,0,0,0.0486311,0,0,0.738807,0,0,0,0,0,0,0,0,0,0,0,26.581,353.535,0,0.00022437,0.004509,
2,3,23,0.619672,0,0.221825,0,0,0,1.05514,0.788205,1.56074,0.382647,0,0,4.62822,0.516326,0,0,0,0.00330512,0,0,0.042147,0,0,0.561778,0,0,0,0,0,0,0,0,0,0,0,26.5525,353.535,0,0.000222828,0.004509,
2,3,24,0.706131,0,0.221825,0,0,0,0.636433,0.763754,1.35064,0.382647,0,0,4.06143,0.588365,0,0,0,0.0154608,0,0,0.0364733,0,0,0.640299,0,0,0,0,0,0,0,0,0,0,0,26.4699,353.535,0,0.000220921,0.004509,
2,4,1,0.750419,0,0.221825,0,0,0,0.385211,0.735811,1.11052,0,0,0,3.20379,0.625266,0,0,0,0.00107367,0,0,0.0299892,0,0,0.656329,0,0,0,0,0,0,0,0,0,0,0,26.7657,353.535,0,0.000225127,0.004509,
2,4,2,0.787796,0,0.221825,0,0,0,0.318218,0.728825,1.0505,0,0,0,3.10716,0.656411,0,0,0,0.00112572,0,0,0.0283681,0,0,0.685905,0,0,0,0,0,0,0,0,0,0,0,26.6936,353.535,0,0.000225154,0.004509,
2,4,3,0.830287,0,0.221825,0,0,0,0.251224,0.725332,1.02048,0,0,0,3.04915,0.691815,0,0,0,0.0129919,0,0,0.0275576,0,0,0.732365,0,0,0,0,0,0,0,0,0,0,0,26.5436,353.535,0,0.000224581,0.004509,
2,4,4,0.82716,0,0.221825,0,0,0,0.28472,0.725332,1.02048,0,0,0,3.07952,0.689211,0,0,0,0.000664781,0,0,0.0275576,0,0,0.717433,0,0,0,0,0,0,0,0,0,0,0,26.4959,353.535,0,0.00022294,0.004509,
2,4,5,0.860865,0,0.221825,0,0,0,0.351715,0.718346,0.960451,0,0,0,3.1132,0.717294,0,0,0,0.00613569,0,0,0.0259366,0,0,0.749366,0,0,0,0,0,0,0,0,0,0,0,26.6869,353.535,0,0.000225428,0.004509,
2,4,6,0.852614,0,0.221825,0,0,0,0.519197,0.732318,1.08051,0,0,0,3.40646,0.710418,0,0,0,0.0117544,0,0,0.0291787,0,0,0.751351,0,0,0,0,0,0,0,0,0,0,0,26.7783,353.535,0,0.000225466,0.004509,
2,4,7,0.770903,0,0.221825,0,0,0,0.703426,0.753275,1.26059,0,0,0,3.71002,0.642335,0,0,0,0.0123994,0,0,0.0340418,0,0,0.688776,0,0,0,0,0,0,0,0,0,0,0,26.7925,353.535,0,0.000226127,0.004509,
2,4,8,0.618136,0,0.221825,0,0,0,0.686679,0.760261,1.32062,0,0,0,3.60752,0.515047,0,0,0,0.536893,0,0,0.0356628,0,0,1.0876,0,0,0,0,0,0,0,0,0,0,0,26.7517,353.535,0,0.000225601,0.004509,
2,4,9,0.469692,0,0.221825,0,0,0,0.56944,0.735811,1.11052,0,0,0,3.10729,0.391358,0,0,0,0.580192,0,0,0.0299892,0,0,1.00154,0,0,0,0,0,0,0,0,0,0,0,22.7542,353.535,0,9.11522e-005,0.004509,
2,4,10,0.419839,0,0.221825,0,0,0,0.4857,0.718346,0.960451,0,0,0,2.80616,0.349821,0,0,0,0.423743,0,0,0.0259366,0,0,0.799501,0,0,0,0,0,0,0,0,0,0,0,20.276,353.535,0,1.46776e-005,0.004509,
2,4,11,0.298221,0,0.221825,0,0,0,0.452204,0.721839,0.990466,0,0,0,2.68455,0.248484,0,0,0,0.106354,0,0,0.0267471,0,0,0.381585,0,0,0,0,0,0,0,0,0,0,0,18.4595,353.535,0,0,0.004509,
2,4,12,0.290416,0,0.221825,0,0,0,0.418708,0.721839,0.990466,0,0,0,2.64325,0.241982,0,0,0,0.0061055,0,0,0.0267471,0,0,0.274835,0,0,0,0,0,0,0,0,0,0,0,18.4687,353.535,0,0,0.004509,
2,4,13,0.29478,0,0.221825,0,0,0,0.351715,0.718346,0.960451,0,0,0,2.54712,0.245618,0,0,0,0.00200334,0,0,0.0259366,0,0,0.273558,0,0,0,0,0,0,0,0,0,0,0,18.4842,353.535,0,0,0.004509,
2,4,14,0.395519,0,0.221825,0,0,0,0.351715,0.721839,0.990466,0,0,0,2.68136,0.329556,0,0,0,0.0165269,0,0,0.0267471,0,0,0.37283,0,0,0,0,0,0,0,0,0,0,0,18.4209,353.535,0,0,0.004509,
2,4,15,0.263651,0,0.221825,0,0,0,0.351715,0.728825,1.0505,0,0,0,2.61651,0.21968,0,0,0,0.0248241,0,0,0.0283681,0,0,0.272872,0,0,0,0,0,0,0,0,0,0,0,18.495,353.535,0,0,0.004509,
2,4,16,0.312087,0,0.221825,0,0,0,0.435454,0.735811,1.11052,0,0,0,2.8157,0.26004,0,0,0,0.227849,0,0,0.0299892,0,0,0.517878,0,0,0,0,0,0,0,0,0,0,0,18.6422,353.535,0,0,0.004509,
2,4,17,0.267447,0,0.221825,0,0,0,0.519197,0.760261,1.32062,0,0,0,3.08935,0.222843,0,0,0,0.027791,0,0,0.0356628,0,0,0.286297,0,0,0,0,0,0,0,0,0,0,0,20.1531,353.535,0,2.55869e-005,0.004509,
2,4,18,0.392773,0,0.221825,0,0,0,0.736923,0.791698,1.59075,0,0,0,3.73397,0.327268,0,0,0,0.0207601,0,0,0.0429574,0,0,0.390985,0,0,0,0,0,0,0,0,0,0,0,26.8768,353.535,0,0.000229089,0.004509,
2,4,19,0.472635,0,0.221825,0,0,0,1.40685,0.809163,1.74082,0,0,0,4.6513,0.393812,0,0,0,0.0771402,0,0,0.04701,0,0,0.517962,0,0,0,0,0,0,0,0,0,0,0,26.8775,353.535,0,0.000229101,0.004509,
2,4,20,0.506726,0,0.221825,0,0,0,1.9763,0.816149,1.80085,0,0,0,5.32185,0.422218,0,0,0,0.0272018,0,0,0.0486311,0,0,0.498051,0,0,0,0,0,0,0,0,0,0,0,26.8754,353.535,0,0.000229071,0.004509,
2,4,21,0.554678,0,0.221825,0,0,0,1.89255,0.823135,1.86088,0.382647,0,0,5.73571,0.462171,0,0,0,0.261553,0,0,0.0502522,0,0,0.773976,0,0,0,0,0,0,0,0,0,0,0,26.8499,353.535,0,0.000227828,0.004509,
2,4,22,0.63529,0,0.221825,0,0,0,1.60783,0.816149,1.80085,0.382647,0,0,5.46459,0.52934,0,0,0,0.320844,0,0,0.0486311,0,0,0.898815,0,0,0,0,0,0,0,0,0,0,0,26.8493,353.535,0,0.000227786,0.004509,
2,4,23,0.781287,0,0.221825,0,0,0,1.05514,0.788205,1.56074,0.382647,0,0,4.78984,0.650987,0,0,0,0.0387416,0,0,0.042147,0,0,0.731876,0,0,0,0,0,0,0,0,0,0,0,26.7981,353.535,0,0.000226207,0.004509,
2,4,24,0.920103,0,0.221825,0,0,0,0.636433,0.763754,1.35064,0.382647,0,0,4.2754,0.766653,0,0,0,0.0526015,0,0,0.0364733,0,0,0.855728,0,0,0,0,0,0,0,0,0,0,0,26.7772,353.535,0,0.000225653,0.004509,
2,5,1,1.00021,0,0.221825,0,0,0,0.385211,0.735811,1.11052,0,0,0,3.45358,0.833395,0,0,0,0,0,0,0.0299892,0,0,0.863384,0,0,0,0,0,0,0,0,0,0,0,26.9744,353.535,0,0.000232058,0.004509,
2,5,2,1.07839,0,0.221825,0,0,0,0.318218,0.728825,1.0505,0,0,0,3.39775,0.898536,0,0,0,0,0,0,0.0283681,0,0,0.926904,0,0,0,0,0,0,0,0,0,0,0,26.9777,353.535,0,0.000232196,0.004509,
2,5,3,1.13983,0,0.221825,0,0,0,0.251224,0.725332,1.02048,0,0,0,3.35869,0.949732,0,0,0,0.0157292,0,0,0.0275576,0,0,0.993019,0,0,0,0,0,0,0,0,0,0,0,26.9805,353.535,0,0.000232281,0.004509,
2,5,4,1.13665,0,0.221825,0,0,0,0.28472,0.725332,1.02048,0,0,0,3.38901,0.947085,0,0,0,0,0,0,0.0275576,0,0,0.974643,0,0,0,0,0,0,0,0,0,0,0,26.983,353.535,0,0.000232398,0.004509,
2,5,5,1.15587,0,0.221825,0,0,0,0.351715,0.718346,0.960451,0,0,0,3.4082,0.963097,0,0,0,0.000875807,0,0,0.0259366,0,0,0.989909,0,0,0,0,0,0,0,0,0,0,0,26.9833,353.535,0,0.000232472,0.004509,
2,5,6,1.17178,0,0.221825,0,0,0,0.519197,0.732318,1.08051,0,0,0,3.72563,0.976358,0,0,0,0.0124551,0,0,0.0291787,0,0,1.01799,0,0,0,0,0,0,0,0,0,0,0,26.9911,353.535,0,0.000232704,0.004509,
2,5,7,1.10822,0,0.221825,0,0,0,0.703426,0.753275,1.26059,0,0,0,4.04734,0.923393,0,0,0,0.292477,0,0,0.0340418,0,0,1.24991,0,0,0,0,0,0,0,0,0,0,0,27.0193,353.535,0,0.000233239,0.004509,
2,5,8,0.85187,0,0.221825,0,0,0,0.686679,0.760261,1.32062,0,0,0,3.84126,0.709799,0,0,0,0.287022,0,0,0.0356628,0,0,1.03248,0,0,0,0,0,0,0,0,0,0,0,26.982,353.535,0,0.000232845,0.004509,
2,5,9,0.617222,0,0.221825,0,0,0,0.56944,0.735811,1.11052,0,0,0,3.25482,0.514285,0,0,0,0.165942,0,0,0.0299892,0,0,0.710216,0,0,0,0,0,0,0,0,0,0,0,21.2585,353.535,0,3.91887e-005,0.004509,
2,5,10,0.456231,0,0.221825,0,0,0,0.4857,0.718346,0.960451,0,0,0,2.84255,0.380142,0,0,0,0.813671,0,0,0.0259366,0,0,1.21975,0,0,0,0,0,0,0,0,0,0,0,19.9187,353.535,0,1.56806e-006,0.004509,
2,5,11,0.328473,0,0.221825,0,0,0,0.452204,0.721839,0.990466,0,0,0,2.71481,0.273691,0,0,0,0.253637,0,0,0.0267471,0,0,0.554075,0,0,0,0,0,0,0,0,0,0,0,19.6143,353.535,0,8.80599e-007,0.004509,
2,5,12,0.2599,0,0.221825,0,0,0,0.418708,0.721839,0.990466,0,0,0,2.61274,0.216555,0,0,0,0.165671,0,0,0.0267471,0,0,0.408973,0,0,0,0,0,0,0,0,0,0,0,18.5141,353.535,0,0,0.004509,
2,5,13,0.212764,0,0.221825,0,0,0,0.351715,0.718346,0.960451,0,0,0,2.4651,0.177281,0,0,0,0.13519,0,0,0.0259366,0,0,0.338408,0,0,0,0,0,0,0,0,0,0,0,19.9507,353.535,0,5.26624e-006,0.004509,
2,5,14,0.150858,0,0.221825,0,0,0,0.351715,0.721839,0.990466,0,0,0,2.4367,0.125699,0,0,0,0.181036,0,0,0.0267471,0,0,0.333482,0,0,0,0,0,0,0,0,0,0,0,19.9755,353.535,0,7.31045e-006,0.004509,
2,5,15,0.0677931,0,0.221825,0,0,0,0.351715,0.728825,1.0505,0,0,0,2.42065,0.056487,0,0,0,0.0678588,0,0,0.0283681,0,0,0.152714,0,0,0,0,0,0,0,0,0,0,0,19.5496,353.535,0,6.01331e-007,0.004509,
2,5,16,0.0314428,0,0.221825,0,0,0,0.435454,0.735811,1.11052,0,0,0,2.53506,0.0261989,0,0,0,0.0661942,0,0,0.0299892,0,0,0.122382,0,0,0,0,0,0,0,0,0,0,0,19.7768,353.535,0,8.31205e-007,0.004509,
2,5,17,0.0509924,0,0.221825,0,0,0,0.519197,0.760261,1.32062,0,0,0,2.8729,0.0424881,0,0,0,0.0153527,0,0,0.0356628,0,0,0.0935036,0,0,0,0,0,0,0,0,0,0,0,22.1958,353.535,0,5.87292e-005,0.004509,
2,5,18,0.147383,0,0.221825,0,0,0,0.736923,0.791698,1.59075,0,0,0,3.48858,0.122803,0,0,0,0.0137999,0,0,0.0429574,0,0,0.17956,0,0,0,0,0,0,0,0,0,0,0,27.3611,353.535,0,0.000243802,0.004509,
2,5,19,0.261489,0,0.221825,0,0,0,1.40685,0.809163,1.74082,0,0,0,4.44015,0.217879,0,0,0,0.291879,0,0,0.04701,0,0,0.556768,0,0,0,0,0,0,0,0,0,0,0,27.3614,353.535,0,0.000243796,0.004509,
2,5,20,0.343385,0,0.221825,0,0,0,1.9763,0.816149,1.80085,0,0,0,5.1585,0.286117,0,0,0,0.414828,0,0,0.0486311,0,0,0.749576,0,0,0,0,0,0,0,0,0,0,0,38.472,353.535,0,0.000243842,0.004509,
2,5,21,0.481656,0,0.221825,0,0,0,1.89255,0.823135,1.86088,0.382647,0,0,5.66269,0.401328,0,0,0,0.226839,0,0,0.0502522,0,0,0.678419,0,0,0,0,0,0,0,0,0,0,0,39.2363,353.535,0,0.000241683,0.004509,
2,5,22,0.623649,0,0.221825,0,0,0,1.60783,0.816149,1.80085,0.382647,0,0,5.45295,0.51964,0,0,0,0.0594116,0,0,0.0486311,0,0,0.627683,0,0,0,0,0,0,0,0,0,0,0,39.1669,353.535,0,0.000240286,0.004509,
2,5,23,0.726442,0,0.221825,0,0,0,1.05514,0.788205,1.56074,0.382647,0,0,4.735,0.60529,0,0,0,0.0819271,0,0,0.042147,0,0,0.729364,0,0,0,0,0,0,0,0,0,0,0,34.0427,353.535,0,0.000235438,0.004509,
2,5,24,0.863476,0,0.221825,0,0,0,0.636433,0.763754,1.35064,0.382647,0,0,4.21877,0.719469,0,0,0,0.0810967,0,0,0.0364733,0,0,0.837039,0,0,0,0,0,0,0,0,0,0,0,31.7795,353.535,0,0.000233679,0.004509,
2,6,1,0.969513,0,0.221825,0,0,0,0.385211,0.735811,1.11052,0,0,0,3.42288,0.807822,0,0,0,0.000968815,0,0,0.0299892,0,0,0.83878,0,0,0,0,0,0,0,0,0,0,0,27.7182,353.535,0,0.000223693,0.004509,
2,6,2,1.02774,0,0.221825,0,0,0,0.318218,0.728825,1.0505,0,0,0,3.34711,0.856341,0,0,0,0.0447757,0,0,0.0283681,0,0,0.929485,0,0,0,0,0,0,0,0,0,0,0,26.6933,353.535,0,0.000221501,0.004509,
2,6,3,1.07875,0,0.221825,0,0,0,0.251224,0.725332,1.02048,0,0,0,3.29761,0.898836,0,0,0,0.0490709,0,0,0.0275576,0,0,0.975465,0,0,0,0,0,0,0,0,0,0,0,26.6638,353.535,0,0.000220964,0.004509,
2,6,4,1.07635,0,0.221825,0,0,0,0.28472,0.725332,1.02048,0,0,0,3.32871,0.896844,0,0,0,0.000484407,0,0,0.0275576,0,0,0.924886,0,0,0,0,0,0,0,0,0,0,0,26.6718,353.535,0,0.000221476,0.004509,
2,6,5,1.06933,0,0.221825,0,0,0,0.351715,0.718346,0.960451,0,0,0,3.32167,0.890991,0,0,0,0,0,0,0.0259366,0,0,0.916928,0,0,0,0,0,0,0,0,0,0,0,29.2973,353.535,0,0.000223435,0.004509,
2,6,6,1.01818,0,0.221825,0,0,0,0.519197,0.732318,1.08051,0,0,0,3.57203,0.848369,0,0,0,0.0227302,0,0,0.0291787,0,0,0.900278,0,0,0,0,0,0,0,0,0,0,0,37.1978,353.535,0,0.000225899,0.004509,
2,6,7,0.925287,0,0.221825,0,0,0,0.703426,0.753275,1.26059,0,0,0,3.86441,0.770973,0,0,0,0.139082,0,0,0.0340418,0,0,0.944097,0,0,0,0,0,0,0,0,0,0,0,43.8927,353.535,0,0.000226569,0.004509,
2,6,8,0.799261,0,0.221825,0,0,0,0.686679,0.760261,1.32062,0,0,0,3.78865,0.665964,0,0,0,0.655859,0,0,0.0356628,0,0,1.35749,0,0,0,0,0,0,0,0,0,0,0,37.1177,353.535,0,0.000226139,0.004509,
2,6,9,0.626457,0,0.221825,0,0,0,0.56944,0.735811,1.11052,0,0,0,3.26406,0.52198,0,0,0,0.135794,0,0,0.0299892,0,0,0.687763,0,0,0,0,0,0,0,0,0,0,0,23.6031,353.535,0,0.000139643,0.004509,
2,6,10,0.35476,0,0.221825,0,0,0,0.4857,0.718346,0.960451,0,0,0,2.74108,0.295594,0,0,0,0.649721,0,0,0.0259366,0,0,0.971252,0,0,0,0,0,0,0,0,0,0,0,21.6024,353.535,0,5.7108e-005,0.004509,
2,6,11,0.154095,0,0.221825,0,0,0,0.452204,0.721839,0.990466,0,0,0,2.54043,0.128396,0,0,0,0.0692041,0,0,0.0267471,0,0,0.224347,0,0,0,0,0,0,0,0,0,0,0,21.2222,353.535,0,5.25902e-005,0.004509,
2,6,12,0.0927746,0,0.221825,0,0,0,0.418708,0.721839,0.990466,0,0,0,2.44561,0.077302,0,0,0,0.0169595,0,0,0.0267471,0,0,0.121009,0,0,0,0,0,0,0,0,0,0,0,20.6268,353.535,0,3.09114e-005,0.004509,
2,6,13,0.079706,0,0.221825,0,0,0,0.351715,0.718346,0.960451,0,0,0,2.33204,0.066413,0,0,0,0.0429564,0,0,0.0259366,0,0,0.135306,0,0,0,0,0,0,0,0,0,0,0,19.5997,353.535,0,7.25103e-007,0.004509,
2,6,14,0.0245321,0,0.221825,0,0,0,0.351715,0.721839,0.990466,0,0,0,2.31038,0.0204407,0,0,0,0.0185466,0,0,0.0267471,0,0,0.0657344,0,0,0,0,0,0,0,0,0,0,0,19.5857,353.535,0,5.15146e-007,0.004509,
2,6,15,0,0,0.221825,0,0,0,0.351715,0.728825,1.0505,0,0,0,2.35286,0,0,0,0,0.0627734,0,0,0.0283681,0,0,0.0911415,0,0,0,0,0,0,0,0,0,0,0,21.2891,353.535,0,5.31037e-005,0.004509,
2,6,16,0,0,0.221825,0,0,0,0.435454,0.735811,1.11052,0,0,0,2.50361,0,0,0,0,0.172328,0,0,0.0299892,0,0,0.202317,0,0,0,0,0,0,0,0,0,0,0,21.5614,353.535,0,5.42543e-005,0.004509,
2,6,17,0.00733625,0,0.221825,0,0,0,0.519197,0.760261,1.32062,0,0,0,2.82924,0.00611275,0,0,0,0.020132,0,0,0.0356628,0,0,0.0619075,0,0,0,0,0,0,0,0,0,0,0,24.8166,353.535,0,0.000151971,0.004509,
2,6,18,0.0632075,0,0.221825,0,0,0,0.736923,0.791698,1.59075,0,0,0,3.4044,0.0526661,0,0,0,0.0411424,0,0,0.0429574,0,0,0.136766,0,0,0,0,0,0,0,0,0,0,0,26.9294,353.535,0,0.000228994,0.004509,
2,6,19,0.109223,0,0.221825,0,0,0,1.40685,0.809163,1.74082,0,0,0,4.28788,0.0910071,0,0,0,0.115801,0,0,0.04701,0,0,0.253818,0,0,0,0,0,0,0,0,0,0,0,37.5029,353.535,0,0.000228992,0.004509,
2,6,20,0.19653,0,0.221825,0,0,0,1.9763,0.816149,1.80085,0,0,0,5.01165,0.163754,0,0,0,0.019895,0,0,0.0486311,0,0,0.23228,0,0,0,0,0,0,0,0,0,0,0,48.6314,353.535,0,0.000229026,0.004509,
2,6,21,0.273718,0,0.221825,0,0,0,1.89255,0.823135,1.86088,0.382647,0,0,5.45475,0.228069,0,0,0,0.0736175,0,0,0.0502522,0,0,0.351939,0,0,0,0,0,0,0,0,0,0,0,53.108,353.535,0,0.000227813,0.004509,
2,6,22,0.383869,0,0.221825,0,0,0,1.60783,0.816149,1.80085,0.382647,0,0,5.21317,0.319848,0,0,0,0.0301662,0,0,0.0486311,0,0,0.398645,0,0,0,0,0,0,0,0,0,0,0,54.7414,353.535,0,0.000227763,0.004509,
2,6,23,0.54896,0,0.221825,0,0,0,1.05514,0.788205,1.56074,0.382647,0,0,4.55751,0.457405,0,0,0,0.258504,0,0,0.042147,0,0,0.758056,0,0,0,0,0,0,0,0,0,0,0,57.7913,353.535,0,0.000226151,0.004509,
2,6,24,0.660404,0,0.221825,0,0,0,0.636433,0.763754,1.35064,0.382647,0,0,4.0157,0.550265,0,0,0,0.0102929,0,0,0.0364733,0,0,0.597031,0,0,0,0,0,0,0,0,0,0,0,54.5653,353.535,0,0.000225039,0.004509,
2,7,1,0.771928,0,0.221825,0,0,0,0.385211,0.735811,1.11052,0,0,0,3.2253,0.643189,0,0,0,0.00301494,0,0,0.0299892,0,0,0.676193,0,0,0,0,0,0,0,0,0,0,0,44.353,353.535,0,0.000219281,0.004509,
2,7,2,0.868277,0,0.221825,0,0,0,0.318218,0.728825,1.0505,0,0,0,3.18764,0.72347,0,0,0,0.000567638,0,0,0.0283681,0,0,0.752406,0,0,0,0,0,0,0,0,0,0,0,35.2428,353.535,0,0.00021925,0.004509,
2,7,3,0.921756,0,0.221825,0,0,0,0.251224,0.725332,1.02048,0,0,0,3.14062,0.76803,0,0,0,0,0,0,0.0275576,0,0,0.795588,0,0,0,0,0,0,0,0,0,0,0,33.3656,353.535,0,0.000218998,0.004509,
2,7,4,0.96677,0,0.221825,0,0,0,0.28472,0.725332,1.02048,0,0,0,3.21913,0.805537,0,0,0,0.016146,0,0,0.0275576,0,0,0.849241,0,0,0,0,0,0,0,0,0,0,0,40.4501,353.535,0,0.000219062,0.004509,
2,7,5,1.00975,0,0.221825,0,0,0,0.351715,0.718346,0.960451,0,0,0,3.26208,0.841347,0,0,0,0,0,0,0.0259366,0,0,0.867284,0,0,0,0,0,0,0,0,0,0,0,43.2918,353.535,0,0.000219449,0.004509,
2,7,6,1.00951,0,0.221825,0,0,0,0.519197,0.732318,1.08051,0,0,0,3.56336,0.841152,0,0,0,0.179081,0,0,0.0291787,0,0,1.04941,0,0,0,0,0,0,0,0,0,0,0,52.7629,353.535,0,0.000219891,0.004509,
2,7,7,0.941964,0,0.221825,0,0,0,0.703426,0.753275,1.26059,0,0,0,3.88109,0.784866,0,0,0,0.0228697,0,0,0.0340418,0,0,0.841777,0,0,0,0,0,0,0,0,0,0,0,65.0582,353.535,0,0.000219852,0.004509,
2,7,8,0.726876,0,0.221825,0,0,0,0.686679,0.760261,1.32062,0,0,0,3.71626,0.60565,0,0,0,0.321323,0,0,0.0356628,0,0,0.962636,0,0,0,0,0,0,0,0,0,0,0,44.5564,353.535,0,0.000219633,0.004509,
2,7,9,0.468306,0,0.221825,0,0,0,0.56944,0.735811,1.11052,0,0,0,3.10591,0.390203,0,0,0,0.146182,0,0,0.0299892,0,0,0.566374,0,0,0,0,0,0,0,0,0,0,0,22.1115,353.535,0,8.2849e-005,0.004509,
2,7,10,0.267377,0,0.221825,0,0,0,0.4857,0.718346,0.960451,0,0,0,2.6537,0.222785,0,0,0,0.492134,0,0,0.0259366,0,0,0.740856,0,0,0,0,0,0,0,0,0,0,0,18.9711,353.535,0,0,0.004509,
2,7,11,0.13045,0,0.221825,0,0,0,0.452204,0.721839,0.990466,0,0,0,2.51678,0.108694,0,0,0,0.670144,0,0,0.0267471,0,0,0.805585,0,0,0,0,0,0,0,0,0,0,0,18.7056,353.535,0,0,0.004509,
2,7,12,0.0497588,0,0.221825,0,0,0,0.418708,0.721839,0.990466,0,0,0,2.4026,0.0414602,0,0,0,0.210154,0,0,0.0267471,0,0,0.278361,0,0,0,0,0,0,0,0,0,0,0,18.5434,353.535,0,0,0.004509,
2,7,13,0.00314938,0,0.221825,0,0,0,0.351715,0.718346,0.960451,0,0,0,2.25549,0.00262414,0,0,0,0.31243,0,0,0.0259366,0,0,0.340991,0,0,0,0,0,0,0,0,0,0,0,18.4166,353.535,0,0,0.004509,
2,7,14,0,0,0.221825,0,0,0,0.351715,0.721839,0.990466,0,0,0,2.28584,0,0,0,0,0.372226,0,0,0.0267471,0,0,0.398973,0,0,0,0,0,0,0,0,0,0,0,18.5801,353.535,0,0,0.004509,
2,7,15,0,0,0.221825,0,0,0,0.351715,0.728825,1.0505,0,0,0,2.35286,0,0,0,0,0.204847,0,0,0.0283681,0,0,0.233215,0,0,0,0,0,0,0,0,0,0,0,18.7059,353.535,0,0,0.004509,
2,7,16,0,0,0.221825,0,0,0,0.435454,0.735811,1.11052,0,0,0,2.50361,0,0,0,0,0.111132,0,0,0.0299892,0,0,0.141121,0,0,0,0,0,0,0,0,0,0,0,18.9162,353.535,0,0,0.004509,
2,7,17,0,0,0.221825,0,0,0,0.519197,0.760261,1.32062,0,0,0,2.8219,0,0,0,0,0.126656,0,0,0.0356628,0,0,0.162319,0,0,0,0,0,0,0,0,0,0,0,21.7911,353.535,0,4.79266e-005,0.004509,
2,7,18,0,0,0.221825,0,0,0,0.736923,0.791698,1.59075,0,0,0,3.3412,0,0,0,0,0.149101,0,0,0.0429574,0,0,0.192058,0,0,0,0,0,0,0,0,0,0,0,26.6125,353.535,0,0.000219423,0.004509,
2,7,19,0,0,0.221825,0,0,0,1.40685,0.809163,1.74082,0,0,0,4.17866,0,0,0,0,0.313814,0,0,0.04701,0,0,0.360824,0,0,0,0,0,0,0,0,0,0,0,26.6166,353.535,0,0.000219365,0.004509,
2,7,20,0,0,0.221825,0,0,0,1.9763,0.816149,1.80085,0,0,0,4.81512,0,0,0,0,0.237802,0,0,0.0486311,0,0,0.286433,0,0,0,0,0,0,0,0,0,0,0,41.2712,353.535,0,0.00021933,0.004509,
2,7,21,0,0,0.221825,0,0,0,1.89255,0.823135,1.86088,0.382647,0,0,5.18104,0,0,0,0,0.548928,0,0,0.0502522,0,0,0.59918,0,0,0,0,0,0,0,0,0,0,0,44.5982,353.535,0,0.000219369,0.004509,
2,7,22,0.0205487,0,0.221825,0,0,0,1.60783,0.816149,1.80085,0.382647,0,0,4.84985,0.0171216,0,0,0,0.393313,0,0,0.0486311,0,0,0.459066,0,0,0,0,0,0,0,0,0,0,0,58.0084,353.535,0,0.000219372,0.004509,
2,7,23,0.124928,0,0.221825,0,0,0,1.05514,0.788205,1.56074,0.382647,0,0,4.13348,0.104094,0,0,0,0.0936683,0,0,0.042147,0,0,0.239909,0,0,0,0,0,0,0,0,0,0,0,55.6147,353.535,0,0.000219278,0.004509,
2,7,24,0.213258,0,0.221825,0,0,0,0.636433,0.763754,1.35064,0.382647,0,0,3.56855,0.177692,0,0,0,0.0113819,0,0,0.0364733,0,0,0.225547,0,0,0,0,0,0,0,0,0,0,0,54.1361,353.535,0,0.000219268,0.004509,
2,8,1,0.370009,0,0.221825,0,0,0,0.385211,0.735811,1.11052,0,0,0,2.82338,0.308301,0,0,0,0.00163352,0,0,0.0299892,0,0,0.339924,0,0,0,0,0,0,0,0,0,0,0,38.9101,353.535,0,0.000228374,0.004509,
2,8,2,0.5074,0,0.221825,0,0,0,0.318218,0.728825,1.0505,0,0,0,2.82676,0.422779,0,0,0,0.00182866,0,0,0.0283681,0,0,0.452976,0,0,0,0,0,0,0,0,0,0,0,33.8177,353.535,0,0.000227534,0.004509,
2,8,3,0.620079,0,0.221825,0,0,0,0.251224,0.725332,1.02048,0,0,0,2.83894,0.516666,0,0,0,0.00949893,0,0,0.0275576,0,0,0.553723,0,0,0,0,0,0,0,0,0,0,0,32.0647,353.535,0,0.000222999,0.004509,
2,8,4,0.6943,0,0.221825,0,0,0,0.28472,0.725332,1.02048,0,0,0,2.94666,0.578507,0,0,0,0.0010291,0,0,0.0275576,0,0,0.607094,0,0,0,0,0,0,0,0,0,0,0,32.1254,353.535,0,0.000223391,0.004509,
2,8,5,0.74211,0,0.221825,0,0,0,0.351715,0.718346,0.960451,0,0,0,2.99445,0.618344,0,0,0,0.00121095,0,0,0.0259366,0,0,0.645492,0,0,0,0,0,0,0,0,0,0,0,33.1722,353.535,0,0.000223701,0.004509,
2,8,6,0.779346,0,0.221825,0,0,0,0.519197,0.732318,1.08051,0,0,0,3.3332,0.649371,0,0,0,0.000484591,0,0,0.0291787,0,0,0.679034,0,0,0,0,0,0,0,0,0,0,0,38.3209,353.535,0,0.000227599,0.004509,
2,8,7,0.744566,0,0.221825,0,0,0,0.703426,0.753275,1.26059,0,0,0,3.68369,0.620391,0,0,0,0.00258813,0,0,0.0340418,0,0,0.657021,0,0,0,0,0,0,0,0,0,0,0,44.3356,353.535,0,0.000227851,0.004509,
2,8,8,0.55539,0,0.221825,0,0,0,0.686679,0.760261,1.32062,0,0,0,3.54478,0.462764,0,0,0,0.0129209,0,0,0.0356628,0,0,0.511348,0,0,0,0,0,0,0,0,0,0,0,26.8903,353.535,0,0.000227489,0.004509,
2,8,9,0.290425,0,0.221825,0,0,0,0.56944,0.735811,1.11052,0,0,0,2.92803,0.241989,0,0,0,0.16089,0,0,0.0299892,0,0,0.432868,0,0,0,0,0,0,0,0,0,0,0,20.8959,353.535,0,3.16394e-005,0.004509,
2,8,10,0.0914338,0,0.221825,0,0,0,0.4857,0.718346,0.960451,0,0,0,2.47776,0.0761849,0,0,0,0.179975,0,0,0.0259366,0,0,0.282097,0,0,0,0,0,0,0,0,0,0,0,18.6444,353.535,0,0,0.004509,
2,8,11,0.0103797,0,0.221825,0,0,0,0.452204,0.721839,0.990466,0,0,0,2.39671,0.00864862,0,0,0,0.330478,0,0,0.0267471,0,0,0.365874,0,0,0,0,0,0,0,0,0,0,0,18.3223,353.535,0,0,0.004509,
2,8,12,0,0,0.221825,0,0,0,0.418708,0.721839,0.990466,0,0,0,2.35284,0,0,0,0,0.223382,0,0,0.0267471,0,0,0.250129,0,0,0,0,0,0,0,0,0,0,0,18.292,353.535,0,0,0.004509,
2,8,13,0,0,0.221825,0,0,0,0.351715,0.718346,0.960451,0,0,0,2.25234,0,0,0,0,0.0512587,0,0,0.0259366,0,0,0.0771953,0,0,0,0,0,0,0,0,0,0,0,18.3015,353.535,0,0,0.004509,
2,8,14,0,0,0.221825,0,0,0,0.351715,0.721839,0.990466,0,0,0,2.28584,0,0,0,0,0.12192,0,0,0.0267471,0,0,0.148667,0,0,0,0,0,0,0,0,0,0,0,18.3144,353.535,0,0,0.004509,
2,8,15,0,0,0.221825,0,0,0,0.351715,0.728825,1.0505,0,0,0,2.35286,0,0,0,0,0.0329902,0,0,0.0283681,0,0,0.0613583,0,0,0,0,0,0,0,0,0,0,0,18.432,353.535,0,0,0.004509,
2,8,16,0,0,0.221825,0,0,0,0.435454,0.735811,1.11052,0,0,0,2.50361,0,0,0,0,0.071983,0,0,0.0299892,0,0,0.101972,0,0,0,0,0,0,0,0,0,0,0,18.6327,353.535,0,0,0.004509,
2,8,17,0,0,0.221825,0,0,0,0.519197,0.760261,1.32062,0,0,0,2.8219,0,0,0,0,0.178616,0,0,0.0356628,0,0,0.214279,0,0,0,0,0,0,0,0,0,0,0,21.6215,353.535,0,4.17362e-005,0.004509,
2,8,18,0,0,0.221825,0,0,0,0.736923,0.791698,1.59075,0,0,0,3.3412,0,0,0,0,0.269536,0,0,0.0429574,0,0,0.312493,0,0,0,0,0,0,0,0,0,0,0,26.9314,353.535,0,0.000228415,0.004509,
2,8,19,0,0,0.221825,0,0,0,1.40685,0.809163,1.74082,0,0,0,4.17866,0,0,0,0,0.427146,0,0,0.04701,0,0,0.474156,0,0,0,0,0,0,0,0,0,0,0,26.9328,353.535,0,0.000228487,0.004509,
2,8,20,0,0,0.221825,0,0,0,1.9763,0.816149,1.80085,0,0,0,4.81512,0,0,0,0,0.0231139,0,0,0.0486311,0,0,0.071745,0,0,0,0,0,0,0,0,0,0,0,26.9372,353.535,0,0.000228577,0.004509,
2,8,21,0,0,0.221825,0,0,0,1.89255,0.823135,1.86088,0.382647,0,0,5.18104,0,0,0,0,0.104178,0,0,0.0502522,0,0,0.15443,0,0,0,0,0,0,0,0,0,0,0,26.9381,353.535,0,0.000228665,0.004509,
2,8,22,0.000907093,0,0.221825,0,0,0,1.60783,0.816149,1.80085,0.382647,0,0,4.83021,0.000755812,0,0,0,0.373487,0,0,0.0486311,0,0,0.422874,0,0,0,0,0,0,0,0,0,0,0,26.9334,353.535,0,0.000228617,0.004509,
2,8,23,0.113022,0,0.221825,0,0,0,1.05514,0.788205,1.56074,0.382647,0,0,4.12158,0.0941726,0,0,0,0.00989042,0,0,0.042147,0,0,0.14621,0,0,0,0,0,0,0,0,0,0,0,26.9002,353.535,0,0.000227789,0.004509,
2,8,24,0.188987,0,0.221825,0,0,0,0.636433,0.763754,1.35064,0.382647,0,0,3.54428,0.157469,0,0,0,0.0739279,0,0,0.0364733,0,0,0.26787,0,0,0,0,0,0,0,0,0,0,0,26.8905,353.535,0,0.000224655,0.004509,
2,9,1,0.274933,0,0.221825,0,0,0,0.385211,0.735811,1.11052,0,0,0,2.7283,0.229081,0,0,0,0.0617235,0,0,0.0299892,0,0,0.320794,0,0,0,0,0,0,0,0,0,0,0,26.8385,353.535,0,0.000226568,0.004509,
2,9,2,0.484247,0,0.221825,0,0,0,0.318218,0.728825,1.0505,0,0,0,2.80361,0.403487,0,0,0,0,0,0,0.0283681,0,0,0.431855,0,0,0,0,0,0,0,0,0,0,0,26.833,353.535,0,0.000226715,0.004509,
2,9,3,0.625003,0,0.221825,0,0,0,0.251224,0.725332,1.02048,0,0,0,2.84386,0.520769,0,0,0,0.00206332,0,0,0.0275576,0,0,0.55039,0,0,0,0,0,0,0,0,0,0,0,26.829,353.535,0,0.000225785,0.004509,
2,9,4,0.69908,0,0.221825,0,0,0,0.28472,0.725332,1.02048,0,0,0,2.95144,0.58249,0,0,0,0,0,0,0.0275576,0,0,0.610048,0,0,0,0,0,0,0,0,0,0,0,26.8339,353.535,0,0.000225964,0.004509,
2,9,5,0.776838,0,0.221825,0,0,0,0.351715,0.718346,0.960451,0,0,0,3.02917,0.64728,0,0,0,0,0,0,0.0259366,0,0,0.673217,0,0,0,0,0,0,0,0,0,0,0,26.8411,353.535,0,0.000226082,0.004509,
2,9,6,0.803954,0,0.221825,0,0,0,0.519197,0.732318,1.08051,0,0,0,3.3578,0.669873,0,0,0,0,0,0,0.0291787,0,0,0.699052,0,0,0,0,0,0,0,0,0,0,0,26.8854,353.535,0,0.000227294,0.004509,
2,9,7,0.759713,0,0.221825,0,0,0,0.703426,0.753275,1.26059,0,0,0,3.69883,0.63301,0,0,0,0.301814,0,0,0.0340418,0,0,0.968866,0,0,0,0,0,0,0,0,0,0,0,26.9361,353.535,0,0.00023034,0.004509,
2,9,8,0.548787,0,0.221825,0,0,0,0.686679,0.760261,1.32062,0,0,0,3.53817,0.457263,0,0,0,0.30918,0,0,0.0356628,0,0,0.802106,0,0,0,0,0,0,0,0,0,0,0,26.7588,353.535,0,0.000224775,0.004509,
2,9,9,0.342916,0,0.221825,0,0,0,0.56944,0.735811,1.11052,0,0,0,2.98052,0.285726,0,0,0,0.540364,0,0,0.0299892,0,0,0.856079,0,0,0,0,0,0,0,0,0,0,0,20.8006,353.535,0,2.70574e-005,0.004509,
2,9,10,0.175134,0,0.221825,0,0,0,0.4857,0.718346,0.960451,0,0,0,2.56146,0.145926,0,0,0,0.282974,0,0,0.0259366,0,0,0.454837,0,0,0,0,0,0,0,0,0,0,0,18.1992,353.535,0,0,0.004509,
2,9,11,0.04334,0,0.221825,0,0,0,0.452204,0.721839,0.990466,0,0,0,2.42967,0.036112,0,0,0,0.219613,0,0,0.0267471,0,0,0.282472,0,0,0,0,0,0,0,0,0,0,0,18.0591,353.535,0,0,0.004509,
2,9,12,0.00137234,0,0.221825,0,0,0,0.418708,0.721839,0.990466,0,0,0,2.35421,0.00114347,0,0,0,0.0215647,0,0,0.0267471,0,0,0.0494553,0,0,0,0,0,0,0,0,0,0,0,18.0958,353.535,0,0,0.004509,
2,9,13,0,0,0.221825,0,0,0,0.351715,0.718346,0.960451,0,0,0,2.25234,0,0,0,0,0.170416,0,0,0.0259366,0,0,0.196353,0,0,0,0,0,0,0,0,0,0,0,18.0963,353.535,0,0,0.004509,
2,9,14,0,0,0.221825,0,0,0,0.351715,0.721839,0.990466,0,0,0,2.28584,0,0,0,0,0.223876,0,0,0.0267471,0,0,0.250623,0,0,0,0,0,0,0,0,0,0,0,18.0903,353.535,0,0,0.004509,
2,9,15,0,0,0.221825,0,0,0,0.351715,0.728825,1.0505,0,0,0,2.35286,0,0,0,0,0.321308,0,0,0.0283681,0,0,0.349676,0,0,0,0,0,0,0,0,0,0,0,18.1622,353.535,0,0,0.004509,
2,9,16,0,0,0.221825,0,0,0,0.435454,0.735811,1.11052,0,0,0,2.50361,0,0,0,0,0.0759959,0,0,0.0299892,0,0,0.105985,0,0,0,0,0,0,0,0,0,0,0,18.6118,353.535,0,0,0.004509,
2,9,17,0,0,0.221825,0,0,0,0.519197,0.760261,1.32062,0,0,0,2.8219,0,0,0,0,0.357637,0,0,0.0356628,0,0,0.3933,0,0,0,0,0,0,0,0,0,0,0,21.4727,353.535,0,4.28438e-005,0.004509,
2,9,18,0,0,0.221825,0,0,0,0.736923,0.791698,1.59075,0,0,0,3.3412,0,0,0,0,0.0786606,0,0,0.0429574,0,0,0.121618,0,0,0,0,0,0,0,0,0,0,0,27.2661,353.535,0,0.000246927,0.004509,
2,9,19,0,0,0.221825,0,0,0,1.40685,0.809163,1.74082,0,0,0,4.17866,0,0,0,0,0.34122,0,0,0.04701,0,0,0.38823,0,0,0,0,0,0,0,0,0,0,0,27.2628,353.535,0,0.000246964,0.004509,
2,9,20,0,0,0.221825,0,0,0,1.9763,0.816149,1.80085,0,0,0,4.81512,0,0,0,0,0.192157,0,0,0.0486311,0,0,0.240788,0,0,0,0,0,0,0,0,0,0,0,27.269,353.535,0,0.000247162,0.004509,
2,9,21,0,0,0.221825,0,0,0,1.89255,0.823135,1.86088,0.382647,0,0,5.18104,0,0,0,0,0.279196,0,0,0.0502522,0,0,0.329448,0,0,0,0,0,0,0,0,0,0,0,27.2441,353.535,0,0.00024586,0.004509,
2,9,22,0.0239319,0,0.221825,0,0,0,1.60783,0.816149,1.80085,0.382647,0,0,4.85323,0.0199407,0,0,0,0.0441086,0,0,0.0486311,0,0,0.11268,0,0,0,0,0,0,0,0,0,0,0,27.243,353.535,0,0.000245823,0.004509,
2,9,23,0.149273,0,0.221825,0,0,0,1.05514,0.788205,1.56074,0.382647,0,0,4.15783,0.124377,0,0,0,0.0406165,0,0,0.042147,0,0,0.207141,0,0,0,0,0,0,0,0,0,0,0,27.1974,353.535,0,0.000240611,0.004509,
2,9,24,0.236096,0,0.221825,0,0,0,0.636433,0.763754,1.35064,0.382647,0,0,3.59139,0.196721,0,0,0,0.0797987,0,0,0.0364733,0,0,0.312993,0,0,0,0,0,0,0,0,0,0,0,27.1673,353.535,0,0.000239831,0.004509,
2,10,1,0.346542,0,0.221825,0,0,0,0.385211,0.735811,1.11052,0,0,0,2.79991,0.288747,0,0,0,0,0,0,0.0299892,0,0,0.318736,0,0,0,0,0,0,0,0,0,0,0,27.2177,353.535,0,0.000240419,0.004509,
2,10,2,0.48612,0,0.221825,0,0,0,0.318218,0.728825,1.0505,0,0,0,2.80548,0.405046,0,0,0,0,0,0,0.0283681,0,0,0.433414,0,0,0,0,0,0,0,0,0,0,0,27.1393,353.535,0,0.000237626,0.004509,
2,10,3,0.620082,0,0.221825,0,0,0,0.251224,0.725332,1.02048,0,0,0,2.83894,0.516667,0,0,0,0.00206527,0,0,0.0275576,0,0,0.54629,0,0,0,0,0,0,0,0,0,0,0,27.1196,353.535,0,0.000236804,0.004509,
2,10,4,0.72197,0,0.221825,0,0,0,0.28472,0.725332,1.02048,0,0,0,2.97433,0.601563,0,0,0,0,0,0,0.0275576,0,0,0.629121,0,0,0,0,0,0,0,0,0,0,0,27.1276,353.535,0,0.000236975,0.004509,
2,10,5,0.773042,0,0.221825,0,0,0,0.351715,0.718346,0.960451,0,0,0,3.02538,0.644118,0,0,0,0,0,0,0.0259366,0,0,0.670055,0,0,0,0,0,0,0,0,0,0,0,27.1469,353.535,0,0.000237912,0.004509,
2,10,6,0.777002,0,0.221825,0,0,0,0.519197,0.732318,1.08051,0,0,0,3.33085,0.647417,0,0,0,0,0,0,0.0291787,0,0,0.676596,0,0,0,0,0,0,0,0,0,0,0,27.3237,353.535,0,0.00024349,0.004509,
2,10,7,0.718532,0,0.221825,0,0,0,0.703426,0.753275,1.26059,0,0,0,3.65765,0.598697,0,0,0,0.599049,0,0,0.0340418,0,0,1.23179,0,0,0,0,0,0,0,0,0,0,0,27.4032,353.535,0,0.000247749,0.004509,
2,10,8,0.497043,0,0.221825,0,0,0,0.686679,0.760261,1.32062,0,0,0,3.48643,0.414148,0,0,0,0.740769,0,0,0.0356628,0,0,1.19058,0,0,0,0,0,0,0,0,0,0,0,27.1613,353.535,0,0.000241108,0.004509,
2,10,9,0.312937,0,0.221825,0,0,0,0.56944,0.735811,1.11052,0,0,0,2.95054,0.260746,0,0,0,0.319391,0,0,0.0299892,0,0,0.610126,0,0,0,0,0,0,0,0,0,0,0,23.201,353.535,0,0.000108226,0.004509,
2,10,10,0.183289,0,0.221825,0,0,0,0.4857,0.718346,0.960451,0,0,0,2.56961,0.152721,0,0,0,0.571875,0,0,0.0259366,0,0,0.750533,0,0,0,0,0,0,0,0,0,0,0,19.9998,353.535,0,3.80596e-006,0.004509,
2,10,11,0.0238095,0,0.221825,0,0,0,0.452204,0.721839,0.990466,0,0,0,2.41014,0.0198386,0,0,0,0.222614,0,0,0.0267471,0,0,0.2692,0,0,0,0,0,0,0,0,0,0,0,19.3862,353.535,0,1.65525e-006,0.004509,
2,10,12,0,0,0.221825,0,0,0,0.418708,0.721839,0.990466,0,0,0,2.35284,0,0,0,0,0.0204909,0,0,0.0267471,0,0,0.047238,0,0,0,0,0,0,0,0,0,0,0,18.4866,353.535,0,0,0.004509,
2,10,13,0,0,0.221825,0,0,0,0.351715,0.718346,0.960451,0,0,0,2.25234,0,0,0,0,0.0115181,0,0,0.0259366,0,0,0.0374547,0,0,0,0,0,0,0,0,0,0,0,18.3912,353.535,0,0,0.004509,
2,10,14,0,0,0.221825,0,0,0,0.351715,0.721839,0.990466,0,0,0,2.28584,0,0,0,0,0.158329,0,0,0.0267471,0,0,0.185076,0,0,0,0,0,0,0,0,0,0,0,18.4852,353.535,0,0,0.004509,
2,10,15,0,0,0.221825,0,0,0,0.351715,0.728825,1.0505,0,0,0,2.35286,0,0,0,0,0.058636,0,0,0.0283681,0,0,0.0870041,0,0,0,0,0,0,0,0,0,0,0,19.6607,353.535,0,4.50854e-006,0.004509,
2,10,16,0,0,0.221825,0,0,0,0.435454,0.735811,1.11052,0,0,0,2.50361,0,0,0,0,0.319273,0,0,0.0299892,0,0,0.349262,0,0,0,0,0,0,0,0,0,0,0,19.7933,353.535,0,2.42267e-006,0.004509,
2,10,17,0,0,0.221825,0,0,0,0.519197,0.760261,1.32062,0,0,0,2.8219,0,0,0,0,0.118248,0,0,0.0356628,0,0,0.153911,0,0,0,0,0,0,0,0,0,0,0,23.694,353.535,0,6.43826e-005,0.004509,
2,10,18,0,0,0.221825,0,0,0,0.736923,0.791698,1.59075,0,0,0,3.3412,0,0,0,0,0.028984,0,0,0.0429574,0,0,0.0719414,0,0,0,0,0,0,0,0,0,0,0,27.4493,353.535,0,0.00024998,0.004509,
2,10,19,0,0,0.221825,0,0,0,1.40685,0.809163,1.74082,0,0,0,4.17866,0,0,0,0,0.175611,0,0,0.04701,0,0,0.222621,0,0,0,0,0,0,0,0,0,0,0,27.4523,353.535,0,0.000250173,0.004509,
2,10,20,0,0,0.221825,0,0,0,1.9763,0.816149,1.80085,0,0,0,4.81512,0,0,0,0,0.193789,0,0,0.0486311,0,0,0.24242,0,0,0,0,0,0,0,0,0,0,0,27.4574,353.535,0,0.000250382,0.004509,
2,10,21,0,0,0.221825,0,0,0,1.89255,0.823135,1.86088,0.382647,0,0,5.18104,0,0,0,0,0.0622076,0,0,0.0502522,0,0,0.11246,0,0,0,0,0,0,0,0,0,0,0,27.4337,353.535,0,0.000249078,0.004509,
2,10,22,0,0,0.221825,0,0,0,1.60783,0.816149,1.80085,0.382647,0,0,4.8293,0,0,0,0,0.0140224,0,0,0.0486311,0,0,0.0626535,0,0,0,0,0,0,0,0,0,0,0,27.4346,353.535,0,0.000249055,0.004509,
2,10,23,0.0960604,0,0.221825,0,0,0,1.05514,0.788205,1.56074,0.382647,0,0,4.10461,0.0800399,0,0,0,0.0113531,0,0,0.042147,0,0,0.13354,0,0,0,0,0,0,0,0,0,0,0,27.3925,353.535,0,0.000247362,0.004509,
2,10,24,0.176663,0,0.221825,0,0,0,0.636433,0.763754,1.35064,0.382647,0,0,3.53196,0.1472,0,0,0,0.0235379,0,0,0.0364733,0,0,0.207211,0,0,0,0,0,0,0,0,0,0,0,27.2468,353.535,0,0.00024153,0.004509,
2,11,1,0.222361,0,0.221825,0,0,0,0.385211,0.735811,1.11052,0,0,0,2.67573,0.185277,0,0,0,0.00234038,0,0,0.0299892,0,0,0.217607,0,0,0,0,0,0,0,0,0,0,0,27.5126,353.535,0,0.000249139,0.004509,
2,11,2,0.335489,0,0.221825,0,0,0,0.318218,0.728825,1.0505,0,0,0,2.65485,0.279537,0,0,0,0.00111502,0,0,0.0283681,0,0,0.30902,0,0,0,0,0,0,0,0,0,0,0,27.5094,353.535,0,0.000248918,0.004509,
2,11,3,0.531917,0,0.221825,0,0,0,0.251224,0.725332,1.02048,0,0,0,2.75078,0.443207,0,0,0,0.0139819,0,0,0.0275576,0,0,0.484747,0,0,0,0,0,0,0,0,0,0,0,27.5113,353.535,0,0.000248968,0.004509,
2,11,4,0.595293,0,0.221825,0,0,0,0.28472,0.725332,1.02048,0,0,0,2.84765,0.496012,0,0,0,0,0,0,0.0275576,0,0,0.52357,0,0,0,0,0,0,0,0,0,0,0,27.5138,353.535,0,0.000248798,0.004509,
2,11,5,0.655557,0,0.221825,0,0,0,0.351715,0.718346,0.960451,0,0,0,2.90789,0.546226,0,0,0,0,0,0,0.0259366,0,0,0.572163,0,0,0,0,0,0,0,0,0,0,0,27.5316,353.535,0,0.00024968,0.004509,
2,11,6,0.666219,0,0.221825,0,0,0,0.519197,0.732318,1.08051,0,0,0,3.22007,0.55511,0,0,0,0.00362886,0,0,0.0291787,0,0,0.587918,0,0,0,0,0,0,0,0,0,0,0,27.5308,353.535,0,0.000249755,0.004509,
2,11,7,0.652852,0,0.221825,0,0,0,0.703426,0.753275,1.26059,0,0,0,3.59197,0.543971,0,0,0,0.0237219,0,0,0.0340418,0,0,0.601735,0,0,0,0,0,0,0,0,0,0,0,27.5305,353.535,0,0.000250419,0.004509,
2,11,8,0.52017,0,0.221825,0,0,0,0.686679,0.760261,1.32062,0,0,0,3.50956,0.433419,0,0,0,0.216393,0,0,0.0356628,0,0,0.685475,0,0,0,0,0,0,0,0,0,0,0,27.4643,353.535,0,0.000248125,0.004509,
2,11,9,0.299851,0,0.221825,0,0,0,0.56944,0.735811,1.11052,0,0,0,2.93745,0.249843,0,0,0,0.642892,0,0,0.0299892,0,0,0.922724,0,0,0,0,0,0,0,0,0,0,0,22.8891,353.535,0,9.40495e-005,0.004509,
2,11,10,0.0752386,0,0.221825,0,0,0,0.4857,0.718346,0.960451,0,0,0,2.46156,0.0626907,0,0,0,0.578739,0,0,0.0259366,0,0,0.667366,0,0,0,0,0,0,0,0,0,0,0,19.8677,353.535,0,1.39639e-006,0.004509,
2,11,11,0.0012037,0,0.221825,0,0,0,0.452204,0.721839,0.990466,0,0,0,2.38754,0.00100295,0,0,0,0.184548,0,0,0.0267471,0,0,0.212298,0,0,0,0,0,0,0,0,0,0,0,19.5012,353.535,0,2.28102e-007,0.004509,
2,11,12,0,0,0.221825,0,0,0,0.418708,0.721839,0.990466,0,0,0,2.35284,0,0,0,0,0.0275151,0,0,0.0267471,0,0,0.0542622,0,0,0,0,0,0,0,0,0,0,0,19.4705,353.535,0,7.80866e-008,0.004509,
2,11,13,0,0,0.221825,0,0,0,0.351715,0.718346,0.960451,0,0,0,2.25234,0,0,0,0,0.117955,0,0,0.0259366,0,0,0.143892,0,0,0,0,0,0,0,0,0,0,0,19.471,353.535,0,3.54225e-007,0.004509,
2,11,14,0,0,0.221825,0,0,0,0.351715,0.721839,0.990466,0,0,0,2.28584,0,0,0,0,0.0792001,0,0,0.0267471,0,0,0.105947,0,0,0,0,0,0,0,0,0,0,0,19.5108,353.535,0,7.86347e-007,0.004509,
2,11,15,0,0,0.221825,0,0,0,0.351715,0.728825,1.0505,0,0,0,2.35286,0,0,0,0,0.0485433,0,0,0.0283681,0,0,0.0769114,0,0,0,0,0,0,0,0,0,0,0,19.7266,353.535,0,2.82466e-006,0.004509,
2,11,16,0,0,0.221825,0,0,0,0.435454,0.735811,1.11052,0,0,0,2.50361,0,0,0,0,0.114514,0,0,0.0299892,0,0,0.144503,0,0,0,0,0,0,0,0,0,0,0,19.8592,353.535,0,3.90226e-006,0.004509,
2,11,17,0,0,0.221825,0,0,0,0.519197,0.760261,1.32062,0,0,0,2.8219,0,0,0,0,0.241413,0,0,0.0356628,0,0,0.277076,0,0,0,0,0,0,0,0,0,0,0,23.1486,353.535,0,0.000100915,0.004509,
2,11,18,0,0,0.221825,0,0,0,0.736923,0.791698,1.59075,0,0,0,3.3412,0,0,0,0,0.287005,0,0,0.0429574,0,0,0.329962,0,0,0,0,0,0,0,0,0,0,0,27.5821,353.535,0,0.000253506,0.004509,
2,11,19,0,0,0.221825,0,0,0,1.40685,0.809163,1.74082,0,0,0,4.17866,0,0,0,0,0.111283,0,0,0.04701,0,0,0.158293,0,0,0,0,0,0,0,0,0,0,0,27.5872,353.535,0,0.000253734,0.004509,
2,11,20,0,0,0.221825,0,0,0,1.9763,0.816149,1.80085,0,0,0,4.81512,0,0,0,0,0.0191249,0,0,0.0486311,0,0,0.067756,0,0,0,0,0,0,0,0,0,0,0,27.5923,353.535,0,0.000253928,0.004509,
2,11,21,0,0,0.221825,0,0,0,1.89255,0.823135,1.86088,0.382647,0,0,5.18104,0,0,0,0,0.0418717,0,0,0.0502522,0,0,0.0921239,0,0,0,0,0,0,0,0,0,0,0,27.5676,353.535,0,0.000252702,0.004509,
2,11,22,0,0,0.221825,0,0,0,1.60783,0.816149,1.80085,0.382647,0,0,4.8293,0,0,0,0,0.184943,0,0,0.0486311,0,0,0.233574,0,0,0,0,0,0,0,0,0,0,0,27.5645,353.535,0,0.000252646,0.004509,
2,11,23,0,0,0.221825,0,0,0,1.05514,0.788205,1.56074,0.382647,0,0,4.00855,0,0,0,0,0.0332752,0,0,0.042147,0,0,0.0754222,0,0,0,0,0,0,0,0,0,0,0,27.5178,353.535,0,0.000250776,0.004509,
2,11,24,0.090192,0,0.221825,0,0,0,0.636433,0.763754,1.35064,0.382647,0,0,3.44549,0.0751501,0,0,0,0.0881177,0,0,0.0364733,0,0,0.199741,0,0,0,0,0,0,0,0,0,0,0,27.5225,353.535,0,0.000250569,0.004509,
2,12,1,0.185054,0,0.221825,0,0,0,0.385211,0.735811,1.11052,0,0,0,2.63843,0.154192,0,0,0,0.00116949,0,0,0.0299892,0,0,0.185351,0,0,0,0,0,0,0,0,0,0,0,27.2178,353.535,0,0.000237895,0.004509,
2,12,2,0.239444,0,0.221825,0,0,0,0.318218,0.728825,1.0505,0,0,0,2.55881,0.199511,0,0,0,0.000557174,0,0,0.0283681,0,0,0.228436,0,0,0,0,0,0,0,0,0,0,0,27.1894,353.535,0,0.000236838,0.004509,
2,12,3,0.335223,0,0.221825,0,0,0,0.251224,0.725332,1.02048,0,0,0,2.55408,0.279315,0,0,0,0.00377846,0,0,0.0275576,0,0,0.310651,0,0,0,0,0,0,0,0,0,0,0,27.1943,353.535,0,0.000236849,0.004509,
2,12,4,0.518066,0,0.221825,0,0,0,0.28472,0.725332,1.02048,0,0,0,2.77042,0.431664,0,0,0,0,0,0,0.0275576,0,0,0.459222,0,0,0,0,0,0,0,0,0,0,0,27.2173,353.535,0,0.000238332,0.004509,
2,12,5,0.600404,0,0.221825,0,0,0,0.351715,0.718346,0.960451,0,0,0,2.85274,0.500273,0,0,0,0,0,0,0.0259366,0,0,0.52621,0,0,0,0,0,0,0,0,0,0,0,27.252,353.535,0,0.000238973,0.004509,
2,12,6,0.646823,0,0.221825,0,0,0,0.519197,0.732318,1.08051,0,0,0,3.20067,0.538948,0,0,0,0.0206484,0,0,0.0291787,0,0,0.588775,0,0,0,0,0,0,0,0,0,0,0,27.2536,353.535,0,0.000239072,0.004509,
2,12,7,0.646556,0,0.221825,0,0,0,0.703426,0.753275,1.26059,0,0,0,3.58568,0.538727,0,0,0,0.132843,0,0,0.0340418,0,0,0.705612,0,0,0,0,0,0,0,0,0,0,0,27.2549,353.535,0,0.000239335,0.004509,
2,12,8,0.414686,0,0.221825,0,0,0,0.686679,0.760261,1.32062,0,0,0,3.40407,0.345527,0,0,0,0.559075,0,0,0.0356628,0,0,0.940265,0,0,0,0,0,0,0,0,0,0,0,27.199,353.535,0,0.000238404,0.004509,
2,12,9,0.162834,0,0.221825,0,0,0,0.56944,0.735811,1.11052,0,0,0,2.80043,0.135677,0,0,0,0.13159,0,0,0.0299892,0,0,0.297256,0,0,0,0,0,0,0,0,0,0,0,21.4938,353.535,0,4.65646e-005,0.004509,
2,12,10,0.0215251,0,0.221825,0,0,0,0.4857,0.718346,0.960451,0,0,0,2.40785,0.0179353,0,0,0,0.546168,0,0,0.0259366,0,0,0.59004,0,0,0,0,0,0,0,0,0,0,0,18.8138,353.535,0,1.8199e-006,0.004509,
2,12,11,0,0,0.221825,0,0,0,0.452204,0.721839,0.990466,0,0,0,2.38633,0,0,0,0,0.0792704,0,0,0.0267471,0,0,0.106017,0,0,0,0,0,0,0,0,0,0,0,18.6125,353.535,0,0,0.004509,
2,12,12,0,0,0.221825,0,0,0,0.418708,0.721839,0.990466,0,0,0,2.35284,0,0,0,0,0.00288598,0,0,0.0267471,0,0,0.0296331,0,0,0,0,0,0,0,0,0,0,0,18.5606,353.535,0,0,0.004509,
2,12,13,0,0,0.221825,0,0,0,0.351715,0.718346,0.960451,0,0,0,2.25234,0,0,0,0,0.0408181,0,0,0.0259366,0,0,0.0667547,0,0,0,0,0,0,0,0,0,0,0,18.5689,353.535,0,0,0.004509,
2,12,14,0,0,0.221825,0,0,0,0.351715,0.721839,0.990466,0,0,0,2.28584,0,0,0,0,0.023859,0,0,0.0267471,0,0,0.0506061,0,0,0,0,0,0,0,0,0,0,0,18.5885,353.535,0,0,0.004509,
2,12,15,0,0,0.221825,0,0,0,0.351715,0.728825,1.0505,0,0,0,2.35286,0,0,0,0,0.0428295,0,0,0.0283681,0,0,0.0711976,0,0,0,0,0,0,0,0,0,0,0,18.6633,353.535,0,0,0.004509,
2,12,16,0,0,0.221825,0,0,0,0.435454,0.735811,1.11052,0,0,0,2.50361,0,0,0,0,0.216384,0,0,0.0299892,0,0,0.246373,0,0,0,0,0,0,0,0,0,0,0,18.8219,353.535,0,3.64675e-007,0.004509,
2,12,17,0,0,0.221825,0,0,0,0.519197,0.760261,1.32062,0,0,0,2.8219,0,0,0,0,0.00783628,0,0,0.0356628,0,0,0.0434991,0,0,0,0,0,0,0,0,0,0,0,20.878,353.535,0,4.2857e-005,0.004509,
2,12,18,0,0,0.221825,0,0,0,0.736923,0.791698,1.59075,0,0,0,3.3412,0,0,0,0,0.0139759,0,0,0.0429574,0,0,0.0569333,0,0,0,0,0,0,0,0,0,0,0,27.4344,353.535,0,0.000245846,0.004509,
2,12,19,0,0,0.221825,0,0,0,1.40685,0.809163,1.74082,0,0,0,4.17866,0,0,0,0,0.185979,0,0,0.04701,0,0,0.232989,0,0,0,0,0,0,0,0,0,0,0,27.4408,353.535,0,0.000246204,0.004509,
2,12,20,0,0,0.221825,0,0,0,1.9763,0.816149,1.80085,0,0,0,4.81512,0,0,0,0,0.0200491,0,0,0.0486311,0,0,0.0686802,0,0,0,0,0,0,0,0,0,0,0,27.4451,353.535,0,0.000246307,0.004509,
2,12,21,0,0,0.221825,0,0,0,1.89255,0.823135,1.86088,0.382647,0,0,5.18104,0,0,0,0,0.0856398,0,0,0.0502522,0,0,0.135892,0,0,0,0,0,0,0,0,0,0,0,27.4193,353.535,0,0.00024509,0.004509,
2,12,22,0,0,0.221825,0,0,0,1.60783,0.816149,1.80085,0.382647,0,0,4.8293,0,0,0,0,0.00893532,0,0,0.0486311,0,0,0.0575664,0,0,0,0,0,0,0,0,0,0,0,27.3919,353.535,0,0.000245031,0.004509,
2,12,23,0,0,0.221825,0,0,0,1.05514,0.788205,1.56074,0.382647,0,0,4.00855,0,0,0,0,0.0293469,0,0,0.042147,0,0,0.0714939,0,0,0,0,0,0,0,0,0,0,0,27.3271,353.535,0,0.000241274,0.004509,
2,12,24,0.0319672,0,0.221825,0,0,0,0.636433,0.763754,1.35064,0.382647,0,0,3.38726,0.0266359,0,0,0,0.0248913,0,0,0.0364733,0,0,0.0880005,0,0,0,0,0,0,0,0,0,0,0,27.3108,353.535,0,0.000240915,0.004509,
2,13,1,0.13521,0,0.221825,0,0,0,0.385211,0.735811,1.11052,0,0,0,2.58858,0.11266,0,0,0,0.0019322,0,0,0.0299892,0,0,0.144581,0,0,0,0,0,0,0,0,0,0,0,27.0495,353.535,0,0.000229263,0.004509,
2,13,2,0.193138,0,0.221825,0,0,0,0.318218,0.728825,1.0505,0,0,0,2.5125,0.160927,0,0,0,0.0454796,0,0,0.0283681,0,0,0.234775,0,0,0,0,0,0,0,0,0,0,0,27.0368,353.535,0,0.000229096,0.004509,
2,13,3,0.233178,0,0.221825,0,0,0,0.251224,0.725332,1.02048,0,0,0,2.45204,0.19429,0,0,0,0.0338294,0,0,0.0275576,0,0,0.255677,0,0,0,0,0,0,0,0,0,0,0,27.0324,353.535,0,0.000229164,0.004509,
2,13,4,0.368737,0,0.221825,0,0,0,0.28472,0.725332,1.02048,0,0,0,2.62109,0.307241,0,0,0,0,0,0,0.0275576,0,0,0.334799,0,0,0,0,0,0,0,0,0,0,0,26.9962,353.535,0,0.000228933,0.004509,
2,13,5,0.52087,0,0.221825,0,0,0,0.351715,0.718346,0.960451,0,0,0,2.77321,0.434003,0,0,0,0.00109443,0,0,0.0259366,0,0,0.461034,0,0,0,0,0,0,0,0,0,0,0,27.0267,353.535,0,0.000229031,0.004509,
2,13,6,0.539883,0,0.221825,0,0,0,0.519197,0.732318,1.08051,0,0,0,3.09373,0.449843,0,0,0,0.00334929,0,0,0.0291787,0,0,0.482371,0,0,0,0,0,0,0,0,0,0,0,27.0381,353.535,0,0.000229357,0.004509,
2,13,7,0.532649,0,0.221825,0,0,0,0.703426,0.753275,1.26059,0,0,0,3.47177,0.443815,0,0,0,0.0323747,0,0,0.0340418,0,0,0.510232,0,0,0,0,0,0,0,0,0,0,0,27.0529,353.535,0,0.000229967,0.004509,
2,13,8,0.3501,0,0.221825,0,0,0,0.686679,0.760261,1.32062,0,0,0,3.33949,0.291711,0,0,0,0.230013,0,0,0.0356628,0,0,0.557387,0,0,0,0,0,0,0,0,0,0,0,27.0017,353.535,0,0.000228647,0.004509,
2,13,9,0.0664004,0,0.221825,0,0,0,0.56944,0.735811,1.11052,0,0,0,2.704,0.0553264,0,0,0,1.09598,0,0,0.0299892,0,0,1.1813,0,0,0,0,0,0,0,0,0,0,0,23.3122,353.535,0,0.000140405,0.004509,
2,13,10,0,0,0.221825,0,0,0,0.4857,0.718346,0.960451,0,0,0,2.38632,0,0,0,0,0.75264,0,0,0.0259366,0,0,0.778577,0,0,0,0,0,0,0,0,0,0,0,19.5755,353.535,0,1.80588e-005,0.004509,
2,13,11,0,0,0.221825,0,0,0,0.452204,0.721839,0.990466,0,0,0,2.38633,0,0,0,0,0.363778,0,0,0.0267471,0,0,0.390525,0,0,0,0,0,0,0,0,0,0,0,18.2779,353.535,0,0,0.004509,
2,13,12,0,0,0.221825,0,0,0,0.418708,0.721839,0.990466,0,0,0,2.35284,0,0,0,0,0.026329,0,0,0.0267471,0,0,0.0530761,0,0,0,0,0,0,0,0,0,0,0,18.0056,353.535,0,0,0.004509,
2,13,13,0,0,0.221825,0,0,0,0.351715,0.718346,0.960451,0,0,0,2.25234,0,0,0,0,0.0574987,0,0,0.0259366,0,0,0.0834353,0,0,0,0,0,0,0,0,0,0,0,18.054,353.535,0,0,0.004509,
2,13,14,0,0,0.221825,0,0,0,0.351715,0.721839,0.990466,0,0,0,2.28584,0,0,0,0,0.0225109,0,0,0.0267471,0,0,0.049258,0,0,0,0,0,0,0,0,0,0,0,18.0161,353.535,0,0,0.004509,
2,13,15,0,0,0.221825,0,0,0,0.351715,0.728825,1.0505,0,0,0,2.35286,0,0,0,0,0.41743,0,0,0.0283681,0,0,0.445798,0,0,0,0,0,0,0,0,0,0,0,18.0897,353.535,0,0,0.004509,
2,13,16,0,0,0.221825,0,0,0,0.435454,0.735811,1.11052,0,0,0,2.50361,0,0,0,0,0.155859,0,0,0.0299892,0,0,0.185848,0,0,0,0,0,0,0,0,0,0,0,18.3482,353.535,0,0,0.004509,
2,13,17,0,0,0.221825,0,0,0,0.519197,0.760261,1.32062,0,0,0,2.8219,0,0,0,0,0.162962,0,0,0.0356628,0,0,0.198625,0,0,0,0,0,0,0,0,0,0,0,20.3788,353.535,0,2.98715e-005,0.004509,
2,13,18,0,0,0.221825,0,0,0,0.736923,0.791698,1.59075,0,0,0,3.3412,0,0,0,0,0.166326,0,0,0.0429574,0,0,0.209283,0,0,0,0,0,0,0,0,0,0,0,26.9993,353.535,0,0.000231812,0.004509,
2,13,19,0,0,0.221825,0,0,0,1.40685,0.809163,1.74082,0,0,0,4.17866,0,0,0,0,0.0710815,0,0,0.04701,0,0,0.118092,0,0,0,0,0,0,0,0,0,0,0,27.0038,353.535,0,0.000232062,0.004509,
2,13,20,0,0,0.221825,0,0,0,1.9763,0.816149,1.80085,0,0,0,4.81512,0,0,0,0,0.0957986,0,0,0.0486311,0,0,0.14443,0,0,0,0,0,0,0,0,0,0,0,27.0045,353.535,0,0.000232141,0.004509,
2,13,21,0,0,0.221825,0,0,0,1.89255,0.823135,1.86088,0.382647,0,0,5.18104,0,0,0,0,0.0562597,0,0,0.0502522,0,0,0.106512,0,0,0,0,0,0,0,0,0,0,0,26.9778,353.535,0,0.000230894,0.004509,
2,13,22,0,0,0.221825,0,0,0,1.60783,0.816149,1.80085,0.382647,0,0,4.8293,0,0,0,0,0.213136,0,0,0.0486311,0,0,0.261767,0,0,0,0,0,0,0,0,0,0,0,26.9456,353.535,0,0.000229991,0.004509,
2,13,23,0.0758239,0,0.221825,0,0,0,1.05514,0.788205,1.56074,0.382647,0,0,4.08438,0.0631782,0,0,0,0.315357,0,0,0.042147,0,0,0.420682,0,0,0,0,0,0,0,0,0,0,0,26.8232,353.535,0,0.000228345,0.004509,
2,13,24,0.169547,0,0.221825,0,0,0,0.636433,0.763754,1.35064,0.382647,0,0,3.52484,0.14127,0,0,0,0.0981771,0,0,0.0364733,0,0,0.27592,0,0,0,0,0,0,0,0,0,0,0,26.6771,353.535,0,0.000226114,0.004509,
2,14,1,0.243869,0,0.221825,0,0,0,0.385211,0.735811,1.11052,0,0,0,2.69724,0.203197,0,0,0,0.0140975,0,0,0.0299892,0,0,0.247284,0,0,0,0,0,0,0,0,0,0,0,27.356,353.535,0,0.000245662,0.004509,
2,14,2,0.360507,0,0.221825,0,0,0,0.318218,0.728825,1.0505,0,0,0,2.67987,0.300383,0,0,0,0.0257778,0,0,0.0283681,0,0,0.354529,0,0,0,0,0,0,0,0,0,0,0,27.2796,353.535,0,0.000244028,0.004509,
2,14,3,0.424018,0,0.221825,0,0,0,0.251224,0.725332,1.02048,0,0,0,2.64288,0.353303,0,0,0,0.000663127,0,0,0.0275576,0,0,0.381524,0,0,0,0,0,0,0,0,0,0,0,27.2375,353.535,0,0.000241148,0.004509,
2,14,4,0.500202,0,0.221825,0,0,0,0.28472,0.725332,1.02048,0,0,0,2.75256,0.416781,0,0,0,0,0,0,0.0275576,0,0,0.444339,0,0,0,0,0,0,0,0,0,0,0,27.168,353.535,0,0.000238902,0.004509,
2,14,5,0.617233,0,0.221825,0,0,0,0.351715,0.718346,0.960451,0,0,0,2.86957,0.514294,0,0,0,0.000780345,0,0,0.0259366,0,0,0.541011,0,0,0,0,0,0,0,0,0,0,0,27.2374,353.535,0,0.000239235,0.004509,
2,14,6,0.685821,0,0.221825,0,0,0,0.519197,0.732318,1.08051,0,0,0,3.23967,0.571444,0,0,0,0.00257287,0,0,0.0291787,0,0,0.603196,0,0,0,0,0,0,0,0,0,0,0,27.4047,353.535,0,0.000246344,0.004509,
2,14,7,0.680996,0,0.221825,0,0,0,0.703426,0.753275,1.26059,0,0,0,3.62012,0.567423,0,0,0,0.0448655,0,0,0.0340418,0,0,0.64633,0,0,0,0,0,0,0,0,0,0,0,30.6106,353.535,0,0.000247006,0.004509,
2,14,8,0.641448,0,0.221825,0,0,0,0.686679,0.760261,1.32062,0,0,0,3.63083,0.53447,0,0,0,0.402542,0,0,0.0356628,0,0,0.972675,0,0,0,0,0,0,0,0,0,0,0,27.3482,353.535,0,0.000245007,0.004509,
2,14,9,0.50495,0,0.221825,0,0,0,0.56944,0.735811,1.11052,0,0,0,3.14255,0.420737,0,0,0,0.500934,0,0,0.0299892,0,0,0.95166,0,0,0,0,0,0,0,0,0,0,0,20.8553,353.535,0,3.24183e-005,0.004509,
2,14,10,0.415577,0,0.221825,0,0,0,0.4857,0.718346,0.960451,0,0,0,2.8019,0.34627,0,0,0,0.644767,0,0,0.0259366,0,0,1.01697,0,0,0,0,0,0,0,0,0,0,0,18.7526,353.535,0,2.26732e-006,0.004509,
2,14,11,0.347793,0,0.221825,0,0,0,0.452204,0.721839,0.990466,0,0,0,2.73413,0.289789,0,0,0,0.370206,0,0,0.0267471,0,0,0.686742,0,0,0,0,0,0,0,0,0,0,0,18.3394,353.535,0,0,0.004509,
2,14,12,0.260683,0,0.221825,0,0,0,0.418708,0.721839,0.990466,0,0,0,2.61352,0.217207,0,0,0,0.52365,0,0,0.0267471,0,0,0.767604,0,0,0,0,0,0,0,0,0,0,0,18.3777,353.535,0,4.23562e-008,0.004509,
2,14,13,0.205051,0,0.221825,0,0,0,0.351715,0.718346,0.960451,0,0,0,2.45739,0.170854,0,0,0,0.284549,0,0,0.0259366,0,0,0.48134,0,0,0,0,0,0,0,0,0,0,0,18.4135,353.535,0,0,0.004509,
2,14,14,0.153268,0,0.221825,0,0,0,0.351715,0.721839,0.990466,0,0,0,2.43911,0.127707,0,0,0,0.245544,0,0,0.0267471,0,0,0.399998,0,0,0,0,0,0,0,0,0,0,0,18.7288,353.535,0,0,0.004509,
2,14,15,0.090398,0,0.221825,0,0,0,0.351715,0.728825,1.0505,0,0,0,2.44326,0.0753219,0,0,0,0.206064,0,0,0.0283681,0,0,0.309754,0,0,0,0,0,0,0,0,0,0,0,18.5553,353.535,0,0,0.004509,
2,14,16,0.0636278,0,0.221825,0,0,0,0.435454,0.735811,1.11052,0,0,0,2.56724,0.0530162,0,0,0,0.186102,0,0,0.0299892,0,0,0.269107,0,0,0,0,0,0,0,0,0,0,0,18.6361,353.535,0,1.88286e-006,0.004509,
2,14,17,0.0985967,0,0.221825,0,0,0,0.519197,0.760261,1.32062,0,0,0,2.9205,0.0821532,0,0,0,0.0291763,0,0,0.0356628,0,0,0.146992,0,0,0,0,0,0,0,0,0,0,0,20.2311,353.535,0,3.02251e-005,0.004509,
2,14,18,0.210362,0,0.221825,0,0,0,0.736923,0.791698,1.59075,0,0,0,3.55156,0.175279,0,0,0,0.601315,0,0,0.0429574,0,0,0.819551,0,0,0,0,0,0,0,0,0,0,0,27.5104,353.535,0,0.000246572,0.004509,
2,14,19,0.274614,0,0.221825,0,0,0,1.40685,0.809163,1.74082,0,0,0,4.45328,0.228815,0,0,0,0.273403,0,0,0.04701,0,0,0.549228,0,0,0,0,0,0,0,0,0,0,0,27.5116,353.535,0,0.000246723,0.004509,
2,14,20,0.302866,0,0.221825,0,0,0,1.9763,0.816149,1.80085,0,0,0,5.11799,0.252356,0,0,0,0.456162,0,0,0.0486311,0,0,0.757149,0,0,0,0,0,0,0,0,0,0,0,27.51,353.535,0,0.000246687,0.004509,
2,14,21,0.375117,0,0.221825,0,0,0,1.89255,0.823135,1.86088,0.382647,0,0,5.55615,0.312556,0,0,0,0.318504,0,0,0.0502522,0,0,0.681312,0,0,0,0,0,0,0,0,0,0,0,27.5088,353.535,0,0.000246689,0.004509,
2,14,22,0.461706,0,0.221825,0,0,0,1.60783,0.816149,1.80085,0.382647,0,0,5.29101,0.384705,0,0,0,0.182738,0,0,0.0486311,0,0,0.616074,0,0,0,0,0,0,0,0,0,0,0,27.5014,353.535,0,0.000246583,0.004509,
2,14,23,0.588886,0,0.221825,0,0,0,1.05514,0.788205,1.56074,0.382647,0,0,4.59744,0.490673,0,0,0,0.0331321,0,0,0.042147,0,0,0.565952,0,0,0,0,0,0,0,0,0,0,0,27.5003,353.535,0,0.000246562,0.004509,
2,14,24,0.711952,0,0.221825,0,0,0,0.636433,0.763754,1.35064,0.382647,0,0,4.06725,0.593217,0,0,0,0.000910943,0,0,0.0364733,0,0,0.630601,0,0,0,0,0,0,0,0,0,0,0,27.5027,353.535,0,0.000246543,0.004509,
2,15,1,0.791665,0,0.221825,0,0,0,0.385211,0.735811,1.11052,0,0,0,3.24504,0.659634,0,0,0,0.137992,0,0,0.0299892,0,0,0.827615,0,0,0,0,0,0,0,0,0,0,0,27.5222,353.535,0,0.000242775,0.004509,
2,15,2,0.867292,0,0.221825,0,0,0,0.318218,0.728825,1.0505,0,0,0,3.18666,0.722648,0,0,0,0,0,0,0.0283681,0,0,0.751016,0,0,0,0,0,0,0,0,0,0,0,27.4998,353.535,0,0.000242844,0.004509,
2,15,3,0.901125,0,0.221825,0,0,0,0.251224,0.725332,1.02048,0,0,0,3.11999,0.750839,0,0,0,0.0393778,0,0,0.0275576,0,0,0.817774,0,0,0,0,0,0,0,0,0,0,0,27.5118,353.535,0,0.000242917,0.004509,
2,15,4,0.956609,0,0.221825,0,0,0,0.28472,0.725332,1.02048,0,0,0,3.20897,0.797069,0,0,0,0.0266499,0,0,0.0275576,0,0,0.851277,0,0,0,0,0,0,0,0,0,0,0,27.5265,353.535,0,0.000243065,0.004509,
2,15,5,0.982535,0,0.221825,0,0,0,0.351715,0.718346,0.960451,0,0,0,3.23487,0.818671,0,0,0,0.000749157,0,0,0.0259366,0,0,0.845357,0,0,0,0,0,0,0,0,0,0,0,27.5283,353.535,0,0.000243302,0.004509,
2,15,6,0.920478,0,0.221825,0,0,0,0.519197,0.732318,1.08051,0,0,0,3.47433,0.766965,0,0,0,0.00392531,0,0,0.0291787,0,0,0.800069,0,0,0,0,0,0,0,0,0,0,0,27.5335,353.535,0,0.000243401,0.004509,
2,15,7,0.86609,0,0.221825,0,0,0,0.703426,0.753275,1.26059,0,0,0,3.80521,0.721648,0,0,0,0.0365671,0,0,0.0340418,0,0,0.792257,0,0,0,0,0,0,0,0,0,0,0,27.5505,353.535,0,0.000243852,0.004509,
2,15,8,0.613101,0,0.221825,0,0,0,0.686679,0.760261,1.32062,0,0,0,3.60249,0.51085,0,0,0,0.263073,0,0,0.0356628,0,0,0.809586,0,0,0,0,0,0,0,0,0,0,0,27.4351,353.535,0,0.000242132,0.004509,
2,15,9,0.374569,0,0.221825,0,0,0,0.56944,0.735811,1.11052,0,0,0,3.01217,0.312101,0,0,0,0.031161,0,0,0.0299892,0,0,0.373251,0,0,0,0,0,0,0,0,0,0,0,19.9467,353.535,0,1.97356e-005,0.004509,
2,15,10,0.230587,0,0.221825,0,0,0,0.4857,0.718346,0.960451,0,0,0,2.61691,0.192131,0,0,0,0.559342,0,0,0.0259366,0,0,0.77741,0,0,0,0,0,0,0,0,0,0,0,18.0968,353.535,0,1.14499e-006,0.004509,
2,15,11,0.129491,0,0.221825,0,0,0,0.452204,0.721839,0.990466,0,0,0,2.51582,0.107895,0,0,0,0.270005,0,0,0.0267471,0,0,0.404647,0,0,0,0,0,0,0,0,0,0,0,17.8839,353.535,0,0,0.004509,
2,15,12,0.0827617,0,0.221825,0,0,0,0.418708,0.721839,0.990466,0,0,0,2.4356,0.0689592,0,0,0,0.186345,0,0,0.0267471,0,0,0.282051,0,0,0,0,0,0,0,0,0,0,0,18.0648,353.535,0,0,0.004509,
2,15,13,0.0473834,0,0.221825,0,0,0,0.351715,0.718346,0.960451,0,0,0,2.29972,0.039481,0,0,0,0.282635,0,0,0.0259366,0,0,0.348053,0,0,0,0,0,0,0,0,0,0,0,18.2252,353.535,0,0,0.004509,
2,15,14,0.010906,0,0.221825,0,0,0,0.351715,0.721839,0.990466,0,0,0,2.29675,0.00908716,0,0,0,0.11149,0,0,0.0267471,0,0,0.147324,0,0,0,0,0,0,0,0,0,0,0,17.9113,353.535,0,0,0.004509,
2,15,15,0,0,0.221825,0,0,0,0.351715,0.728825,1.0505,0,0,0,2.35286,0,0,0,0,0.112016,0,0,0.0283681,0,0,0.140384,0,0,0,0,0,0,0,0,0,0,0,17.8609,353.535,0,0,0.004509,
2,15,16,0,0,0.221825,0,0,0,0.435454,0.735811,1.11052,0,0,0,2.50361,0,0,0,0,0.0191061,0,0,0.0299892,0,0,0.0490953,0,0,0,0,0,0,0,0,0,0,0,18.108,353.535,0,7.15537e-007,0.004509,
2,15,17,0,0,0.221825,0,0,0,0.519197,0.760261,1.32062,0,0,0,2.8219,0,0,0,0,0.0555214,0,0,0.0356628,0,0,0.0911842,0,0,0,0,0,0,0,0,0,0,0,20.5732,353.535,0,2.50532e-005,0.004509,
2,15,18,0,0,0.221825,0,0,0,0.736923,0.791698,1.59075,0,0,0,3.3412,0,0,0,0,0.316994,0,0,0.0429574,0,0,0.359951,0,0,0,0,0,0,0,0,0,0,0,27.6913,353.535,0,0.000248553,0.004509,
2,15,19,0.0618159,0,0.221825,0,0,0,1.40685,0.809163,1.74082,0,0,0,4.24048,0.0515064,0,0,0,0.0481783,0,0,0.04701,0,0,0.146695,0,0,0,0,0,0,0,0,0,0,0,27.703,353.535,0,0.00024878,0.004509,
2,15,20,0.102491,0,0.221825,0,0,0,1.9763,0.816149,1.80085,0,0,0,4.91761,0.0853979,0,0,0,0.0867698,0,0,0.0486311,0,0,0.220799,0,0,0,0,0,0,0,0,0,0,0,27.6932,353.535,0,0.000248769,0.004509,
2,15,21,0.148358,0,0.221825,0,0,0,1.89255,0.823135,1.86088,0.382647,0,0,5.32939,0.123615,0,0,0,0.3269,0,0,0.0502522,0,0,0.500767,0,0,0,0,0,0,0,0,0,0,0,27.6921,353.535,0,0.000248814,0.004509,
2,15,22,0.323637,0,0.221825,0,0,0,1.60783,0.816149,1.80085,0.382647,0,0,5.15294,0.269662,0,0,0,0.137002,0,0,0.0486311,0,0,0.455295,0,0,0,0,0,0,0,0,0,0,0,27.6716,353.535,0,0.000248726,0.004509,
2,15,23,0.492248,0,0.221825,0,0,0,1.05514,0.788205,1.56074,0.382647,0,0,4.5008,0.410152,0,0,0,0.0304804,0,0,0.042147,0,0,0.482779,0,0,0,0,0,0,0,0,0,0,0,27.6449,353.535,0,0.000248599,0.004509,
2,15,24,0.650692,0,0.221825,0,0,0,0.636433,0.763754,1.35064,0.382647,0,0,4.00599,0.542172,0,0,0,0.00839311,0,0,0.0364733,0,0,0.587038,0,0,0,0,0,0,0,0,0,0,0,27.6428,353.535,0,0.000247785,0.004509,
2,16,1,0.748426,0,0.221825,0,0,0,0.385211,0.735811,1.11052,0,0,0,3.2018,0.623606,0,0,0,0,0,0,0.0299892,0,0,0.653595,0,0,0,0,0,0,0,0,0,0,0,27.7674,353.535,0,0.000254305,0.004509,
2,16,2,0.799106,0,0.221825,0,0,0,0.318218,0.728825,1.0505,0,0,0,3.11847,0.665835,0,0,0,0,0,0,0.0283681,0,0,0.694203,0,0,0,0,0,0,0,0,0,0,0,27.7633,353.535,0,0.000254027,0.004509,
2,16,3,0.861682,0,0.221825,0,0,0,0.251224,0.725332,1.02048,0,0,0,3.08054,0.717974,0,0,0,0,0,0,0.0275576,0,0,0.745532,0,0,0,0,0,0,0,0,0,0,0,27.7734,353.535,0,0.000254451,0.004509,
2,16,4,0.929235,0,0.221825,0,0,0,0.28472,0.725332,1.02048,0,0,0,3.18159,0.774261,0,0,0,0.000822312,0,0,0.0275576,0,0,0.802641,0,0,0,0,0,0,0,0,0,0,0,27.8281,353.535,0,0.000254661,0.004509,
2,16,5,0.958945,0,0.221825,0,0,0,0.351715,0.718346,0.960451,0,0,0,3.21128,0.799017,0,0,0,0,0,0,0.0259366,0,0,0.824954,0,0,0,0,0,0,0,0,0,0,0,27.8308,353.535,0,0.000256067,0.004509,
2,16,6,0.983051,0,0.221825,0,0,0,0.519197,0.732318,1.08051,0,0,0,3.5369,0.819103,0,0,0,0.021788,0,0,0.0291787,0,0,0.87007,0,0,0,0,0,0,0,0,0,0,0,27.8298,353.535,0,0.000256325,0.004509,
2,16,7,0.942383,0,0.221825,0,0,0,0.703426,0.753275,1.26059,0,0,0,3.8815,0.785217,0,0,0,0.103125,0,0,0.0340418,0,0,0.922384,0,0,0,0,0,0,0,0,0,0,0,27.839,353.535,0,0.000257887,0.004509,
2,16,8,0.687034,0,0.221825,0,0,0,0.686679,0.760261,1.32062,0,0,0,3.67642,0.572454,0,0,0,0.0336154,0,0,0.0356628,0,0,0.641732,0,0,0,0,0,0,0,0,0,0,0,27.8153,353.535,0,0.000255786,0.004509,
2,16,9,0.440355,0,0.221825,0,0,0,0.56944,0.735811,1.11052,0,0,0,3.07796,0.366915,0,0,0,0.209748,0,0,0.0299892,0,0,0.606652,0,0,0,0,0,0,0,0,0,0,0,21.1835,353.535,0,2.18475e-005,0.004509,
2,16,10,0.220827,0,0.221825,0,0,0,0.4857,0.718346,0.960451,0,0,0,2.60715,0.183998,0,0,0,0.554824,0,0,0.0259366,0,0,0.764759,0,0,0,0,0,0,0,0,0,0,0,18.1377,353.535,0,0,0.004509,
2,16,11,0.0497087,0,0.221825,0,0,0,0.452204,0.721839,0.990466,0,0,0,2.43604,0.0414185,0,0,0,0.25598,0,0,0.0267471,0,0,0.324146,0,0,0,0,0,0,0,0,0,0,0,17.8071,353.535,0,4.78544e-006,0.004509,
2,16,12,0,0,0.221825,0,0,0,0.418708,0.721839,0.990466,0,0,0,2.35284,0,0,0,0,0.178991,0,0,0.0267471,0,0,0.205738,0,0,0,0,0,0,0,0,0,0,0,18.2064,353.535,0,0,0.004509,
2,16,13,0,0,0.221825,0,0,0,0.351715,0.718346,0.960451,0,0,0,2.25234,0,0,0,0,0.365244,0,0,0.0259366,0,0,0.391181,0,0,0,0,0,0,0,0,0,0,0,17.8992,353.535,0,0,0.004509,
2,16,14,0,0,0.221825,0,0,0,0.351715,0.721839,0.990466,0,0,0,2.28584,0,0,0,0,0.106297,0,0,0.0267471,0,0,0.133044,0,0,0,0,0,0,0,0,0,0,0,17.9004,353.535,0,0,0.004509,
2,16,15,0,0,0.221825,0,0,0,0.351715,0.728825,1.0505,0,0,0,2.35286,0,0,0,0,0.393087,0,0,0.0283681,0,0,0.421455,0,0,0,0,0,0,0,0,0,0,0,17.9213,353.535,0,0,0.004509,
2,16,16,0,0,0.221825,0,0,0,0.435454,0.735811,1.11052,0,0,0,2.50361,0,0,0,0,0.14658,0,0,0.0299892,0,0,0.176569,0,0,0,0,0,0,0,0,0,0,0,18.1923,353.535,0,0,0.004509,
2,16,17,0,0,0.221825,0,0,0,0.519197,0.760261,1.32062,0,0,0,2.8219,0,0,0,0,0.0208216,0,0,0.0356628,0,0,0.0564844,0,0,0,0,0,0,0,0,0,0,0,19.4447,353.535,0,1.14778e-005,0.004509,
2,16,18,0,0,0.221825,0,0,0,0.736923,0.791698,1.59075,0,0,0,3.3412,0,0,0,0,0.0740002,0,0,0.0429574,0,0,0.116958,0,0,0,0,0,0,0,0,0,0,0,27.7005,353.535,0,0.000253976,0.004509,
2,16,19,0,0,0.221825,0,0,0,1.40685,0.809163,1.74082,0,0,0,4.17866,0,0,0,0,0.523252,0,0,0.04701,0,0,0.570262,0,0,0,0,0,0,0,0,0,0,0,27.7105,353.535,0,0.000254293,0.004509,
2,16,20,0,0,0.221825,0,0,0,1.9763,0.816149,1.80085,0,0,0,4.81512,0,0,0,0,0.213316,0,0,0.0486311,0,0,0.261947,0,0,0,0,0,0,0,0,0,0,0,27.7097,353.535,0,0.000254307,0.004509,
2,16,21,0,0,0.221825,0,0,0,1.89255,0.823135,1.86088,0.382647,0,0,5.18104,0,0,0,0,0.0856356,0,0,0.0502522,0,0,0.135888,0,0,0,0,0,0,0,0,0,0,0,27.7108,353.535,0,0.000254402,0.004509,
2,16,22,0.0255085,0,0.221825,0,0,0,1.60783,0.816149,1.80085,0.382647,0,0,4.85481,0.0212543,0,0,0,0.000822312,0,0,0.0486311,0,0,0.0707077,0,0,0,0,0,0,0,0,0,0,0,27.7033,353.535,0,0.000254452,0.004509,
2,16,23,0.101505,0,0.221825,0,0,0,1.05514,0.788205,1.56074,0.382647,0,0,4.11006,0.0845762,0,0,0,0.00212174,0,0,0.042147,0,0,0.128845,0,0,0,0,0,0,0,0,0,0,0,27.6753,353.535,0,0.000253176,0.004509,
2,16,24,0.164273,0,0.221825,0,0,0,0.636433,0.763754,1.35064,0.382647,0,0,3.51957,0.136876,0,0,0,0.00353769,0,0,0.0364733,0,0,0.176887,0,0,0,0,0,0,0,0,0,0,0,27.6784,353.535,0,0.000251802,0.004509,
2,17,1,0.258754,0,0.221825,0,0,0,0.385211,0.735811,1.11052,0,0,0,2.71213,0.2156,0,0,0,0.00107836,0,0,0.0299892,0,0,0.246668,0,0,0,0,0,0,0,0,0,0,0,27.7762,353.535,0,0.000257108,0.004509,
2,17,2,0.355739,0,0.221825,0,0,0,0.318218,0.728825,1.0505,0,0,0,2.6751,0.29641,0,0,0,0.0452542,0,0,0.0283681,0,0,0.370032,0,0,0,0,0,0,0,0,0,0,0,27.6324,353.535,0,0.000256176,0.004509,
2,17,3,0.443274,0,0.221825,0,0,0,0.251224,0.725332,1.02048,0,0,0,2.66214,0.369346,0,0,0,0.0215053,0,0,0.0275576,0,0,0.418409,0,0,0,0,0,0,0,0,0,0,0,27.5343,353.535,0,0.000253253,0.004509,
2,17,4,0.54415,0,0.221825,0,0,0,0.28472,0.725332,1.02048,0,0,0,2.79651,0.453399,0,0,0,0,0,0,0.0275576,0,0,0.480957,0,0,0,0,0,0,0,0,0,0,0,27.5766,353.535,0,0.000255782,0.004509,
2,17,5,0.591442,0,0.221825,0,0,0,0.351715,0.718346,0.960451,0,0,0,2.84378,0.492804,0,0,0,0.00083304,0,0,0.0259366,0,0,0.519574,0,0,0,0,0,0,0,0,0,0,0,27.8492,353.535,0,0.000258311,0.004509,
2,17,6,0.648406,0,0.221825,0,0,0,0.519197,0.732318,1.08051,0,0,0,3.20226,0.540267,0,0,0,0.00840922,0,0,0.0291787,0,0,0.577855,0,0,0,0,0,0,0,0,0,0,0,27.8553,353.535,0,0.000258556,0.004509,
2,17,7,0.633007,0,0.221825,0,0,0,0.703426,0.753275,1.26059,0,0,0,3.57213,0.527436,0,0,0,0.0965724,0,0,0.0340418,0,0,0.65805,0,0,0,0,0,0,0,0,0,0,0,27.8692,353.535,0,0.000259559,0.004509,
2,17,8,0.39954,0,0.221825,0,0,0,0.686679,0.760261,1.32062,0,0,0,3.38893,0.332906,0,0,0,0.787928,0,0,0.0356628,0,0,1.1565,0,0,0,0,0,0,0,0,0,0,0,27.6701,353.535,0,0.000252662,0.004509,
2,17,9,0.163764,0,0.221825,0,0,0,0.56944,0.735811,1.11052,0,0,0,2.80136,0.136453,0,0,0,0.0969772,0,0,0.0299892,0,0,0.263419,0,0,0,0,0,0,0,0,0,0,0,21.7466,353.535,0,5.6861e-005,0.004509,
2,17,10,0.0194319,0,0.221825,0,0,0,0.4857,0.718346,0.960451,0,0,0,2.40575,0.0161911,0,0,0,0.314518,0,0,0.0259366,0,0,0.356646,0,0,0,0,0,0,0,0,0,0,0,18.5195,353.535,0,9.56112e-007,0.004509,
2,17,11,0,0,0.221825,0,0,0,0.452204,0.721839,0.990466,0,0,0,2.38633,0,0,0,0,0.349052,0,0,0.0267471,0,0,0.375799,0,0,0,0,0,0,0,0,0,0,0,18.0021,353.535,0,0,0.004509,
2,17,12,0,0,0.221825,0,0,0,0.418708,0.721839,0.990466,0,0,0,2.35284,0,0,0,0,0.00919608,0,0,0.0267471,0,0,0.0359432,0,0,0,0,0,0,0,0,0,0,0,17.9482,353.535,0,0,0.004509,
2,17,13,0,0,0.221825,0,0,0,0.351715,0.718346,0.960451,0,0,0,2.25234,0,0,0,0,0.0279636,0,0,0.0259366,0,0,0.0539002,0,0,0,0,0,0,0,0,0,0,0,17.9679,353.535,0,0,0.004509,
2,17,14,0,0,0.221825,0,0,0,0.351715,0.721839,0.990466,0,0,0,2.28584,0,0,0,0,0.024443,0,0,0.0267471,0,0,0.0511901,0,0,0,0,0,0,0,0,0,0,0,17.9838,353.535,0,0,0.004509,
2,17,15,0,0,0.221825,0,0,0,0.351715,0.728825,1.0505,0,0,0,2.35286,0,0,0,0,0.0760679,0,0,0.0283681,0,0,0.104436,0,0,0,0,0,0,0,0,0,0,0,17.9228,353.535,0,0,0.004509,
2,17,16,0,0,0.221825,0,0,0,0.435454,0.735811,1.11052,0,0,0,2.50361,0,0,0,0,0.154282,0,0,0.0299892,0,0,0.184271,0,0,0,0,0,0,0,0,0,0,0,18.3486,353.535,0,2.72945e-007,0.004509,
2,17,17,0,0,0.221825,0,0,0,0.519197,0.760261,1.32062,0,0,0,2.8219,0,0,0,0,0.0274471,0,0,0.0356628,0,0,0.0631099,0,0,0,0,0,0,0,0,0,0,0,20.3533,353.535,0,2.54494e-005,0.004509,
2,17,18,0,0,0.221825,0,0,0,0.736923,0.791698,1.59075,0,0,0,3.3412,0,0,0,0,0.0208429,0,0,0.0429574,0,0,0.0638003,0,0,0,0,0,0,0,0,0,0,0,27.994,353.535,0,0.000265451,0.004509,
2,17,19,0,0,0.221825,0,0,0,1.40685,0.809163,1.74082,0,0,0,4.17866,0,0,0,0,0.0960478,0,0,0.04701,0,0,0.143058,0,0,0,0,0,0,0,0,0,0,0,28.0279,353.535,0,0.000265732,0.004509,
2,17,20,0,0,0.221825,0,0,0,1.9763,0.816149,1.80085,0,0,0,4.81512,0,0,0,0,0.15855,0,0,0.0486311,0,0,0.207181,0,0,0,0,0,0,0,0,0,0,0,28.0274,353.535,0,0.000265781,0.004509,
2,17,21,0,0,0.221825,0,0,0,1.89255,0.823135,1.86088,0.382647,0,0,5.18104,0,0,0,0,0.152261,0,0,0.0502522,0,0,0.202513,0,0,0,0,0,0,0,0,0,0,0,28,353.535,0,0.000264372,0.004509,
2,17,22,0,0,0.221825,0,0,0,1.60783,0.816149,1.80085,0.382647,0,0,4.8293,0,0,0,0,0.0448053,0,0,0.0486311,0,0,0.0934364,0,0,0,0,0,0,0,0,0,0,0,28.0008,353.535,0,0.000264499,0.004509,
2,17,23,0.00463916,0,0.221825,0,0,0,1.05514,0.788205,1.56074,0.382647,0,0,4.01319,0.00386546,0,0,0,0.257572,0,0,0.042147,0,0,0.303584,0,0,0,0,0,0,0,0,0,0,0,27.95,353.535,0,0.000262134,0.004509,
2,17,24,0.121403,0,0.221825,0,0,0,0.636433,0.763754,1.35064,0.382647,0,0,3.4767,0.101156,0,0,0,0.090516,0,0,0.0364733,0,0,0.228145,0,0,0,0,0,0,0,0,0,0,0,27.9399,353.535,0,0.000261902,0.004509,
2,18,1,0.179159,0,0.221825,0,0,0,0.385211,0.735811,1.11052,0,0,0,2.63253,0.14928,0,0,0,0.000971479,0,0,0.0299892,0,0,0.180241,0,0,0,0,0,0,0,0,0,0,0,28.0404,353.535,0,0.00026808,0.004509,
2,18,2,0.231935,0,0.221825,0,0,0,0.318218,0.728825,1.0505,0,0,0,2.5513,0.193254,0,0,0,0,0,0,0.0283681,0,0,0.221622,0,0,0,0,0,0,0,0,0,0,0,28.0442,353.535,0,0.000268162,0.004509,
2,18,3,0.323388,0,0.221825,0,0,0,0.251224,0.725332,1.02048,0,0,0,2.54225,0.269455,0,0,0,0.00332738,0,0,0.0275576,0,0,0.30034,0,0,0,0,0,0,0,0,0,0,0,27.9772,353.535,0,0.000266587,0.004509,
2,18,4,0.437691,0,0.221825,0,0,0,0.28472,0.725332,1.02048,0,0,0,2.69005,0.364695,0,0,0,0.000485739,0,0,0.0275576,0,0,0.392738,0,0,0,0,0,0,0,0,0,0,0,27.8747,353.535,0,0.000263571,0.004509,
2,18,5,0.554428,0,0.221825,0,0,0,0.351715,0.718346,0.960451,0,0,0,2.80677,0.461964,0,0,0,0.00737853,0,0,0.0259366,0,0,0.495279,0,0,0,0,0,0,0,0,0,0,0,27.9555,353.535,0,0.000264887,0.004509,
2,18,6,0.624766,0,0.221825,0,0,0,0.519197,0.732318,1.08051,0,0,0,3.17862,0.520571,0,0,0,0.110054,0,0,0.0291787,0,0,0.659804,0,0,0,0,0,0,0,0,0,0,0,28.0544,353.535,0,0.000268832,0.004509,
2,18,7,0.605264,0,0.221825,0,0,0,0.703426,0.753275,1.26059,0,0,0,3.54439,0.50432,0,0,0,0.36572,0,0,0.0340418,0,0,0.904082,0,0,0,0,0,0,0,0,0,0,0,28.0708,353.535,0,0.000269604,0.004509,
2,18,8,0.537723,0,0.221825,0,0,0,0.686679,0.760261,1.32062,0,0,0,3.52711,0.448044,0,0,0,0.503884,0,0,0.0356628,0,0,0.987591,0,0,0,0,0,0,0,0,0,0,0,27.827,353.535,0,0.000264218,0.004509,
2,18,9,0.341521,0,0.221825,0,0,0,0.56944,0.735811,1.11052,0,0,0,2.97912,0.284564,0,0,0,0.102768,0,0,0.0299892,0,0,0.417321,0,0,0,0,0,0,0,0,0,0,0,24.329,353.535,0,0.000169007,0.004509,
2,18,10,0.157018,0,0.221825,0,0,0,0.4857,0.718346,0.960451,0,0,0,2.54334,0.130831,0,0,0,0.24238,0,0,0.0259366,0,0,0.399148,0,0,0,0,0,0,0,0,0,0,0,21.3223,353.535,0,3.69441e-005,0.004509,
2,18,11,0.041158,0,0.221825,0,0,0,0.452204,0.721839,0.990466,0,0,0,2.42749,0.0342937,0,0,0,0.0803983,0,0,0.0267471,0,0,0.141439,0,0,0,0,0,0,0,0,0,0,0,21.0027,353.535,0,2.59018e-005,0.004509,
2,18,12,0.00183596,0,0.221825,0,0,0,0.418708,0.721839,0.990466,0,0,0,2.35467,0.00152976,0,0,0,0.0174976,0,0,0.0267471,0,0,0.0457745,0,0,0,0,0,0,0,0,0,0,0,20.7479,353.535,0,2.19091e-005,0.004509,
2,18,13,0,0,0.221825,0,0,0,0.351715,0.718346,0.960451,0,0,0,2.25234,0,0,0,0,0.0809769,0,0,0.0259366,0,0,0.106913,0,0,0,0,0,0,0,0,0,0,0,19.7896,353.535,0,1.97622e-006,0.004509,
2,18,14,0,0,0.221825,0,0,0,0.351715,0.721839,0.990466,0,0,0,2.28584,0,0,0,0,0.0428102,0,0,0.0267471,0,0,0.0695573,0,0,0,0,0,0,0,0,0,0,0,20.7792,353.535,0,2.30136e-005,0.004509,
2,18,15,0,0,0.221825,0,0,0,0.351715,0.728825,1.0505,0,0,0,2.35286,0,0,0,0,0.112732,0,0,0.0283681,0,0,0.1411,0,0,0,0,0,0,0,0,0,0,0,20.8783,353.535,0,2.30247e-005,0.004509,
2,18,16,0,0,0.221825,0,0,0,0.435454,0.735811,1.11052,0,0,0,2.50361,0,0,0,0,0.124846,0,0,0.0299892,0,0,0.154835,0,0,0,0,0,0,0,0,0,0,0,21.2066,353.535,0,3.17655e-005,0.004509,
2,18,17,0,0,0.221825,0,0,0,0.519197,0.760261,1.32062,0,0,0,2.8219,0,0,0,0,0.0269828,0,0,0.0356628,0,0,0.0626456,0,0,0,0,0,0,0,0,0,0,0,26.0484,353.535,0,0.00020041,0.004509,
2,18,18,0,0,0.221825,0,0,0,0.736923,0.791698,1.59075,0,0,0,3.3412,0,0,0,0,0.0380976,0,0,0.0429574,0,0,0.081055,0,0,0,0,0,0,0,0,0,0,0,28.1008,353.535,0,0.000272239,0.004509,
2,18,19,0,0,0.221825,0,0,0,1.40685,0.809163,1.74082,0,0,0,4.17866,0,0,0,0,0.105048,0,0,0.04701,0,0,0.152058,0,0,0,0,0,0,0,0,0,0,0,28.1025,353.535,0,0.000272334,0.004509,
2,18,20,0,0,0.221825,0,0,0,1.9763,0.816149,1.80085,0,0,0,4.81512,0,0,0,0,0.0657623,0,0,0.0486311,0,0,0.114393,0,0,0,0,0,0,0,0,0,0,0,28.0957,353.535,0,0.000271816,0.004509,
2,18,21,0,0,0.221825,0,0,0,1.89255,0.823135,1.86088,0.382647,0,0,5.18104,0,0,0,0,0.0971669,0,0,0.0502522,0,0,0.147419,0,0,0,0,0,0,0,0,0,0,0,28.0674,353.535,0,0.000270373,0.004509,
2,18,22,0,0,0.221825,0,0,0,1.60783,0.816149,1.80085,0.382647,0,0,4.8293,0,0,0,0,0.0494469,0,0,0.0486311,0,0,0.098078,0,0,0,0,0,0,0,0,0,0,0,28.0581,353.535,0,0.000270221,0.004509,
2,18,23,0.00278171,0,0.221825,0,0,0,1.05514,0.788205,1.56074,0.382647,0,0,4.01133,0.00231779,0,0,0,0.0474411,0,0,0.042147,0,0,0.0919059,0,0,0,0,0,0,0,0,0,0,0,28.0034,353.535,0,0.000267494,0.004509,
2,18,24,0.0856439,0,0.221825,0,0,0,0.636433,0.763754,1.35064,0.382647,0,0,3.44094,0.0713606,0,0,0,0.0103212,0,0,0.0364733,0,0,0.118155,0,0,0,0,0,0,0,0,0,0,0,28.0004,353.535,0,0.000265381,0.004509,
2,19,1,0.154117,0,0.221825,0,0,0,0.385211,0.735811,1.11052,0,0,0,2.60749,0.128414,0,0,0,0.00125627,0,0,0.0299892,0,0,0.159659,0,0,0,0,0,0,0,0,0,0,0,28.1541,353.535,0,0.000274958,0.004509,
2,19,2,0.212841,0,0.221825,0,0,0,0.318218,0.728825,1.0505,0,0,0,2.5322,0.177345,0,0,0,0.00327179,0,0,0.0283681,0,0,0.208985,0,0,0,0,0,0,0,0,0,0,0,27.988,353.535,0,0.000270121,0.004509,
2,19,3,0.321955,0,0.221825,0,0,0,0.251224,0.725332,1.02048,0,0,0,2.54082,0.26826,0,0,0,0.0335891,0,0,0.0275576,0,0,0.329407,0,0,0,0,0,0,0,0,0,0,0,27.8643,353.535,0,0.000268783,0.004509,
2,19,4,0.459877,0,0.221825,0,0,0,0.28472,0.725332,1.02048,0,0,0,2.71223,0.383181,0,0,0,0,0,0,0.0275576,0,0,0.410739,0,0,0,0,0,0,0,0,0,0,0,27.8684,353.535,0,0.000269148,0.004509,
2,19,5,0.531313,0,0.221825,0,0,0,0.351715,0.718346,0.960451,0,0,0,2.78365,0.442702,0,0,0,0,0,0,0.0259366,0,0,0.468639,0,0,0,0,0,0,0,0,0,0,0,28.0757,353.535,0,0.000274763,0.004509,
2,19,6,0.507148,0,0.221825,0,0,0,0.519197,0.732318,1.08051,0,0,0,3.061,0.422569,0,0,0,0.0818349,0,0,0.0291787,0,0,0.533583,0,0,0,0,0,0,0,0,0,0,0,28.233,353.535,0,0.000278476,0.004509,
2,19,7,0.480797,0,0.221825,0,0,0,0.703426,0.753275,1.26059,0,0,0,3.41992,0.400612,0,0,0,0.21694,0,0,0.0340418,0,0,0.651594,0,0,0,0,0,0,0,0,0,0,0,28.2332,353.535,0,0.000278732,0.004509,
2,19,8,0.413505,0,0.221825,0,0,0,0.686679,0.760261,1.32062,0,0,0,3.40289,0.344544,0,0,0,0.445153,0,0,0.0356628,0,0,0.82536,0,0,0,0,0,0,0,0,0,0,0,28.2122,353.535,0,0.000277938,0.004509,
2,19,9,0.232467,0,0.221825,0,0,0,0.56944,0.735811,1.11052,0,0,0,2.87007,0.193697,0,0,0,0.0673358,0,0,0.0299892,0,0,0.291022,0,0,0,0,0,0,0,0,0,0,0,26.2196,353.535,0,0.000236492,0.004509,
2,19,10,0.0833696,0,0.221825,0,0,0,0.4857,0.718346,0.960451,0,0,0,2.46969,0.0694656,0,0,0,0.075282,0,0,0.0259366,0,0,0.170684,0,0,0,0,0,0,0,0,0,0,0,24.6365,353.535,0,0.000185646,0.004509,
2,19,11,0.0280886,0,0.221825,0,0,0,0.452204,0.721839,0.990466,0,0,0,2.41442,0.0234041,0,0,0,0.119631,0,0,0.0267471,0,0,0.169782,0,0,0,0,0,0,0,0,0,0,0,24.5228,353.535,0,0.000168805,0.004509,
2,19,12,0.0261128,0,0.221825,0,0,0,0.418708,0.721839,0.990466,0,0,0,2.37895,0.0217578,0,0,0,0.0908457,0,0,0.0267471,0,0,0.139351,0,0,0,0,0,0,0,0,0,0,0,24.3353,353.535,0,0.000163869,0.004509,
2,19,13,0.00526826,0,0.221825,0,0,0,0.351715,0.718346,0.960451,0,0,0,2.25761,0.00438964,0,0,0,0.274683,0,0,0.0259366,0,0,0.305009,0,0,0,0,0,0,0,0,0,0,0,24.3026,353.535,0,0.000161513,0.004509,
2,19,14,0,0,0.221825,0,0,0,0.351715,0.721839,0.990466,0,0,0,2.28584,0,0,0,0,0.160291,0,0,0.0267471,0,0,0.187038,0,0,0,0,0,0,0,0,0,0,0,24.3115,353.535,0,0.000161406,0.004509,
2,19,15,0.0221733,0,0.221825,0,0,0,0.351715,0.728825,1.0505,0,0,0,2.37503,0.0184754,0,0,0,0.517947,0,0,0.0283681,0,0,0.56479,0,0,0,0,0,0,0,0,0,0,0,24.3299,353.535,0,0.000165425,0.004509,
2,19,16,0.0583872,0,0.221825,0,0,0,0.435454,0.735811,1.11052,0,0,0,2.562,0.0486495,0,0,0,0.173787,0,0,0.0299892,0,0,0.252426,0,0,0,0,0,0,0,0,0,0,0,24.6522,353.535,0,0.000187761,0.004509,
2,19,17,0.0813716,0,0.221825,0,0,0,0.519197,0.760261,1.32062,0,0,0,2.90328,0.0678007,0,0,0,0.186098,0,0,0.0356628,0,0,0.289562,0,0,0,0,0,0,0,0,0,0,0,27.9348,353.535,0,0.00027538,0.004509,
2,19,18,0.137437,0,0.221825,0,0,0,0.736923,0.791698,1.59075,0,0,0,3.47863,0.114516,0,0,0,0.0694282,0,0,0.0429574,0,0,0.226902,0,0,0,0,0,0,0,0,0,0,0,28.3135,353.535,0,0.000282285,0.004509,
2,19,19,0.176404,0,0.221825,0,0,0,1.40685,0.809163,1.74082,0,0,0,4.35507,0.146985,0,0,0,0.269168,0,0,0.04701,0,0,0.463163,0,0,0,0,0,0,0,0,0,0,0,28.3162,353.535,0,0.000282285,0.004509,
2,19,20,0.186541,0,0.221825,0,0,0,1.9763,0.816149,1.80085,0,0,0,5.00166,0.155431,0,0,0,0.163967,0,0,0.0486311,0,0,0.368029,0,0,0,0,0,0,0,0,0,0,0,28.3154,353.535,0,0.000282288,0.004509,
2,19,21,0.235398,0,0.221825,0,0,0,1.89255,0.823135,1.86088,0.382647,0,0,5.41643,0.196139,0,0,0,0.237129,0,0,0.0502522,0,0,0.48352,0,0,0,0,0,0,0,0,0,0,0,28.2871,353.535,0,0.000280806,0.004509,
2,19,22,0.307799,0,0.221825,0,0,0,1.60783,0.816149,1.80085,0.382647,0,0,5.1371,0.256465,0,0,0,0.244993,0,0,0.0486311,0,0,0.550089,0,0,0,0,0,0,0,0,0,0,0,28.2807,353.535,0,0.000280618,0.004509,
2,19,23,0.379118,0,0.221825,0,0,0,1.05514,0.788205,1.56074,0.382647,0,0,4.38767,0.315889,0,0,0,0.299375,0,0,0.042147,0,0,0.657411,0,0,0,0,0,0,0,0,0,0,0,28.2222,353.535,0,0.000277688,0.004509,
2,19,24,0.454009,0,0.221825,0,0,0,0.636433,0.763754,1.35064,0.382647,0,0,3.8093,0.378292,0,0,0,0.760928,0,0,0.0364733,0,0,1.17569,0,0,0,0,0,0,0,0,0,0,0,28.196,353.535,0,0.000276519,0.004509,
2,20,1,0.514191,0,0.221825,0,0,0,0.385211,0.735811,1.11052,0,0,0,2.96756,0.428438,0,0,0,0,0,0,0.0299892,0,0,0.458427,0,0,0,0,0,0,0,0,0,0,0,27.9932,353.535,0,0.000266017,0.004509,
2,20,2,0.556158,0,0.221825,0,0,0,0.318218,0.728825,1.0505,0,0,0,2.87552,0.463405,0,0,0,0.0453526,0,0,0.0283681,0,0,0.537126,0,0,0,0,0,0,0,0,0,0,0,27.553,353.535,0,0.000253301,0.004509,
2,20,3,0.589883,0,0.221825,0,0,0,0.251224,0.725332,1.02048,0,0,0,2.80874,0.491506,0,0,0,0.020996,0,0,0.0275576,0,0,0.54006,0,0,0,0,0,0,0,0,0,0,0,27.4977,353.535,0,0.000251494,0.004509,
2,20,4,0.564361,0,0.221825,0,0,0,0.28472,0.725332,1.02048,0,0,0,2.81672,0.470238,0,0,0,0.00659966,0,0,0.0275576,0,0,0.504395,0,0,0,0,0,0,0,0,0,0,0,27.6794,353.535,0,0.000256096,0.004509,
2,20,5,0.527131,0,0.221825,0,0,0,0.351715,0.718346,0.960451,0,0,0,2.77947,0.439219,0,0,0,0.000566789,0,0,0.0259366,0,0,0.465722,0,0,0,0,0,0,0,0,0,0,0,27.9786,353.535,0,0.000267297,0.004509,
2,20,6,0.496993,0,0.221825,0,0,0,0.519197,0.732318,1.08051,0,0,0,3.05084,0.414106,0,0,0,0.115076,0,0,0.0291787,0,0,0.558361,0,0,0,0,0,0,0,0,0,0,0,28.0562,353.535,0,0.000268604,0.004509,
2,20,7,0.422494,0,0.221825,0,0,0,0.703426,0.753275,1.26059,0,0,0,3.36162,0.352031,0,0,0,0.0292023,0,0,0.0340418,0,0,0.415275,0,0,0,0,0,0,0,0,0,0,0,28.068,353.535,0,0.000269244,0.004509,
2,20,8,0.280938,0,0.221825,0,0,0,0.686679,0.760261,1.32062,0,0,0,3.27033,0.234084,0,0,0,0.409385,0,0,0.0356628,0,0,0.679132,0,0,0,0,0,0,0,0,0,0,0,27.9298,353.535,0,0.000268046,0.004509,
2,20,9,0.19543,0,0.221825,0,0,0,0.56944,0.735811,1.11052,0,0,0,2.83303,0.162837,0,0,0,0.461645,0,0,0.0299892,0,0,0.654471,0,0,0,0,0,0,0,0,0,0,0,24.4437,353.535,0,0.000178278,0.004509,
2,20,10,0.131885,0,0.221825,0,0,0,0.4857,0.718346,0.960451,0,0,0,2.51821,0.10989,0,0,0,0.478419,0,0,0.0259366,0,0,0.614246,0,0,0,0,0,0,0,0,0,0,0,23.7552,353.535,0,0.000131974,0.004509,
2,20,11,0.150921,0,0.221825,0,0,0,0.452204,0.721839,0.990466,0,0,0,2.53725,0.125751,0,0,0,0.176133,0,0,0.0267471,0,0,0.328631,0,0,0,0,0,0,0,0,0,0,0,23.6956,353.535,0,0.000121321,0.004509,
2,20,12,0.115633,0,0.221825,0,0,0,0.418708,0.721839,0.990466,0,0,0,2.46847,0.0963481,0,0,0,0.164087,0,0,0.0267471,0,0,0.287182,0,0,0,0,0,0,0,0,0,0,0,23.7036,353.535,0,0.000122125,0.004509,
2,20,13,0.192921,0,0.221825,0,0,0,0.351715,0.718346,0.960451,0,0,0,2.44526,0.160746,0,0,0,0.160038,0,0,0.0259366,0,0,0.346721,0,0,0,0,0,0,0,0,0,0,0,23.7132,353.535,0,0.00012206,0.004509,
2,20,14,0.329883,0,0.221825,0,0,0,0.351715,0.721839,0.990466,0,0,0,2.61573,0.274865,0,0,0,0.0534408,0,0,0.0267471,0,0,0.355053,0,0,0,0,0,0,0,0,0,0,0,23.7948,353.535,0,0.000122473,0.004509,
2,20,15,0.384326,0,0.221825,0,0,0,0.351715,0.728825,1.0505,0,0,0,2.73719,0.32023,0,0,0,0.0363476,0,0,0.0283681,0,0,0.384946,0,0,0,0,0,0,0,0,0,0,0,23.7421,353.535,0,0.000121752,0.004509,
2,20,16,0.326328,0,0.221825,0,0,0,0.435454,0.735811,1.11052,0,0,0,2.82994,0.271904,0,0,0,0.0624712,0,0,0.0299892,0,0,0.364364,0,0,0,0,0,0,0,0,0,0,0,23.7703,353.535,0,0.000122286,0.004509,
2,20,17,0.239483,0,0.221825,0,0,0,0.519197,0.760261,1.32062,0,0,0,3.06139,0.199543,0,0,0,0.148864,0,0,0.0356628,0,0,0.38407,0,0,0,0,0,0,0,0,0,0,0,24.4856,353.535,0,0.000146965,0.004509,
2,20,18,0.294933,0,0.221825,0,0,0,0.736923,0.791698,1.59075,0,0,0,3.63613,0.245746,0,0,0,0.219876,0,0,0.0429574,0,0,0.508579,0,0,0,0,0,0,0,0,0,0,0,28.1271,353.535,0,0.000271795,0.004509,
2,20,19,0.35709,0,0.221825,0,0,0,1.40685,0.809163,1.74082,0,0,0,4.53575,0.297535,0,0,0,0.45723,0,0,0.04701,0,0,0.801775,0,0,0,0,0,0,0,0,0,0,0,28.1298,353.535,0,0.000271981,0.004509,
2,20,20,0.356984,0,0.221825,0,0,0,1.9763,0.816149,1.80085,0,0,0,5.1721,0.297448,0,0,0,0.0383588,0,0,0.0486311,0,0,0.384438,0,0,0,0,0,0,0,0,0,0,0,28.1291,353.535,0,0.00027201,0.004509,
2,20,21,0.397368,0,0.221825,0,0,0,1.89255,0.823135,1.86088,0.382647,0,0,5.5784,0.331098,0,0,0,0.16804,0,0,0.0502522,0,0,0.54939,0,0,0,0,0,0,0,0,0,0,0,28.098,353.535,0,0.000270552,0.004509,
2,20,22,0.458312,0,0.221825,0,0,0,1.60783,0.816149,1.80085,0.382647,0,0,5.28761,0.381876,0,0,0,0.204374,0,0,0.0486311,0,0,0.634881,0,0,0,0,0,0,0,0,0,0,0,28.0942,353.535,0,0.000270493,0.004509,
2,20,23,0.565865,0,0.221825,0,0,0,1.05514,0.788205,1.56074,0.382647,0,0,4.57442,0.471493,0,0,0,0.322585,0,0,0.042147,0,0,0.836225,0,0,0,0,0,0,0,0,0,0,0,28.0594,353.535,0,0.000268817,0.004509,
2,20,24,0.671665,0,0.221825,0,0,0,0.636433,0.763754,1.35064,0.382647,0,0,4.02696,0.559648,0,0,0,0.141804,0,0,0.0364733,0,0,0.737925,0,0,0,0,0,0,0,0,0,0,0,28.0615,353.535,0,0.000268845,0.004509,
2,21,1,0.702142,0,0.221825,0,0,0,0.385211,0.735811,1.11052,0,0,0,3.15551,0.585043,0,0,0,0.0611928,0,0,0.0299892,0,0,0.676225,0,0,0,0,0,0,0,0,0,0,0,28.1949,353.535,0,0.000277872,0.004509,
2,21,2,0.728792,0,0.221825,0,0,0,0.318218,0.728825,1.0505,0,0,0,3.04816,0.607248,0,0,0,0.0219645,0,0,0.0283681,0,0,0.657581,0,0,0,0,0,0,0,0,0,0,0,28.1866,353.535,0,0.000277463,0.004509,
2,21,3,0.718819,0,0.221825,0,0,0,0.251224,0.725332,1.02048,0,0,0,2.93768,0.598938,0,0,0,0.0738814,0,0,0.0275576,0,0,0.700377,0,0,0,0,0,0,0,0,0,0,0,28.1628,353.535,0,0.000277208,0.004509,
2,21,4,0.72427,0,0.221825,0,0,0,0.28472,0.725332,1.02048,0,0,0,2.97663,0.60348,0,0,0,0.049984,0,0,0.0275576,0,0,0.681022,0,0,0,0,0,0,0,0,0,0,0,28.1643,353.535,0,0.00027706,0.004509,
2,21,5,0.715645,0,0.221825,0,0,0,0.351715,0.718346,0.960451,0,0,0,2.96798,0.596294,0,0,0,0,0,0,0.0259366,0,0,0.622231,0,0,0,0,0,0,0,0,0,0,0,28.2196,353.535,0,0.000279452,0.004509,
2,21,6,0.641817,0,0.221825,0,0,0,0.519197,0.732318,1.08051,0,0,0,3.19567,0.534778,0,0,0,0,0,0,0.0291787,0,0,0.563957,0,0,0,0,0,0,0,0,0,0,0,28.2445,353.535,0,0.000279989,0.004509,
2,21,7,0.599622,0,0.221825,0,0,0,0.703426,0.753275,1.26059,0,0,0,3.53874,0.49962,0,0,0,0.38708,0,0,0.0340418,0,0,0.920742,0,0,0,0,0,0,0,0,0,0,0,28.2429,353.535,0,0.000280033,0.004509,
2,21,8,0.55301,0,0.221825,0,0,0,0.686679,0.760261,1.32062,0,0,0,3.5424,0.460781,0,0,0,0.354412,0,0,0.0356628,0,0,0.850856,0,0,0,0,0,0,0,0,0,0,0,27.8597,353.535,0,0.000266132,0.004509,
2,21,9,0.536764,0,0.221825,0,0,0,0.56944,0.735811,1.11052,0,0,0,3.17436,0.447244,0,0,0,0.0259403,0,0,0.0299892,0,0,0.503174,0,0,0,0,0,0,0,0,0,0,0,24.8048,353.535,0,0.000190848,0.004509,
2,21,10,0.411105,0,0.221825,0,0,0,0.4857,0.718346,0.960451,0,0,0,2.79743,0.342542,0,0,0,0.352592,0,0,0.0259366,0,0,0.721071,0,0,0,0,0,0,0,0,0,0,0,24.4024,353.535,0,0.000183289,0.004509,
2,21,11,0.257685,0,0.221825,0,0,0,0.452204,0.721839,0.990466,0,0,0,2.64402,0.214709,0,0,0,0.064254,0,0,0.0267471,0,0,0.30571,0,0,0,0,0,0,0,0,0,0,0,24.3261,353.535,0,0.000166267,0.004509,
2,21,12,0.163736,0,0.221825,0,0,0,0.418708,0.721839,0.990466,0,0,0,2.51657,0.136429,0,0,0,0.200034,0,0,0.0267471,0,0,0.36321,0,0,0,0,0,0,0,0,0,0,0,24.3172,353.535,0,0.000166223,0.004509,
2,21,13,0.170629,0,0.221825,0,0,0,0.351715,0.718346,0.960451,0,0,0,2.42297,0.142172,0,0,0,0.0143919,0,0,0.0259366,0,0,0.182501,0,0,0,0,0,0,0,0,0,0,0,24.3322,353.535,0,0.000166829,0.004509,
2,21,14,0.142639,0,0.221825,0,0,0,0.351715,0.721839,0.990466,0,0,0,2.42848,0.11885,0,0,0,0.00258559,0,0,0.0267471,0,0,0.148183,0,0,0,0,0,0,0,0,0,0,0,24.3894,353.535,0,0.000175939,0.004509,
2,21,15,0.148096,0,0.221825,0,0,0,0.351715,0.728825,1.0505,0,0,0,2.50096,0.123397,0,0,0,0.0176492,0,0,0.0283681,0,0,0.169414,0,0,0,0,0,0,0,0,0,0,0,24.512,353.535,0,0.000170544,0.004509,
2,21,16,0.240973,0,0.221825,0,0,0,0.435454,0.735811,1.11052,0,0,0,2.74459,0.200785,0,0,0,0.0348474,0,0,0.0299892,0,0,0.265622,0,0,0,0,0,0,0,0,0,0,0,24.7754,353.535,0,0.000184224,0.004509,
2,21,17,0.268487,0,0.221825,0,0,0,0.519197,0.760261,1.32062,0,0,0,3.09039,0.22371,0,0,0,0.0294464,0,0,0.0356628,0,0,0.288819,0,0,0,0,0,0,0,0,0,0,0,25.9889,353.535,0,0.000215258,0.004509,
2,21,18,0.325094,0,0.221825,0,0,0,0.736923,0.791698,1.59075,0,0,0,3.66629,0.270877,0,0,0,0.0810513,0,0,0.0429574,0,0,0.394886,0,0,0,0,0,0,0,0,0,0,0,28.2259,353.535,0,0.000279158,0.004509,
2,21,19,0.342664,0,0.221825,0,0,0,1.40685,0.809163,1.74082,0,0,0,4.52133,0.285516,0,0,0,0.677342,0,0,0.04701,0,0,1.00987,0,0,0,0,0,0,0,0,0,0,0,28.226,353.535,0,0.000279192,0.004509,
2,21,20,0.301199,0,0.221825,0,0,0,1.9763,0.816149,1.80085,0,0,0,5.11632,0.250967,0,0,0,0.333536,0,0,0.0486311,0,0,0.633134,0,0,0,0,0,0,0,0,0,0,0,28.2251,353.535,0,0.000279144,0.004509,
2,21,21,0.291625,0,0.221825,0,0,0,1.89255,0.823135,1.86088,0.382647,0,0,5.47266,0.242989,0,0,0,0.235937,0,0,0.0502522,0,0,0.529178,0,0,0,0,0,0,0,0,0,0,0,28.2257,353.535,0,0.000279203,0.004509,
2,21,22,0.340416,0,0.221825,0,0,0,1.60783,0.816149,1.80085,0.382647,0,0,5.16972,0.283643,0,0,0,0.031427,0,0,0.0486311,0,0,0.363701,0,0,0,0,0,0,0,0,0,0,0,28.1907,353.535,0,0.000277716,0.004509,
2,21,23,0.433546,0,0.221825,0,0,0,1.05514,0.788205,1.56074,0.382647,0,0,4.4421,0.361241,0,0,0,0.00527848,0,0,0.042147,0,0,0.408666,0,0,0,0,0,0,0,0,0,0,0,28.1805,353.535,0,0.000277391,0.004509,
2,21,24,0.507937,0,0.221825,0,0,0,0.636433,0.763754,1.35064,0.382647,0,0,3.86323,0.423226,0,0,0,0.0682766,0,0,0.0364733,0,0,0.527976,0,0,0,0,0,0,0,0,0,0,0,28.1762,353.535,0,0.000277233,0.004509,
2,22,1,0.571876,0,0.221825,0,0,0,0.385211,0.735811,1.11052,0,0,0,3.02525,0.476502,0,0,0,0.00127701,0,0,0.0299892,0,0,0.507768,0,0,0,0,0,0,0,0,0,0,0,27.4345,353.535,0,0.000251136,0.004509,
2,22,2,0.582729,0,0.221825,0,0,0,0.318218,0.728825,1.0505,0,0,0,2.90209,0.485544,0,0,0,0.000325888,0,0,0.0283681,0,0,0.514238,0,0,0,0,0,0,0,0,0,0,0,27.2297,353.535,0,0.000244183,0.004509,
2,22,3,0.569209,0,0.221825,0,0,0,0.251224,0.725332,1.02048,0,0,0,2.78807,0.474279,0,0,0,0,0,0,0.0275576,0,0,0.501837,0,0,0,0,0,0,0,0,0,0,0,27.1501,353.535,0,0.00024335,0.004509,
2,22,4,0.570929,0,0.221825,0,0,0,0.28472,0.725332,1.02048,0,0,0,2.82329,0.475713,0,0,0,0.00165722,0,0,0.0275576,0,0,0.504928,0,0,0,0,0,0,0,0,0,0,0,27.2541,353.535,0,0.000244393,0.004509,
2,22,5,0.593242,0,0.221825,0,0,0,0.351715,0.718346,0.960451,0,0,0,2.84558,0.494303,0,0,0,0.000390778,0,0,0.0259366,0,0,0.52063,0,0,0,0,0,0,0,0,0,0,0,27.4062,353.535,0,0.000248322,0.004509,
2,22,6,0.57629,0,0.221825,0,0,0,0.519197,0.732318,1.08051,0,0,0,3.13014,0.480178,0,0,0,0,0,0,0.0291787,0,0,0.509357,0,0,0,0,0,0,0,0,0,0,0,27.7335,353.535,0,0.000259388,0.004509,
2,22,7,0.543696,0,0.221825,0,0,0,0.703426,0.753275,1.26059,0,0,0,3.48282,0.453021,0,0,0,0.0236481,0,0,0.0340418,0,0,0.510711,0,0,0,0,0,0,0,0,0,0,0,27.743,353.535,0,0.000260051,0.004509,
2,22,8,0.526076,0,0.221825,0,0,0,0.686679,0.760261,1.32062,0,0,0,3.51546,0.438338,0,0,0,0.309873,0,0,0.0356628,0,0,0.783874,0,0,0,0,0,0,0,0,0,0,0,27.5035,353.535,0,0.000251575,0.004509,
2,22,9,0.310844,0,0.221825,0,0,0,0.56944,0.735811,1.11052,0,0,0,2.94844,0.259002,0,0,0,0.0260335,0,0,0.0299892,0,0,0.315025,0,0,0,0,0,0,0,0,0,0,0,25.5143,353.535,0,0.000203428,0.004509,
2,22,10,0.151822,0,0.221825,0,0,0,0.4857,0.718346,0.960451,0,0,0,2.53814,0.126502,0,0,0,0.0585693,0,0,0.0259366,0,0,0.211008,0,0,0,0,0,0,0,0,0,0,0,24.7697,353.535,0,0.000178646,0.004509,
2,22,11,0.0657535,0,0.221825,0,0,0,0.452204,0.721839,0.990466,0,0,0,2.45209,0.0547875,0,0,0,0.680894,0,0,0.0267471,0,0,0.762429,0,0,0,0,0,0,0,0,0,0,0,24.5982,353.535,0,0.00015862,0.004509,
2,22,12,0.0628842,0,0.221825,0,0,0,0.418708,0.721839,0.990466,0,0,0,2.41572,0.0523967,0,0,0,0.400883,0,0,0.0267471,0,0,0.480027,0,0,0,0,0,0,0,0,0,0,0,24.5964,353.535,0,0.000157584,0.004509,
2,22,13,0.0552019,0,0.221825,0,0,0,0.351715,0.718346,0.960451,0,0,0,2.30754,0.0459956,0,0,0,0.153035,0,0,0.0259366,0,0,0.224967,0,0,0,0,0,0,0,0,0,0,0,24.5905,353.535,0,0.000157138,0.004509,
2,22,14,0.0612957,0,0.221825,0,0,0,0.351715,0.721839,0.990466,0,0,0,2.34714,0.051073,0,0,0,0.113502,0,0,0.0267471,0,0,0.191322,0,0,0,0,0,0,0,0,0,0,0,24.6076,353.535,0,0.000158336,0.004509,
2,22,15,0.0787544,0,0.221825,0,0,0,0.351715,0.728825,1.0505,0,0,0,2.43161,0.0656201,0,0,0,0.0912422,0,0,0.0283681,0,0,0.18523,0,0,0,0,0,0,0,0,0,0,0,24.6798,353.535,0,0.000159408,0.004509,
2,22,16,0.121868,0,0.221825,0,0,0,0.435454,0.735811,1.11052,0,0,0,2.62548,0.101544,0,0,0,0.130539,0,0,0.0299892,0,0,0.262072,0,0,0,0,0,0,0,0,0,0,0,24.8322,353.535,0,0.000169877,0.004509,
2,22,17,0.119457,0,0.221825,0,0,0,0.519197,0.760261,1.32062,0,0,0,2.94136,0.0995348,0,0,0,0.104919,0,0,0.0356628,0,0,0.240117,0,0,0,0,0,0,0,0,0,0,0,25.4927,353.535,0,0.000192973,0.004509,
2,22,18,0.213329,0,0.221825,0,0,0,0.736923,0.791698,1.59075,0,0,0,3.55452,0.177751,0,0,0,0.16081,0,0,0.0429574,0,0,0.381518,0,0,0,0,0,0,0,0,0,0,0,27.7645,353.535,0,0.000260534,0.004509,
2,22,19,0.28788,0,0.221825,0,0,0,1.40685,0.809163,1.74082,0,0,0,4.46654,0.239869,0,0,0,0.0228901,0,0,0.04701,0,0,0.309769,0,0,0,0,0,0,0,0,0,0,0,27.7677,353.535,0,0.00026093,0.004509,
2,22,20,0.284575,0,0.221825,0,0,0,1.9763,0.816149,1.80085,0,0,0,5.09969,0.237115,0,0,0,0.12006,0,0,0.0486311,0,0,0.405806,0,0,0,0,0,0,0,0,0,0,0,27.7657,353.535,0,0.000260637,0.004509,
2,22,21,0.315973,0,0.221825,0,0,0,1.89255,0.823135,1.86088,0.382647,0,0,5.49701,0.263276,0,0,0,0.404891,0,0,0.0502522,0,0,0.718419,0,0,0,0,0,0,0,0,0,0,0,27.7639,353.535,0,0.000260714,0.004509,
2,22,22,0.402225,0,0.221825,0,0,0,1.60783,0.816149,1.80085,0.382647,0,0,5.23153,0.335144,0,0,0,0.184272,0,0,0.0486311,0,0,0.568047,0,0,0,0,0,0,0,0,0,0,0,27.7392,353.535,0,0.000259747,0.004509,
2,22,23,0.491328,0,0.221825,0,0,0,1.05514,0.788205,1.56074,0.382647,0,0,4.49988,0.409387,0,0,0,0.0354432,0,0,0.042147,0,0,0.486977,0,0,0,0,0,0,0,0,0,0,0,27.7319,353.535,0,0.000259561,0.004509,
2,22,24,0.553675,0,0.221825,0,0,0,0.636433,0.763754,1.35064,0.382647,0,0,3.90897,0.461336,0,0,0,0.0262848,0,0,0.0364733,0,0,0.524094,0,0,0,0,0,0,0,0,0,0,0,27.7347,353.535,0,0.000259626,0.004509,
2,23,1,0.611169,0,0.221825,0,0,0,0.385211,0.735811,1.11052,0,0,0,3.06454,0.509241,0,0,0,0,0,0,0.0299892,0,0,0.53923,0,0,0,0,0,0,0,0,0,0,0,27.252,353.535,0,0.000242171,0.004509,
2,23,2,0.683754,0,0.221825,0,0,0,0.318218,0.728825,1.0505,0,0,0,3.00312,0.56972,0,0,0,0,0,0,0.0283681,0,0,0.598088,0,0,0,0,0,0,0,0,0,0,0,27.1312,353.535,0,0.000238175,0.004509,
2,23,3,0.753675,0,0.221825,0,0,0,0.251224,0.725332,1.02048,0,0,0,2.97254,0.62798,0,0,0,0.0258992,0,0,0.0275576,0,0,0.681437,0,0,0,0,0,0,0,0,0,0,0,27.1165,353.535,0,0.000237773,0.004509,
2,23,4,0.798831,0,0.221825,0,0,0,0.28472,0.725332,1.02048,0,0,0,3.05119,0.665604,0,0,0,0,0,0,0.0275576,0,0,0.693162,0,0,0,0,0,0,0,0,0,0,0,27.1642,353.535,0,0.000239475,0.004509,
2,23,5,0.859212,0,0.221825,0,0,0,0.351715,0.718346,0.960451,0,0,0,3.11155,0.715915,0,0,0,0,0,0,0.0259366,0,0,0.741852,0,0,0,0,0,0,0,0,0,0,0,27.5394,353.535,0,0.00025058,0.004509,
2,23,6,0.877562,0,0.221825,0,0,0,0.519197,0.732318,1.08051,0,0,0,3.43141,0.731206,0,0,0,0.0297568,0,0,0.0291787,0,0,0.790142,0,0,0,0,0,0,0,0,0,0,0,27.5636,353.535,0,0.000252326,0.004509,
2,23,7,0.775686,0,0.221825,0,0,0,0.703426,0.753275,1.26059,0,0,0,3.71481,0.646321,0,0,0,0.337347,0,0,0.0340418,0,0,1.01771,0,0,0,0,0,0,0,0,0,0,0,27.5668,353.535,0,0.000252983,0.004509,
2,23,8,0.602858,0,0.221825,0,0,0,0.686679,0.760261,1.32062,0,0,0,3.59224,0.502317,0,0,0,0.386328,0,0,0.0356628,0,0,0.924308,0,0,0,0,0,0,0,0,0,0,0,26.667,353.535,0,0.000232468,0.004509,
2,23,9,0.485428,0,0.221825,0,0,0,0.56944,0.735811,1.11052,0,0,0,3.12303,0.40447,0,0,0,0.11025,0,0,0.0299892,0,0,0.544709,0,0,0,0,0,0,0,0,0,0,0,24.1896,353.535,0,0.000172434,0.004509,
2,23,10,0.47818,0,0.221825,0,0,0,0.4857,0.718346,0.960451,0,0,0,2.8645,0.398431,0,0,0,0.464813,0,0,0.0259366,0,0,0.889181,0,0,0,0,0,0,0,0,0,0,0,23.235,353.535,0,0.000119878,0.004509,
2,23,11,0.394613,0,0.221825,0,0,0,0.452204,0.721839,0.990466,0,0,0,2.78095,0.328802,0,0,0,0.020105,0,0,0.0267471,0,0,0.375654,0,0,0,0,0,0,0,0,0,0,0,23.1308,353.535,0,0.000136344,0.004509,
2,23,12,0.28235,0,0.221825,0,0,0,0.418708,0.721839,0.990466,0,0,0,2.63519,0.235261,0,0,0,0.00458915,0,0,0.0267471,0,0,0.266597,0,0,0,0,0,0,0,0,0,0,0,23.1212,353.535,0,0.000133057,0.004509,
2,23,13,0.218559,0,0.221825,0,0,0,0.351715,0.718346,0.960451,0,0,0,2.4709,0.182109,0,0,0,0.0433692,0,0,0.0259366,0,0,0.251415,0,0,0,0,0,0,0,0,0,0,0,23.1238,353.535,0,0.000131369,0.004509,
2,23,14,0.150788,0,0.221825,0,0,0,0.351715,0.721839,0.990466,0,0,0,2.43663,0.12564,0,0,0,0.0035214,0,0,0.0267471,0,0,0.155909,0,0,0,0,0,0,0,0,0,0,0,23.5154,353.535,0,0.000140321,0.004509,
2,23,15,0.178023,0,0.221825,0,0,0,0.351715,0.728825,1.0505,0,0,0,2.53088,0.148333,0,0,0,0,0,0,0.0283681,0,0,0.176701,0,0,0,0,0,0,0,0,0,0,0,23.7377,353.535,0,0.000149524,0.004509,
2,23,16,0.133969,0,0.221825,0,0,0,0.435454,0.735811,1.11052,0,0,0,2.63758,0.111626,0,0,0,0.0124921,0,0,0.0299892,0,0,0.154107,0,0,0,0,0,0,0,0,0,0,0,24.0959,353.535,0,0.000170193,0.004509,
2,23,17,0.139526,0,0.221825,0,0,0,0.519197,0.760261,1.32062,0,0,0,2.96143,0.116256,0,0,0,0.209668,0,0,0.0356628,0,0,0.361587,0,0,0,0,0,0,0,0,0,0,0,27.397,353.535,0,0.000252608,0.004509,
2,23,18,0.15326,0,0.221825,0,0,0,0.736923,0.791698,1.59075,0,0,0,3.49446,0.1277,0,0,0,0.0128635,0,0,0.0429574,0,0,0.183521,0,0,0,0,0,0,0,0,0,0,0,27.4316,353.535,0,0.000253523,0.004509,
2,23,19,0.187596,0,0.221825,0,0,0,1.40685,0.809163,1.74082,0,0,0,4.36626,0.156309,0,0,0,0.0827773,0,0,0.04701,0,0,0.286096,0,0,0,0,0,0,0,0,0,0,0,27.4438,353.535,0,0.000254203,0.004509,
2,23,20,0.229426,0,0.221825,0,0,0,1.9763,0.816149,1.80085,0,0,0,5.04454,0.191163,0,0,0,0.0298034,0,0,0.0486311,0,0,0.269598,0,0,0,0,0,0,0,0,0,0,0,27.4327,353.535,0,0.000253805,0.004509,
2,23,21,0.239384,0,0.221825,0,0,0,1.89255,0.823135,1.86088,0.382647,0,0,5.42042,0.199461,0,0,0,0.132173,0,0,0.0502522,0,0,0.381886,0,0,0,0,0,0,0,0,0,0,0,27.4011,353.535,0,0.000252055,0.004509,
2,23,22,0.276841,0,0.221825,0,0,0,1.60783,0.816149,1.80085,0.382647,0,0,5.10614,0.230671,0,0,0,0.0436137,0,0,0.0486311,0,0,0.322916,0,0,0,0,0,0,0,0,0,0,0,27.3914,353.535,0,0.000251869,0.004509,
2,23,23,0.376451,0,0.221825,0,0,0,1.05514,0.788205,1.56074,0.382647,0,0,4.385,0.313667,0,0,0,0.0417515,0,0,0.042147,0,0,0.397566,0,0,0,0,0,0,0,0,0,0,0,27.3567,353.535,0,0.000249995,0.004509,
2,23,24,0.439628,0,0.221825,0,0,0,0.636433,0.763754,1.35064,0.382647,0,0,3.79492,0.366308,0,0,0,0.0457928,0,0,0.0364733,0,0,0.448574,0,0,0,0,0,0,0,0,0,0,0,27.3156,353.535,0,0.000246977,0.004509,
2,24,1,0.472594,0,0.221825,0,0,0,0.385211,0.735811,1.11052,0,0,0,2.92597,0.393777,0,0,0,0,0,0,0.0299892,0,0,0.423766,0,0,0,0,0,0,0,0,0,0,0,26.71,353.535,0,0.000224172,0.004509,
2,24,2,0.527893,0,0.221825,0,0,0,0.318218,0.728825,1.0505,0,0,0,2.84726,0.439854,0,0,0,0,0,0,0.0283681,0,0,0.468222,0,0,0,0,0,0,0,0,0,0,0,25.8126,353.535,0,0.000203141,0.004509,
2,24,3,0.575079,0,0.221825,0,0,0,0.251224,0.725332,1.02048,0,0,0,2.79394,0.479171,0,0,0,0.00378311,0,0,0.0275576,0,0,0.510512,0,0,0,0,0,0,0,0,0,0,0,25.7439,353.535,0,0.000195338,0.004509,
2,24,4,0.566419,0,0.221825,0,0,0,0.28472,0.725332,1.02048,0,0,0,2.81878,0.471955,0,0,0,0,0,0,0.0275576,0,0,0.499513,0,0,0,0,0,0,0,0,0,0,0,25.6322,353.535,0,0.000194726,0.004509,
2,24,5,0.556773,0,0.221825,0,0,0,0.351715,0.718346,0.960451,0,0,0,2.80911,0.463918,0,0,0,0,0,0,0.0259366,0,0,0.489855,0,0,0,0,0,0,0,0,0,0,0,26.0388,353.535,0,0.000208381,0.004509,
2,24,6,0.499118,0,0.221825,0,0,0,0.519197,0.732318,1.08051,0,0,0,3.05297,0.415877,0,0,0,0.00362508,0,0,0.0291787,0,0,0.448681,0,0,0,0,0,0,0,0,0,0,0,26.8168,353.535,0,0.000233132,0.004509,
2,24,7,0.420325,0,0.221825,0,0,0,0.703426,0.753275,1.26059,0,0,0,3.35945,0.350226,0,0,0,0.248249,0,0,0.0340418,0,0,0.632517,0,0,0,0,0,0,0,0,0,0,0,27.1726,353.535,0,0.000237514,0.004509,
2,24,8,0.398209,0,0.221825,0,0,0,0.686679,0.760261,1.32062,0,0,0,3.3876,0.331797,0,0,0,0.0964066,0,0,0.0356628,0,0,0.463866,0,0,0,0,0,0,0,0,0,0,0,25.7711,353.535,0,0.000206678,0.004509,
2,24,9,0.379364,0,0.221825,0,0,0,0.56944,0.735811,1.11052,0,0,0,3.01696,0.316094,0,0,0,0.827083,0,0,0.0299892,0,0,1.17317,0,0,0,0,0,0,0,0,0,0,0,22.6553,353.535,0,0.000127468,0.004509,
2,24,10,0.275046,0,0.221825,0,0,0,0.4857,0.718346,0.960451,0,0,0,2.66137,0.229175,0,0,0,0.702304,0,0,0.0259366,0,0,0.957416,0,0,0,0,0,0,0,0,0,0,0,22.0655,353.535,0,0.000108279,0.004509,
2,24,11,0.292043,0,0.221825,0,0,0,0.452204,0.721839,0.990466,0,0,0,2.67838,0.243337,0,0,0,0.316274,0,0,0.0267471,0,0,0.586358,0,0,0,0,0,0,0,0,0,0,0,21.9043,353.535,0,0.000101933,0.004509,
2,24,12,0.325618,0,0.221825,0,0,0,0.418708,0.721839,0.990466,0,0,0,2.67846,0.271313,0,0,0,0.315669,0,0,0.0267471,0,0,0.613729,0,0,0,0,0,0,0,0,0,0,0,21.8586,353.535,0,9.98997e-005,0.004509,
2,24,13,0.322796,0,0.221825,0,0,0,0.351715,0.718346,0.960451,0,0,0,2.57513,0.268962,0,0,0,0.124843,0,0,0.0259366,0,0,0.419742,0,0,0,0,0,0,0,0,0,0,0,21.8609,353.535,0,0.00010075,0.004509,
2,24,14,0.324094,0,0.221825,0,0,0,0.351715,0.721839,0.990466,0,0,0,2.60994,0.270043,0,0,0,0.201269,0,0,0.0267471,0,0,0.498059,0,0,0,0,0,0,0,0,0,0,0,21.8678,353.535,0,0.000101074,0.004509,
2,24,15,0.307608,0,0.221825,0,0,0,0.351715,0.728825,1.0505,0,0,0,2.66047,0.256306,0,0,0,0.0979286,0,0,0.0283681,0,0,0.382603,0,0,0,0,0,0,0,0,0,0,0,22.0295,353.535,0,0.000102261,0.004509,
2,24,16,0.201571,0,0.221825,0,0,0,0.435454,0.735811,1.11052,0,0,0,2.70519,0.167954,0,0,0,0.183677,0,0,0.0299892,0,0,0.38162,0,0,0,0,0,0,0,0,0,0,0,22.1624,353.535,0,0.000105823,0.004509,
2,24,17,0.184432,0,0.221825,0,0,0,0.519197,0.760261,1.32062,0,0,0,3.00634,0.153674,0,0,0,0.164612,0,0,0.0356628,0,0,0.353949,0,0,0,0,0,0,0,0,0,0,0,22.7625,353.535,0,0.000124038,0.004509,
2,24,18,0.255907,0,0.221825,0,0,0,0.736923,0.791698,1.59075,0,0,0,3.5971,0.213227,0,0,0,0.150694,0,0,0.0429574,0,0,0.406878,0,0,0,0,0,0,0,0,0,0,0,26.9996,353.535,0,0.000237858,0.004509,
2,24,19,0.309786,0,0.221825,0,0,0,1.40685,0.809163,1.74082,0,0,0,4.48845,0.25812,0,0,0,0.687505,0,0,0.04701,0,0,0.992635,0,0,0,0,0,0,0,0,0,0,0,27.0021,353.535,0,0.00024054,0.004509,
2,24,20,0.31272,0,0.221825,0,0,0,1.9763,0.816149,1.80085,0,0,0,5.12784,0.260566,0,0,0,0.523169,0,0,0.0486311,0,0,0.832366,0,0,0,0,0,0,0,0,0,0,0,27.0018,353.535,0,0.000240625,0.004509,
2,24,21,0.345941,0,0.221825,0,0,0,1.89255,0.823135,1.86088,0.382647,0,0,5.52698,0.288245,0,0,0,0.492166,0,0,0.0502522,0,0,0.830663,0,0,0,0,0,0,0,0,0,0,0,26.9738,353.535,0,0.000239333,0.004509,
2,24,22,0.405056,0,0.221825,0,0,0,1.60783,0.816149,1.80085,0.382647,0,0,5.23436,0.337502,0,0,0,0.191778,0,0,0.0486311,0,0,0.577911,0,0,0,0,0,0,0,0,0,0,0,26.9756,353.535,0,0.000239144,0.004509,
2,24,23,0.478356,0,0.221825,0,0,0,1.05514,0.788205,1.56074,0.382647,0,0,4.48691,0.398577,0,0,0,0.0471089,0,0,0.042147,0,0,0.487833,0,0,0,0,0,0,0,0,0,0,0,26.9458,353.535,0,0.000236585,0.004509,
2,24,24,0.5384,0,0.221825,0,0,0,0.636433,0.763754,1.35064,0.382647,0,0,3.89369,0.448607,0,0,0,0.0154158,0,0,0.0364733,0,0,0.500496,0,0,0,0,0,0,0,0,0,0,0,26.8098,353.535,0,0.000233688,0.004509,
2,25,1,0.580047,0,0.221825,0,0,0,0.385211,0.735811,1.11052,0,0,0,3.03342,0.48331,0,0,0,0.0199338,0,0,0.0299892,0,0,0.533233,0,0,0,0,0,0,0,0,0,0,0,27.5402,353.535,0,0.000246347,0.004509,
2,25,2,0.609097,0,0.221825,0,0,0,0.318218,0.728825,1.0505,0,0,0,2.92846,0.507514,0,0,0,0.000448026,0,0,0.0283681,0,0,0.53633,0,0,0,0,0,0,0,0,0,0,0,27.3893,353.535,0,0.000245317,0.004509,
2,25,3,0.705416,0,0.221825,0,0,0,0.251224,0.725332,1.02048,0,0,0,2.92428,0.587769,0,0,0,0.0285879,0,0,0.0275576,0,0,0.643914,0,0,0,0,0,0,0,0,0,0,0,27.3745,353.535,0,0.000245376,0.004509,
2,25,4,0.788505,0,0.221825,0,0,0,0.28472,0.725332,1.02048,0,0,0,3.04086,0.657003,0,0,0,0.00209529,0,0,0.0275576,0,0,0.686656,0,0,0,0,0,0,0,0,0,0,0,27.3771,353.535,0,0.000245456,0.004509,
2,25,5,0.747559,0,0.221825,0,0,0,0.351715,0.718346,0.960451,0,0,0,2.9999,0.622885,0,0,0,0.00990045,0,0,0.0259366,0,0,0.658722,0,0,0,0,0,0,0,0,0,0,0,27.5086,353.535,0,0.000246104,0.004509,
2,25,6,0.690574,0,0.221825,0,0,0,0.519197,0.732318,1.08051,0,0,0,3.24442,0.575404,0,0,0,0.100015,0,0,0.0291787,0,0,0.704598,0,0,0,0,0,0,0,0,0,0,0,27.5468,353.535,0,0.000246729,0.004509,
2,25,7,0.636937,0,0.221825,0,0,0,0.703426,0.753275,1.26059,0,0,0,3.57606,0.530711,0,0,0,0.0313569,0,0,0.0340418,0,0,0.59611,0,0,0,0,0,0,0,0,0,0,0,27.5458,353.535,0,0.000246831,0.004509,
2,25,8,0.440601,0,0.221825,0,0,0,0.686679,0.760261,1.32062,0,0,0,3.42999,0.367119,0,0,0,0.568847,0,0,0.0356628,0,0,0.971629,0,0,0,0,0,0,0,0,0,0,0,27.124,353.535,0,0.000234537,0.004509,
2,25,9,0.239863,0,0.221825,0,0,0,0.56944,0.735811,1.11052,0,0,0,2.87746,0.19986,0,0,0,0.719898,0,0,0.0299892,0,0,0.949747,0,0,0,0,0,0,0,0,0,0,0,21.7298,353.535,0,5.9906e-005,0.004509,
2,25,10,0.101334,0,0.221825,0,0,0,0.4857,0.718346,0.960451,0,0,0,2.48766,0.0844341,0,0,0,0.378662,0,0,0.0259366,0,0,0.489033,0,0,0,0,0,0,0,0,0,0,0,20.8755,353.535,0,2.8142e-005,0.004509,
2,25,11,0.0286925,0,0.221825,0,0,0,0.452204,0.721839,0.990466,0,0,0,2.41503,0.0239073,0,0,0,0.215596,0,0,0.0267471,0,0,0.26625,0,0,0,0,0,0,0,0,0,0,0,20.6333,353.535,0,1.87404e-005,0.004509,
2,25,12,0.00606424,0,0.221825,0,0,0,0.418708,0.721839,0.990466,0,0,0,2.3589,0.00505287,0,0,0,0.049065,0,0,0.0267471,0,0,0.080865,0,0,0,0,0,0,0,0,0,0,0,20.5972,353.535,0,1.83563e-005,0.004509,
2,25,13,0,0,0.221825,0,0,0,0.351715,0.718346,0.960451,0,0,0,2.25234,0,0,0,0,0.0434692,0,0,0.0259366,0,0,0.0694058,0,0,0,0,0,0,0,0,0,0,0,20.6113,353.535,0,1.78768e-005,0.004509,
2,25,14,0,0,0.221825,0,0,0,0.351715,0.721839,0.990466,0,0,0,2.28584,0,0,0,0,0.0218827,0,0,0.0267471,0,0,0.0486298,0,0,0,0,0,0,0,0,0,0,0,20.6902,353.535,0,1.84311e-005,0.004509,
2,25,15,0,0,0.221825,0,0,0,0.351715,0.728825,1.0505,0,0,0,2.35286,0,0,0,0,0.144812,0,0,0.0283681,0,0,0.17318,0,0,0,0,0,0,0,0,0,0,0,20.8157,353.535,0,1.9716e-005,0.004509,
2,25,16,0,0,0.221825,0,0,0,0.435454,0.735811,1.11052,0,0,0,2.50361,0,0,0,0,0.100472,0,0,0.0299892,0,0,0.130461,0,0,0,0,0,0,0,0,0,0,0,20.9211,353.535,0,2.00624e-005,0.004509,
2,25,17,0,0,0.221825,0,0,0,0.519197,0.760261,1.32062,0,0,0,2.8219,0,0,0,0,0.200826,0,0,0.0356628,0,0,0.236489,0,0,0,0,0,0,0,0,0,0,0,22.1269,353.535,0,6.07356e-005,0.004509,
2,25,18,0,0,0.221825,0,0,0,0.736923,0.791698,1.59075,0,0,0,3.3412,0,0,0,0,0.136569,0,0,0.0429574,0,0,0.179526,0,0,0,0,0,0,0,0,0,0,0,27.693,353.535,0,0.000255109,0.004509,
2,25,19,0,0,0.221825,0,0,0,1.40685,0.809163,1.74082,0,0,0,4.17866,0,0,0,0,0.0631859,0,0,0.04701,0,0,0.110196,0,0,0,0,0,0,0,0,0,0,0,27.6967,353.535,0,0.000255456,0.004509,
2,25,20,0,0,0.221825,0,0,0,1.9763,0.816149,1.80085,0,0,0,4.81512,0,0,0,0,0.052422,0,0,0.0486311,0,0,0.101053,0,0,0,0,0,0,0,0,0,0,0,27.696,353.535,0,0.00025548,0.004509,
2,25,21,0.00119772,0,0.221825,0,0,0,1.89255,0.823135,1.86088,0.382647,0,0,5.18223,0.000997967,0,0,0,0.0813381,0,0,0.0502522,0,0,0.132588,0,0,0,0,0,0,0,0,0,0,0,27.669,353.535,0,0.000254161,0.004509,
2,25,22,0.0814141,0,0.221825,0,0,0,1.60783,0.816149,1.80085,0.382647,0,0,4.91072,0.0678362,0,0,0,0.458814,0,0,0.0486311,0,0,0.575281,0,0,0,0,0,0,0,0,0,0,0,27.6688,353.535,0,0.000254122,0.004509,
2,25,23,0.153914,0,0.221825,0,0,0,1.05514,0.788205,1.56074,0.382647,0,0,4.16247,0.128245,0,0,0,0.140909,0,0,0.042147,0,0,0.311301,0,0,0,0,0,0,0,0,0,0,0,27.6362,353.535,0,0.000252366,0.004509,
2,25,24,0.242483,0,0.221825,0,0,0,0.636433,0.763754,1.35064,0.382647,0,0,3.59778,0.202043,0,0,0,0.0983906,0,0,0.0364733,0,0,0.336907,0,0,0,0,0,0,0,0,0,0,0,27.6398,353.535,0,0.000252025,0.004509,
2,26,1,0.436178,0,0.221825,0,0,0,0.385211,0.735811,1.11052,0,0,0,2.88955,0.363435,0,0,0,0.0620289,0,0,0.0299892,0,0,0.455453,0,0,0,0,0,0,0,0,0,0,0,27.7687,353.535,0,0.000257294,0.004509,
2,26,2,0.543335,0,0.221825,0,0,0,0.318218,0.728825,1.0505,0,0,0,2.8627,0.45272,0,0,0,0.0397487,0,0,0.0283681,0,0,0.520837,0,0,0,0,0,0,0,0,0,0,0,27.7715,353.535,0,0.000257385,0.004509,
2,26,3,0.596972,0,0.221825,0,0,0,0.251224,0.725332,1.02048,0,0,0,2.81583,0.497412,0,0,0,0.018378,0,0,0.0275576,0,0,0.543348,0,0,0,0,0,0,0,0,0,0,0,27.7736,353.535,0,0.000257154,0.004509,
2,26,4,0.649818,0,0.221825,0,0,0,0.28472,0.725332,1.02048,0,0,0,2.90218,0.541444,0,0,0,0.00718578,0,0,0.0275576,0,0,0.576187,0,0,0,0,0,0,0,0,0,0,0,27.7717,353.535,0,0.000257051,0.004509,
2,26,5,0.734959,0,0.221825,0,0,0,0.351715,0.718346,0.960451,0,0,0,2.9873,0.612386,0,0,0,0,0,0,0.0259366,0,0,0.638323,0,0,0,0,0,0,0,0,0,0,0,27.7746,353.535,0,0.000257565,0.004509,
2,26,6,0.76692,0,0.221825,0,0,0,0.519197,0.732318,1.08051,0,0,0,3.32077,0.639015,0,0,0,0.126578,0,0,0.0291787,0,0,0.794772,0,0,0,0,0,0,0,0,0,0,0,27.7739,353.535,0,0.000257595,0.004509,
2,26,7,0.72653,0,0.221825,0,0,0,0.703426,0.753275,1.26059,0,0,0,3.66565,0.605361,0,0,0,0.116025,0,0,0.0340418,0,0,0.755428,0,0,0,0,0,0,0,0,0,0,0,27.7727,353.535,0,0.000257627,0.004509,
2,26,8,0.583045,0,0.221825,0,0,0,0.686679,0.760261,1.32062,0,0,0,3.57243,0.485807,0,0,0,0.358808,0,0,0.0356628,0,0,0.880278,0,0,0,0,0,0,0,0,0,0,0,27.2652,353.535,0,0.00024684,0.004509,
2,26,9,0.370788,0,0.221825,0,0,0,0.56944,0.735811,1.11052,0,0,0,3.00839,0.30895,0,0,0,0.591135,0,0,0.0299892,0,0,0.930074,0,0,0,0,0,0,0,0,0,0,0,20.2339,353.535,0,2.7401e-005,0.004509,
2,26,10,0.149194,0,0.221825,0,0,0,0.4857,0.718346,0.960451,0,0,0,2.53552,0.124312,0,0,0,0.265854,0,0,0.0259366,0,0,0.416103,0,0,0,0,0,0,0,0,0,0,0,18.6423,353.535,0,1.81243e-007,0.004509,
2,26,11,0.0121486,0,0.221825,0,0,0,0.452204,0.721839,0.990466,0,0,0,2.39848,0.0101225,0,0,0,0.132534,0,0,0.0267471,0,0,0.169404,0,0,0,0,0,0,0,0,0,0,0,18.4783,353.535,0,0,0.004509,
2,26,12,0,0,0.221825,0,0,0,0.418708,0.721839,0.990466,0,0,0,2.35284,0,0,0,0,0.244296,0,0,0.0267471,0,0,0.271043,0,0,0,0,0,0,0,0,0,0,0,18.4994,353.535,0,2.72189e-007,0.004509,
2,26,13,0,0,0.221825,0,0,0,0.351715,0.718346,0.960451,0,0,0,2.25234,0,0,0,0,0.193015,0,0,0.0259366,0,0,0.218952,0,0,0,0,0,0,0,0,0,0,0,18.5242,353.535,0,0,0.004509,
2,26,14,0,0,0.221825,0,0,0,0.351715,0.721839,0.990466,0,0,0,2.28584,0,0,0,0,0.257322,0,0,0.0267471,0,0,0.284069,0,0,0,0,0,0,0,0,0,0,0,18.5241,353.535,0,0,0.004509,
2,26,15,0,0,0.221825,0,0,0,0.351715,0.728825,1.0505,0,0,0,2.35286,0,0,0,0,0.329694,0,0,0.0283681,0,0,0.358062,0,0,0,0,0,0,0,0,0,0,0,18.651,353.535,0,2.48028e-007,0.004509,
2,26,16,0,0,0.221825,0,0,0,0.435454,0.735811,1.11052,0,0,0,2.50361,0,0,0,0,0.115191,0,0,0.0299892,0,0,0.14518,0,0,0,0,0,0,0,0,0,0,0,19.1059,353.535,0,2.75678e-006,0.004509,
2,26,17,0,0,0.221825,0,0,0,0.519197,0.760261,1.32062,0,0,0,2.8219,0,0,0,0,0.241268,0,0,0.0356628,0,0,0.276931,0,0,0,0,0,0,0,0,0,0,0,21.2263,353.535,0,4.85854e-005,0.004509,
2,26,18,0,0,0.221825,0,0,0,0.736923,0.791698,1.59075,0,0,0,3.3412,0,0,0,0,0.288243,0,0,0.0429574,0,0,0.3312,0,0,0,0,0,0,0,0,0,0,0,27.8293,353.535,0,0.000260629,0.004509,
2,26,19,0,0,0.221825,0,0,0,1.40685,0.809163,1.74082,0,0,0,4.17866,0,0,0,0,0.613366,0,0,0.04701,0,0,0.660376,0,0,0,0,0,0,0,0,0,0,0,27.8372,353.535,0,0.000260913,0.004509,
2,26,20,0,0,0.221825,0,0,0,1.9763,0.816149,1.80085,0,0,0,4.81512,0,0,0,0,0.308313,0,0,0.0486311,0,0,0.356944,0,0,0,0,0,0,0,0,0,0,0,27.8409,353.535,0,0.000260953,0.004509,
2,26,21,0,0,0.221825,0,0,0,1.89255,0.823135,1.86088,0.382647,0,0,5.18104,0,0,0,0,0.240156,0,0,0.0502522,0,0,0.290408,0,0,0,0,0,0,0,0,0,0,0,27.817,353.535,0,0.000259689,0.004509,
2,26,22,0.00509045,0,0.221825,0,0,0,1.60783,0.816149,1.80085,0.382647,0,0,4.83439,0.00424147,0,0,0,0.182189,0,0,0.0486311,0,0,0.235062,0,0,0,0,0,0,0,0,0,0,0,27.8107,353.535,0,0.000259725,0.004509,
2,26,23,0.130117,0,0.221825,0,0,0,1.05514,0.788205,1.56074,0.382647,0,0,4.13867,0.108417,0,0,0,0.253411,0,0,0.042147,0,0,0.403975,0,0,0,0,0,0,0,0,0,0,0,27.7812,353.535,0,0.000257906,0.004509,
2,26,24,0.205003,0,0.221825,0,0,0,0.636433,0.763754,1.35064,0.382647,0,0,3.5603,0.170814,0,0,0,0.092562,0,0,0.0364733,0,0,0.299849,0,0,0,0,0,0,0,0,0,0,0,27.7666,353.535,0,0.000257596,0.004509,
2,27,1,0.330111,0,0.221825,0,0,0,0.385211,0.735811,1.11052,0,0,0,2.78348,0.275056,0,0,0,0.0187755,0,0,0.0299892,0,0,0.323821,0,0,0,0,0,0,0,0,0,0,0,27.4967,353.535,0,0.000247124,0.004509,
2,27,2,0.474039,0,0.221825,0,0,0,0.318218,0.728825,1.0505,0,0,0,2.7934,0.394982,0,0,0,0.000410009,0,0,0.0283681,0,0,0.42376,0,0,0,0,0,0,0,0,0,0,0,27.4636,353.535,0,0.000247132,0.004509,
2,27,3,0.564722,0,0.221825,0,0,0,0.251224,0.725332,1.02048,0,0,0,2.78358,0.470541,0,0,0,0,0,0,0.0275576,0,0,0.498099,0,0,0,0,0,0,0,0,0,0,0,27.4131,353.535,0,0.000246647,0.004509,
2,27,4,0.663435,0,0.221825,0,0,0,0.28472,0.725332,1.02048,0,0,0,2.91579,0.552792,0,0,0,0.00143459,0,0,0.0275576,0,0,0.581784,0,0,0,0,0,0,0,0,0,0,0,27.4563,353.535,0,0.000247253,0.004509,
2,27,5,0.753795,0,0.221825,0,0,0,0.351715,0.718346,0.960451,0,0,0,3.00613,0.628082,0,0,0,0.00926522,0,0,0.0259366,0,0,0.663284,0,0,0,0,0,0,0,0,0,0,0,27.4956,353.535,0,0.000247311,0.004509,
2,27,6,0.774809,0,0.221825,0,0,0,0.519197,0.732318,1.08051,0,0,0,3.32866,0.645591,0,0,0,0.103309,0,0,0.0291787,0,0,0.778079,0,0,0,0,0,0,0,0,0,0,0,27.523,353.535,0,0.000247391,0.004509,
2,27,7,0.689018,0,0.221825,0,0,0,0.703426,0.753275,1.26059,0,0,0,3.62814,0.574106,0,0,0,0.0888248,0,0,0.0340418,0,0,0.696973,0,0,0,0,0,0,0,0,0,0,0,27.5228,353.535,0,0.000247529,0.004509,
2,27,8,0.427778,0,0.221825,0,0,0,0.686679,0.760261,1.32062,0,0,0,3.41717,0.356435,0,0,0,0.401103,0,0,0.0356628,0,0,0.793201,0,0,0,0,0,0,0,0,0,0,0,26.3411,353.535,0,0.000231652,0.004509,
2,27,9,0.204495,0,0.221825,0,0,0,0.56944,0.735811,1.11052,0,0,0,2.8421,0.17039,0,0,0,0.719794,0,0,0.0299892,0,0,0.920173,0,0,0,0,0,0,0,0,0,0,0,21.3502,353.535,0,5.48468e-005,0.004509,
2,27,10,0.0580539,0,0.221825,0,0,0,0.4857,0.718346,0.960451,0,0,0,2.44438,0.048372,0,0,0,0.254785,0,0,0.0259366,0,0,0.329094,0,0,0,0,0,0,0,0,0,0,0,20.7571,353.535,0,2.24805e-005,0.004509,
2,27,11,0.000481131,0,0.221825,0,0,0,0.452204,0.721839,0.990466,0,0,0,2.38681,0.000400891,0,0,0,0.0307679,0,0,0.0267471,0,0,0.0579159,0,0,0,0,0,0,0,0,0,0,0,20.5025,353.535,0,1.06463e-005,0.004509,
2,27,12,0,0,0.221825,0,0,0,0.418708,0.721839,0.990466,0,0,0,2.35284,0,0,0,0,0.15673,0,0,0.0267471,0,0,0.183477,0,0,0,0,0,0,0,0,0,0,0,20.3394,353.535,0,8.71178e-006,0.004509,
2,27,13,0,0,0.221825,0,0,0,0.351715,0.718346,0.960451,0,0,0,2.25234,0,0,0,0,0.146473,0,0,0.0259366,0,0,0.17241,0,0,0,0,0,0,0,0,0,0,0,20.5749,353.535,0,1.42052e-005,0.004509,
2,27,14,0,0,0.221825,0,0,0,0.351715,0.721839,0.990466,0,0,0,2.28584,0,0,0,0,0.121402,0,0,0.0267471,0,0,0.148149,0,0,0,0,0,0,0,0,0,0,0,20.6585,353.535,0,1.56025e-005,0.004509,
2,27,15,0,0,0.221825,0,0,0,0.351715,0.728825,1.0505,0,0,0,2.35286,0,0,0,0,0.13064,0,0,0.0283681,0,0,0.159008,0,0,0,0,0,0,0,0,0,0,0,20.5104,353.535,0,1.03025e-005,0.004509,
2,27,16,0,0,0.221825,0,0,0,0.435454,0.735811,1.11052,0,0,0,2.50361,0,0,0,0,0.00584902,0,0,0.0299892,0,0,0.0358382,0,0,0,0,0,0,0,0,0,0,0,20.6585,353.535,0,1.18846e-005,0.004509,
2,27,17,0,0,0.221825,0,0,0,0.519197,0.760261,1.32062,0,0,0,2.8219,0,0,0,0,0.257394,0,0,0.0356628,0,0,0.293057,0,0,0,0,0,0,0,0,0,0,0,22.3045,353.535,0,5.94805e-005,0.004509,
2,27,18,0,0,0.221825,0,0,0,0.736923,0.791698,1.59075,0,0,0,3.3412,0,0,0,0,0.242841,0,0,0.0429574,0,0,0.285798,0,0,0,0,0,0,0,0,0,0,0,27.5884,353.535,0,0.000250471,0.004509,
2,27,19,0,0,0.221825,0,0,0,1.40685,0.809163,1.74082,0,0,0,4.17866,0,0,0,0,0.31136,0,0,0.04701,0,0,0.35837,0,0,0,0,0,0,0,0,0,0,0,27.5944,353.535,0,0.000250676,0.004509,
2,27,20,0,0,0.221825,0,0,0,1.9763,0.816149,1.80085,0,0,0,4.81512,0,0,0,0,0.0749996,0,0,0.0486311,0,0,0.123631,0,0,0,0,0,0,0,0,0,0,0,27.5964,353.535,0,0.000250678,0.004509,
2,27,21,0,0,0.221825,0,0,0,1.89255,0.823135,1.86088,0.382647,0,0,5.18104,0,0,0,0,0.176151,0,0,0.0502522,0,0,0.226403,0,0,0,0,0,0,0,0,0,0,0,30.9421,353.535,0,0.000249532,0.004509,
2,27,22,0,0,0.221825,0,0,0,1.60783,0.816149,1.80085,0.382647,0,0,4.8293,0,0,0,0,0.381027,0,0,0.0486311,0,0,0.429658,0,0,0,0,0,0,0,0,0,0,0,29.7687,353.535,0,0.000249473,0.004509,
2,27,23,0,0,0.221825,0,0,0,1.05514,0.788205,1.56074,0.382647,0,0,4.00855,0,0,0,0,0.0327684,0,0,0.042147,0,0,0.0749154,0,0,0,0,0,0,0,0,0,0,0,28.3135,353.535,0,0.000247864,0.004509,
2,27,24,0.027505,0,0.221825,0,0,0,0.636433,0.763754,1.35064,0.382647,0,0,3.3828,0.0229179,0,0,0,0.0421782,0,0,0.0364733,0,0,0.101569,0,0,0,0,0,0,0,0,0,0,0,31.0658,353.535,0,0.000247575,0.004509,
2,28,1,0.133967,0,0.221825,0,0,0,0.385211,0.735811,1.11052,0,0,0,2.58734,0.111625,0,0,0,0.0117798,0,0,0.0299892,0,0,0.153394,0,0,0,0,0,0,0,0,0,0,0,34.2835,353.535,0,0.000251241,0.004509,
2,28,2,0.214202,0,0.221825,0,0,0,0.318218,0.728825,1.0505,0,0,0,2.53356,0.178478,0,0,0,0.000561118,0,0,0.0283681,0,0,0.207407,0,0,0,0,0,0,0,0,0,0,0,30.8231,353.535,0,0.000251134,0.004509,
2,28,3,0.28663,0,0.221825,0,0,0,0.251224,0.725332,1.02048,0,0,0,2.50549,0.238827,0,0,0,0,0,0,0.0275576,0,0,0.266385,0,0,0,0,0,0,0,0,0,0,0,29.5998,353.535,0,0.000249746,0.004509,
2,28,4,0.442119,0,0.221825,0,0,0,0.28472,0.725332,1.02048,0,0,0,2.69448,0.368385,0,0,0,0,0,0,0.0275576,0,0,0.395943,0,0,0,0,0,0,0,0,0,0,0,28.8909,353.535,0,0.000249742,0.004509,
2,28,5,0.565815,0,0.221825,0,0,0,0.351715,0.718346,0.960451,0,0,0,2.81815,0.471451,0,0,0,0,0,0,0.0259366,0,0,0.497388,0,0,0,0,0,0,0,0,0,0,0,30.8542,353.535,0,0.000251056,0.004509,
2,28,6,0.602145,0,0.221825,0,0,0,0.519197,0.732318,1.08051,0,0,0,3.15599,0.501721,0,0,0,0.00637319,0,0,0.0291787,0,0,0.537273,0,0,0,0,0,0,0,0,0,0,0,36.2589,353.535,0,0.000251651,0.004509,
2,28,7,0.551158,0,0.221825,0,0,0,0.703426,0.753275,1.26059,0,0,0,3.49028,0.459238,0,0,0,0.000388724,0,0,0.0340418,0,0,0.493669,0,0,0,0,0,0,0,0,0,0,0,46.4309,353.535,0,0.000251738,0.004509,
2,28,8,0.329203,0,0.221825,0,0,0,0.686679,0.760261,1.32062,0,0,0,3.31859,0.274301,0,0,0,0.147285,0,0,0.0356628,0,0,0.457249,0,0,0,0,0,0,0,0,0,0,0,26.1424,353.535,0,0.000225402,0.004509,
2,28,9,0.138465,0,0.221825,0,0,0,0.56944,0.735811,1.11052,0,0,0,2.77607,0.115373,0,0,0,0.0230635,0,0,0.0299892,0,0,0.168426,0,0,0,0,0,0,0,0,0,0,0,19.8132,353.535,0,1.6178e-005,0.004509,
2,28,10,0.0289351,0,0.221825,0,0,0,0.4857,0.718346,0.960451,0,0,0,2.41526,0.0241094,0,0,0,0.373717,0,0,0.0259366,0,0,0.423763,0,0,0,0,0,0,0,0,0,0,0,18.6111,353.535,0,2.89754e-006,0.004509,
2,28,11,0,0,0.221825,0,0,0,0.452204,0.721839,0.990466,0,0,0,2.38633,0,0,0,0,0.31183,0,0,0.0267471,0,0,0.338577,0,0,0,0,0,0,0,0,0,0,0,18.3859,353.535,0,2.8041e-006,0.004509,
2,28,12,0,0,0.221825,0,0,0,0.418708,0.721839,0.990466,0,0,0,2.35284,0,0,0,0,0.165875,0,0,0.0267471,0,0,0.192622,0,0,0,0,0,0,0,0,0,0,0,18.4386,353.535,0,4.30004e-008,0.004509,
2,28,13,0,0,0.221825,0,0,0,0.351715,0.718346,0.960451,0,0,0,2.25234,0,0,0,0,0.0612824,0,0,0.0259366,0,0,0.087219,0,0,0,0,0,0,0,0,0,0,0,18.4647,353.535,0,3.55822e-008,0.004509,
2,28,14,0,0,0.221825,0,0,0,0.351715,0.721839,0.990466,0,0,0,2.28584,0,0,0,0,0.0598656,0,0,0.0267471,0,0,0.0866127,0,0,0,0,0,0,0,0,0,0,0,18.4597,353.535,0,8.89037e-008,0.004509,
2,28,15,0,0,0.221825,0,0,0,0.351715,0.728825,1.0505,0,0,0,2.35286,0,0,0,0,0.0748674,0,0,0.0283681,0,0,0.103235,0,0,0,0,0,0,0,0,0,0,0,18.9401,353.535,0,1.71964e-006,0.004509,
2,28,16,0,0,0.221825,0,0,0,0.435454,0.735811,1.11052,0,0,0,2.50361,0,0,0,0,0.0384381,0,0,0.0299892,0,0,0.0684273,0,0,0,0,0,0,0,0,0,0,0,18.7297,353.535,0,4.92705e-006,0.004509,
2,28,17,0,0,0.221825,0,0,0,0.519197,0.760261,1.32062,0,0,0,2.8219,0,0,0,0,0.0325853,0,0,0.0356628,0,0,0.0682481,0,0,0,0,0,0,0,0,0,0,0,20.5872,353.535,0,3.4466e-005,0.004509,
2,28,18,0,0,0.221825,0,0,0,0.736923,0.791698,1.59075,0,0,0,3.3412,0,0,0,0,0.222235,0,0,0.0429574,0,0,0.265192,0,0,0,0,0,0,0,0,0,0,0,27.7502,353.535,0,0.000255321,0.004509,
2,28,19,0,0,0.221825,0,0,0,1.40685,0.809163,1.74082,0,0,0,4.17866,0,0,0,0,0.352061,0,0,0.04701,0,0,0.399071,0,0,0,0,0,0,0,0,0,0,0,27.7735,353.535,0,0.000255984,0.004509,
2,28,20,0,0,0.221825,0,0,0,1.9763,0.816149,1.80085,0,0,0,4.81512,0,0,0,0,0.0387342,0,0,0.0486311,0,0,0.0873653,0,0,0,0,0,0,0,0,0,0,0,27.7735,353.535,0,0.000256108,0.004509,
2,28,21,0,0,0.221825,0,0,0,1.89255,0.823135,1.86088,0.382647,0,0,5.18104,0,0,0,0,0.0444856,0,0,0.0502522,0,0,0.0947378,0,0,0,0,0,0,0,0,0,0,0,27.7752,353.535,0,0.000256212,0.004509,
2,28,22,0,0,0.221825,0,0,0,1.60783,0.816149,1.80085,0.382647,0,0,4.8293,0,0,0,0,0.142568,0,0,0.0486311,0,0,0.191199,0,0,0,0,0,0,0,0,0,0,0,27.7726,353.535,0,0.000256141,0.004509,
2,28,23,0,0,0.221825,0,0,0,1.05514,0.788205,1.56074,0.382647,0,0,4.00855,0,0,0,0,0.0248205,0,0,0.042147,0,0,0.0669675,0,0,0,0,0,0,0,0,0,0,0,27.7161,353.535,0,0.000255252,0.004509,
2,28,24,0,0,0.221825,0,0,0,0.636433,0.763754,1.35064,0.382647,0,0,3.3553,0,0,0,0,0.0320069,0,0,0.0364733,0,0,0.0684802,0,0,0,0,0,0,0,0,0,0,0,27.6506,353.535,0,0.000253431,0.004509,
3,1,1,0.0049864,0,0.221825,0,0,0,0.385211,0.735811,1.11052,0,0,0,2.45836,0.0041548,0,0,0,0.00424507,0,0,0.0299892,0,0,0.0383891,0,0,0,0,0,0,0,0,0,0,0,25.6858,351.409,0,0.000198093,0.004509,
3,1,2,0.0808725,0,0.221825,0,0,0,0.318218,0.728825,1.0505,0,0,0,2.40024,0.067385,0,0,0,0.000559972,0,0,0.0283681,0,0,0.0963131,0,0,0,0,0,0,0,0,0,0,0,25.1241,351.409,0,0.000178818,0.004509,
3,1,3,0.128134,0,0.221825,0,0,0,0.251224,0.725332,1.02048,0,0,0,2.347,0.106765,0,0,0,0,0,0,0.0275576,0,0,0.134323,0,0,0,0,0,0,0,0,0,0,0,24.7525,351.409,0,0.000166205,0.004509,
3,1,4,0.168557,0,0.221825,0,0,0,0.28472,0.725332,1.02048,0,0,0,2.42092,0.140446,0,0,0,0,0,0,0.0275576,0,0,0.168004,0,0,0,0,0,0,0,0,0,0,0,24.7274,351.409,0,0.000166275,0.004509,
3,1,5,0.196771,0,0.221825,0,0,0,0.351715,0.718346,0.960451,0,0,0,2.44911,0.163954,0,0,0,0,0,0,0.0259366,0,0,0.189891,0,0,0,0,0,0,0,0,0,0,0,25.0297,351.409,0,0.00017407,0.004509,
3,1,6,0.197741,0,0.221825,0,0,0,0.519197,0.732318,1.08051,0,0,0,2.75159,0.164763,0,0,0,0.00362208,0,0,0.0291787,0,0,0.197564,0,0,0,0,0,0,0,0,0,0,0,25.613,351.409,0,0.000188625,0.004509,
3,1,7,0.207373,0,0.221825,0,0,0,0.703426,0.753275,1.26059,0,0,0,3.14649,0.172788,0,0,0,0.00214167,0,0,0.0340418,0,0,0.208971,0,0,0,0,0,0,0,0,0,0,0,25.8176,351.409,0,0.000197519,0.004509,
3,1,8,0.209968,0,0.221825,0,0,0,0.686679,0.760261,1.32062,0,0,0,3.19936,0.174951,0,0,0,0.145522,0,0,0.0356628,0,0,0.356136,0,0,0,0,0,0,0,0,0,0,0,25.1299,351.409,0,0.00017735,0.004509,
3,1,9,0.196089,0,0.221825,0,0,0,0.56944,0.735811,1.11052,0,0,0,2.83369,0.163386,0,0,0,0.082779,0,0,0.0299892,0,0,0.276154,0,0,0,0,0,0,0,0,0,0,0,23.2905,351.409,0,0.000114551,0.004509,
3,1,10,0.153231,0,0.221825,0,0,0,0.4857,0.718346,0.960451,0,0,0,2.53955,0.127676,0,0,0,0.299382,0,0,0.0259366,0,0,0.452995,0,0,0,0,0,0,0,0,0,0,0,22.1821,351.409,0,8.78109e-005,0.004509,
3,1,11,0.0968875,0,0.221825,0,0,0,0.452204,0.721839,0.990466,0,0,0,2.48322,0.080729,0,0,0,0.345676,0,0,0.0267471,0,0,0.453152,0,0,0,0,0,0,0,0,0,0,0,21.9117,351.409,0,8.38799e-005,0.004509,
3,1,12,0.0734522,0,0.221825,0,0,0,0.418708,0.721839,0.990466,0,0,0,2.42629,0.0612022,0,0,0,0.225174,0,0,0.0267471,0,0,0.313123,0,0,0,0,0,0,0,0,0,0,0,21.8657,351.409,0,8.01764e-005,0.004509,
3,1,13,0.0968863,0,0.221825,0,0,0,0.351715,0.718346,0.960451,0,0,0,2.34922,0.0807281,0,0,0,0.109321,0,0,0.0259366,0,0,0.215986,0,0,0,0,0,0,0,0,0,0,0,21.9633,351.409,0,8.3255e-005,0.004509,
3,1,14,0.0831723,0,0.221825,0,0,0,0.351715,0.721839,0.990466,0,0,0,2.36902,0.0693013,0,0,0,0.347342,0,0,0.0267471,0,0,0.44339,0,0,0,0,0,0,0,0,0,0,0,22.014,351.409,0,8.31654e-005,0.004509,
3,1,15,0.121595,0,0.221825,0,0,0,0.351715,0.728825,1.0505,0,0,0,2.47445,0.101316,0,0,0,0.133222,0,0,0.0283681,0,0,0.262906,0,0,0,0,0,0,0,0,0,0,0,22.3119,351.409,0,8.69541e-005,0.004509,
3,1,16,0.158265,0,0.221825,0,0,0,0.435454,0.735811,1.11052,0,0,0,2.66188,0.13187,0,0,0,0.118472,0,0,0.0299892,0,0,0.280331,0,0,0,0,0,0,0,0,0,0,0,22.7461,351.409,0,0.00010065,0.004509,
3,1,17,0.171691,0,0.221825,0,0,0,0.519197,0.760261,1.32062,0,0,0,2.9936,0.143057,0,0,0,0.0319412,0,0,0.0356628,0,0,0.210661,0,0,0,0,0,0,0,0,0,0,0,25.0753,351.409,0,0.000155925,0.004509,
3,1,18,0.211388,0,0.221825,0,0,0,0.736923,0.791698,1.59075,0,0,0,3.55258,0.176134,0,0,0,0.28565,0,0,0.0429574,0,0,0.504741,0,0,0,0,0,0,0,0,0,0,0,26.6502,351.409,0,0.000211457,0.004509,
3,1,19,0.228304,0,0.221825,0,0,0,1.40685,0.809163,1.74082,0,0,0,4.40697,0.190229,0,0,0,0.667029,0,0,0.04701,0,0,0.904268,0,0,0,0,0,0,0,0,0,0,0,26.6694,351.409,0,0.000212033,0.004509,
3,1,20,0.217398,0,0.221825,0,0,0,1.9763,0.816149,1.80085,0,0,0,5.03252,0.181141,0,0,0,0.0976622,0,0,0.0486311,0,0,0.327434,0,0,0,0,0,0,0,0,0,0,0,26.6696,351.409,0,0.000212059,0.004509,
3,1,21,0.243453,0,0.221825,0,0,0,1.89255,0.823135,1.86088,0.382647,0,0,5.42449,0.20285,0,0,0,0.102747,0,0,0.0502522,0,0,0.355849,0,0,0,0,0,0,0,0,0,0,0,26.6685,351.409,0,0.000211962,0.004509,
3,1,22,0.292897,0,0.221825,0,0,0,1.60783,0.816149,1.80085,0.382647,0,0,5.1222,0.244049,0,0,0,0.146017,0,0,0.0486311,0,0,0.438697,0,0,0,0,0,0,0,0,0,0,0,26.661,351.409,0,0.000211887,0.004509,
3,1,23,0.410586,0,0.221825,0,0,0,1.05514,0.788205,1.56074,0.382647,0,0,4.41914,0.342112,0,0,0,0.0291361,0,0,0.042147,0,0,0.413395,0,0,0,0,0,0,0,0,0,0,0,26.6334,351.409,0,0.000211723,0.004509,
3,1,24,0.518494,0,0.221825,0,0,0,0.636433,0.763754,1.35064,0.382647,0,0,3.87379,0.432022,0,0,0,0.00681722,0,0,0.0364733,0,0,0.475313,0,0,0,0,0,0,0,0,0,0,0,26.5966,351.409,0,0.000210093,0.004509,
3,2,1,0.579244,0,0.221825,0,0,0,0.385211,0.735811,1.11052,0,0,0,3.03262,0.482639,0,0,0,0.0806139,0,0,0.0299892,0,0,0.593242,0,0,0,0,0,0,0,0,0,0,0,26.5528,351.409,0,0.000203559,0.004509,
3,2,2,0.624487,0,0.221825,0,0,0,0.318218,0.728825,1.0505,0,0,0,2.94385,0.520338,0,0,0,0.000387619,0,0,0.0283681,0,0,0.549094,0,0,0,0,0,0,0,0,0,0,0,26.5534,351.409,0,0.000203426,0.004509,
3,2,3,0.649217,0,0.221825,0,0,0,0.251224,0.725332,1.02048,0,0,0,2.86808,0.540945,0,0,0,0.00331478,0,0,0.0275576,0,0,0.571817,0,0,0,0,0,0,0,0,0,0,0,26.5542,351.409,0,0.000203501,0.004509,
3,2,4,0.655407,0,0.221825,0,0,0,0.28472,0.725332,1.02048,0,0,0,2.90777,0.546102,0,0,0,0.00709446,0,0,0.0275576,0,0,0.580754,0,0,0,0,0,0,0,0,0,0,0,26.556,351.409,0,0.000203605,0.004509,
3,2,5,0.677714,0,0.221825,0,0,0,0.351715,0.718346,0.960451,0,0,0,2.93005,0.564688,0,0,0,0,0,0,0.0259366,0,0,0.590625,0,0,0,0,0,0,0,0,0,0,0,26.5583,351.409,0,0.000204358,0.004509,
3,2,6,0.682295,0,0.221825,0,0,0,0.519197,0.732318,1.08051,0,0,0,3.23614,0.568505,0,0,0,0.112917,0,0,0.0291787,0,0,0.710601,0,0,0,0,0,0,0,0,0,0,0,26.5641,351.409,0,0.000204632,0.004509,
3,2,7,0.635721,0,0.221825,0,0,0,0.703426,0.753275,1.26059,0,0,0,3.57484,0.529698,0,0,0,0.153376,0,0,0.0340418,0,0,0.717116,0,0,0,0,0,0,0,0,0,0,0,26.5767,351.409,0,0.000204684,0.004509,
3,2,8,0.522588,0,0.221825,0,0,0,0.686679,0.760261,1.32062,0,0,0,3.51198,0.435433,0,0,0,0.443585,0,0,0.0356628,0,0,0.914681,0,0,0,0,0,0,0,0,0,0,0,25.9913,351.409,0,0.00019329,0.004509,
3,2,9,0.354487,0,0.221825,0,0,0,0.56944,0.735811,1.11052,0,0,0,2.99209,0.295368,0,0,0,0.178471,0,0,0.0299892,0,0,0.503828,0,0,0,0,0,0,0,0,0,0,0,23.1829,351.409,0,0.000114329,0.004509,
3,2,10,0.239909,0,0.221825,0,0,0,0.4857,0.718346,0.960451,0,0,0,2.62623,0.199898,0,0,0,0.271484,0,0,0.0259366,0,0,0.497319,0,0,0,0,0,0,0,0,0,0,0,22.5987,351.409,0,9.44037e-005,0.004509,
3,2,11,0.146237,0,0.221825,0,0,0,0.452204,0.721839,0.990466,0,0,0,2.53257,0.121848,0,0,0,0.141203,0,0,0.0267471,0,0,0.289798,0,0,0,0,0,0,0,0,0,0,0,22.4662,351.409,0,8.93408e-005,0.004509,
3,2,12,0.0806084,0,0.221825,0,0,0,0.418708,0.721839,0.990466,0,0,0,2.43345,0.067165,0,0,0,0.13183,0,0,0.0267471,0,0,0.225742,0,0,0,0,0,0,0,0,0,0,0,22.4739,351.409,0,9.03973e-005,0.004509,
3,2,13,0.0457169,0,0.221825,0,0,0,0.351715,0.718346,0.960451,0,0,0,2.29805,0.0380925,0,0,0,0.0984091,0,0,0.0259366,0,0,0.162438,0,0,0,0,0,0,0,0,0,0,0,22.484,351.409,0,9.05868e-005,0.004509,
3,2,14,0.0390797,0,0.221825,0,0,0,0.351715,0.721839,0.990466,0,0,0,2.32492,0.0325622,0,0,0,0.07457,0,0,0.0267471,0,0,0.133879,0,0,0,0,0,0,0,0,0,0,0,22.5827,351.409,0,9.15257e-005,0.004509,
3,2,15,0.0467978,0,0.221825,0,0,0,0.351715,0.728825,1.0505,0,0,0,2.39966,0.038993,0,0,0,0.770051,0,0,0.0283681,0,0,0.837412,0,0,0,0,0,0,0,0,0,0,0,22.9125,351.409,0,9.78006e-005,0.004509,
3,2,16,0.0574692,0,0.221825,0,0,0,0.435454,0.735811,1.11052,0,0,0,2.56108,0.0478848,0,0,0,0.0909829,0,0,0.0299892,0,0,0.168857,0,0,0,0,0,0,0,0,0,0,0,23.4702,351.409,0,0.000109534,0.004509,
3,2,17,0.083602,0,0.221825,0,0,0,0.519197,0.760261,1.32062,0,0,0,2.90551,0.0696592,0,0,0,0.208397,0,0,0.0356628,0,0,0.313719,0,0,0,0,0,0,0,0,0,0,0,26.5544,351.409,0,0.000206239,0.004509,
3,2,18,0.109159,0,0.221825,0,0,0,0.736923,0.791698,1.59075,0,0,0,3.45036,0.0909541,0,0,0,0.166642,0,0,0.0429574,0,0,0.300554,0,0,0,0,0,0,0,0,0,0,0,26.6646,351.409,0,0.000207568,0.004509,
3,2,19,0.114581,0,0.221825,0,0,0,1.40685,0.809163,1.74082,0,0,0,4.29324,0.0954716,0,0,0,0.265561,0,0,0.04701,0,0,0.408043,0,0,0,0,0,0,0,0,0,0,0,26.6657,351.409,0,0.000207561,0.004509,
3,2,20,0.110713,0,0.221825,0,0,0,1.9763,0.816149,1.80085,0,0,0,4.92583,0.092249,0,0,0,0.311737,0,0,0.0486311,0,0,0.452617,0,0,0,0,0,0,0,0,0,0,0,26.6648,351.409,0,0.000207565,0.004509,
3,2,21,0.144842,0,0.221825,0,0,0,1.89255,0.823135,1.86088,0.382647,0,0,5.32588,0.120686,0,0,0,0.225877,0,0,0.0502522,0,0,0.396815,0,0,0,0,0,0,0,0,0,0,0,26.6419,351.409,0,0.000206543,0.004509,
3,2,22,0.21781,0,0.221825,0,0,0,1.60783,0.816149,1.80085,0.382647,0,0,5.04711,0.181485,0,0,0,0.167931,0,0,0.0486311,0,0,0.398047,0,0,0,0,0,0,0,0,0,0,0,26.6358,351.409,0,0.000205678,0.004509,
3,2,23,0.317345,0,0.221825,0,0,0,1.05514,0.788205,1.56074,0.382647,0,0,4.3259,0.264418,0,0,0,0.0709039,0,0,0.042147,0,0,0.377469,0,0,0,0,0,0,0,0,0,0,0,26.5739,351.409,0,0.000203335,0.004509,
3,2,24,0.40534,0,0.221825,0,0,0,0.636433,0.763754,1.35064,0.382647,0,0,3.76064,0.337739,0,0,0,0.0617943,0,0,0.0364733,0,0,0.436007,0,0,0,0,0,0,0,0,0,0,0,26.562,351.409,0,0.000203299,0.004509,
3,3,1,0.484059,0,0.221825,0,0,0,0.385211,0.735811,1.11052,0,0,0,2.93743,0.403329,0,0,0,0.0521365,0,0,0.0299892,0,0,0.485455,0,0,0,0,0,0,0,0,0,0,0,26.7443,351.409,0,0.000214302,0.004509,
3,3,2,0.53607,0,0.221825,0,0,0,0.318218,0.728825,1.0505,0,0,0,2.85543,0.446665,0,0,0,0.000679841,0,0,0.0283681,0,0,0.475713,0,0,0,0,0,0,0,0,0,0,0,26.7273,351.409,0,0.000214356,0.004509,
3,3,3,0.581758,0,0.221825,0,0,0,0.251224,0.725332,1.02048,0,0,0,2.80062,0.484736,0,0,0,0.00227411,0,0,0.0275576,0,0,0.514568,0,0,0,0,0,0,0,0,0,0,0,26.7193,351.409,0,0.000213833,0.004509,
3,3,4,0.628318,0,0.221825,0,0,0,0.28472,0.725332,1.02048,0,0,0,2.88068,0.523529,0,0,0,0.00211981,0,0,0.0275576,0,0,0.553206,0,0,0,0,0,0,0,0,0,0,0,26.7362,351.409,0,0.000213902,0.004509,
3,3,5,0.680243,0,0.221825,0,0,0,0.351715,0.718346,0.960451,0,0,0,2.93258,0.566794,0,0,0,0.000565059,0,0,0.0259366,0,0,0.593296,0,0,0,0,0,0,0,0,0,0,0,26.7676,351.409,0,0.000215406,0.004509,
3,3,6,0.678022,0,0.221825,0,0,0,0.519197,0.732318,1.08051,0,0,0,3.23187,0.564945,0,0,0,0.103886,0,0,0.0291787,0,0,0.69801,0,0,0,0,0,0,0,0,0,0,0,26.7919,351.409,0,0.00021654,0.004509,
3,3,7,0.597283,0,0.221825,0,0,0,0.703426,0.753275,1.26059,0,0,0,3.5364,0.49767,0,0,0,0.0153129,0,0,0.0340418,0,0,0.547025,0,0,0,0,0,0,0,0,0,0,0,26.7947,351.409,0,0.000216888,0.004509,
3,3,8,0.474176,0,0.221825,0,0,0,0.686679,0.760261,1.32062,0,0,0,3.46356,0.395095,0,0,0,0.266241,0,0,0.0356628,0,0,0.696999,0,0,0,0,0,0,0,0,0,0,0,26.3702,351.409,0,0.000201555,0.004509,
3,3,9,0.334502,0,0.221825,0,0,0,0.56944,0.735811,1.11052,0,0,0,2.9721,0.278716,0,0,0,1.00361,0,0,0.0299892,0,0,1.31232,0,0,0,0,0,0,0,0,0,0,0,22.7611,351.409,0,0.000122935,0.004509,
3,3,10,0.204407,0,0.221825,0,0,0,0.4857,0.718346,0.960451,0,0,0,2.59073,0.170317,0,0,0,0.407243,0,0,0.0259366,0,0,0.603497,0,0,0,0,0,0,0,0,0,0,0,21.2632,351.409,0,6.34409e-005,0.004509,
3,3,11,0.0837482,0,0.221825,0,0,0,0.452204,0.721839,0.990466,0,0,0,2.47008,0.0697811,0,0,0,0.256808,0,0,0.0267471,0,0,0.353336,0,0,0,0,0,0,0,0,0,0,0,20.9671,351.409,0,5.69628e-005,0.004509,
3,3,12,0.0281768,0,0.221825,0,0,0,0.418708,0.721839,0.990466,0,0,0,2.38101,0.0234776,0,0,0,0.37107,0,0,0.0267471,0,0,0.421295,0,0,0,0,0,0,0,0,0,0,0,20.9537,351.409,0,5.5783e-005,0.004509,
3,3,13,0.00435988,0,0.221825,0,0,0,0.351715,0.718346,0.960451,0,0,0,2.2567,0.00363276,0,0,0,0.245806,0,0,0.0259366,0,0,0.275375,0,0,0,0,0,0,0,0,0,0,0,20.9393,351.409,0,5.57107e-005,0.004509,
3,3,14,0,0,0.221825,0,0,0,0.351715,0.721839,0.990466,0,0,0,2.28584,0,0,0,0,0.0531403,0,0,0.0267471,0,0,0.0798874,0,0,0,0,0,0,0,0,0,0,0,21.0266,351.409,0,5.57362e-005,0.004509,
3,3,15,0,0,0.221825,0,0,0,0.351715,0.728825,1.0505,0,0,0,2.35286,0,0,0,0,0.336646,0,0,0.0283681,0,0,0.365014,0,0,0,0,0,0,0,0,0,0,0,21.22,351.409,0,5.75805e-005,0.004509,
3,3,16,0,0,0.221825,0,0,0,0.435454,0.735811,1.11052,0,0,0,2.50361,0,0,0,0,0.160946,0,0,0.0299892,0,0,0.190935,0,0,0,0,0,0,0,0,0,0,0,21.7351,351.409,0,7.62326e-005,0.004509,
3,3,17,0,0,0.221825,0,0,0,0.519197,0.760261,1.32062,0,0,0,2.8219,0,0,0,0,0.288081,0,0,0.0356628,0,0,0.323744,0,0,0,0,0,0,0,0,0,0,0,26.5991,351.409,0,0.000214267,0.004509,
3,3,18,0,0,0.221825,0,0,0,0.736923,0.791698,1.59075,0,0,0,3.3412,0,0,0,0,0.172475,0,0,0.0429574,0,0,0.215432,0,0,0,0,0,0,0,0,0,0,0,26.842,351.409,0,0.00021877,0.004509,
3,3,19,0,0,0.221825,0,0,0,1.40685,0.809163,1.74082,0,0,0,4.17866,0,0,0,0,0.255964,0,0,0.04701,0,0,0.302974,0,0,0,0,0,0,0,0,0,0,0,26.842,351.409,0,0.00021871,0.004509,
3,3,20,0,0,0.221825,0,0,0,1.9763,0.816149,1.80085,0,0,0,4.81512,0,0,0,0,0.22307,0,0,0.0486311,0,0,0.271701,0,0,0,0,0,0,0,0,0,0,0,26.8416,351.409,0,0.000218734,0.004509,
3,3,21,0,0,0.221825,0,0,0,1.89255,0.823135,1.86088,0.382647,0,0,5.18104,0,0,0,0,0.100945,0,0,0.0502522,0,0,0.151197,0,0,0,0,0,0,0,0,0,0,0,26.8129,351.409,0,0.000217535,0.004509,
3,3,22,0.0125509,0,0.221825,0,0,0,1.60783,0.816149,1.80085,0.382647,0,0,4.84185,0.0104577,0,0,0,0.585994,0,0,0.0486311,0,0,0.645083,0,0,0,0,0,0,0,0,0,0,0,26.7593,351.409,0,0.000215706,0.004509,
3,3,23,0.0807811,0,0.221825,0,0,0,1.05514,0.788205,1.56074,0.382647,0,0,4.08933,0.0673088,0,0,0,0.096084,0,0,0.042147,0,0,0.20554,0,0,0,0,0,0,0,0,0,0,0,26.7137,351.409,0,0.000213313,0.004509,
3,3,24,0.133666,0,0.221825,0,0,0,0.636433,0.763754,1.35064,0.382647,0,0,3.48896,0.111374,0,0,0,0.066371,0,0,0.0364733,0,0,0.214218,0,0,0,0,0,0,0,0,0,0,0,26.7012,351.409,0,0.000213074,0.004509,
3,4,1,0.158779,0,0.221825,0,0,0,0.385211,0.735811,1.11052,0,0,0,2.61215,0.132299,0,0,0,0.0168445,0,0,0.0299892,0,0,0.179133,0,0,0,0,0,0,0,0,0,0,0,26.0845,351.409,0,0.000192841,0.004509,
3,4,2,0.180256,0,0.221825,0,0,0,0.318218,0.728825,1.0505,0,0,0,2.49962,0.150193,0,0,0,0,0,0,0.0283681,0,0,0.178561,0,0,0,0,0,0,0,0,0,0,0,26.0898,351.409,0,0.000192971,0.004509,
3,4,3,0.266708,0,0.221825,0,0,0,0.251224,0.725332,1.02048,0,0,0,2.48557,0.222228,0,0,0,0.0129189,0,0,0.0275576,0,0,0.262704,0,0,0,0,0,0,0,0,0,0,0,26.0914,351.409,0,0.000193059,0.004509,
3,4,4,0.328089,0,0.221825,0,0,0,0.28472,0.725332,1.02048,0,0,0,2.58045,0.273371,0,0,0,0,0,0,0.0275576,0,0,0.300929,0,0,0,0,0,0,0,0,0,0,0,26.0933,351.409,0,0.000193098,0.004509,
3,4,5,0.378118,0,0.221825,0,0,0,0.351715,0.718346,0.960451,0,0,0,2.63046,0.315058,0,0,0,0.000518356,0,0,0.0259366,0,0,0.341513,0,0,0,0,0,0,0,0,0,0,0,26.1049,351.409,0,0.000193441,0.004509,
3,4,6,0.415252,0,0.221825,0,0,0,0.519197,0.732318,1.08051,0,0,0,2.9691,0.345999,0,0,0,0.0512518,0,0,0.0291787,0,0,0.42643,0,0,0,0,0,0,0,0,0,0,0,26.1247,351.409,0,0.00019416,0.004509,
3,4,7,0.364352,0,0.221825,0,0,0,0.703426,0.753275,1.26059,0,0,0,3.30347,0.303588,0,0,0,0.210522,0,0,0.0340418,0,0,0.548152,0,0,0,0,0,0,0,0,0,0,0,26.2002,351.409,0,0.000196345,0.004509,
3,4,8,0.189512,0,0.221825,0,0,0,0.686679,0.760261,1.32062,0,0,0,3.1789,0.157906,0,0,0,0.338246,0,0,0.0356628,0,0,0.531815,0,0,0,0,0,0,0,0,0,0,0,26.1094,351.409,0,0.000192857,0.004509,
3,4,9,0.0809124,0,0.221825,0,0,0,0.56944,0.735811,1.11052,0,0,0,2.71851,0.0674183,0,0,0,0.224774,0,0,0.0299892,0,0,0.322182,0,0,0,0,0,0,0,0,0,0,0,24.6387,351.409,0,0.000162368,0.004509,
3,4,10,0.0253669,0,0.221825,0,0,0,0.4857,0.718346,0.960451,0,0,0,2.41169,0.0211363,0,0,0,0.503774,0,0,0.0259366,0,0,0.550847,0,0,0,0,0,0,0,0,0,0,0,21.9034,351.409,0,7.31246e-005,0.004509,
3,4,11,0.00237397,0,0.221825,0,0,0,0.452204,0.721839,0.990466,0,0,0,2.38871,0.00197805,0,0,0,0.268486,0,0,0.0267471,0,0,0.297211,0,0,0,0,0,0,0,0,0,0,0,21.3332,351.409,0,5.30308e-005,0.004509,
3,4,12,0,0,0.221825,0,0,0,0.418708,0.721839,0.990466,0,0,0,2.35284,0,0,0,0,0.106984,0,0,0.0267471,0,0,0.133731,0,0,0,0,0,0,0,0,0,0,0,21.3029,351.409,0,5.27096e-005,0.004509,
3,4,13,0,0,0.221825,0,0,0,0.351715,0.718346,0.960451,0,0,0,2.25234,0,0,0,0,0.0760465,0,0,0.0259366,0,0,0.101983,0,0,0,0,0,0,0,0,0,0,0,21.316,351.409,0,5.19398e-005,0.004509,
3,4,14,0,0,0.221825,0,0,0,0.351715,0.721839,0.990466,0,0,0,2.28584,0,0,0,0,0.0646867,0,0,0.0267471,0,0,0.0914338,0,0,0,0,0,0,0,0,0,0,0,21.3321,351.409,0,5.30471e-005,0.004509,
3,4,15,0,0,0.221825,0,0,0,0.351715,0.728825,1.0505,0,0,0,2.35286,0,0,0,0,0.214512,0,0,0.0283681,0,0,0.24288,0,0,0,0,0,0,0,0,0,0,0,21.3898,351.409,0,5.4895e-005,0.004509,
3,4,16,0,0,0.221825,0,0,0,0.435454,0.735811,1.11052,0,0,0,2.50361,0,0,0,0,0.301221,0,0,0.0299892,0,0,0.33121,0,0,0,0,0,0,0,0,0,0,0,21.7607,351.409,0,6.21063e-005,0.004509,
3,4,17,0,0,0.221825,0,0,0,0.519197,0.760261,1.32062,0,0,0,2.8219,0,0,0,0,0.0856297,0,0,0.0356628,0,0,0.121293,0,0,0,0,0,0,0,0,0,0,0,23.7675,351.409,0,0.00012082,0.004509,
3,4,18,0,0,0.221825,0,0,0,0.736923,0.791698,1.59075,0,0,0,3.3412,0,0,0,0,0.0474895,0,0,0.0429574,0,0,0.0904469,0,0,0,0,0,0,0,0,0,0,0,26.2931,351.409,0,0.00020044,0.004509,
3,4,19,0,0,0.221825,0,0,0,1.40685,0.809163,1.74082,0,0,0,4.17866,0,0,0,0,0.120415,0,0,0.04701,0,0,0.167425,0,0,0,0,0,0,0,0,0,0,0,26.4369,351.409,0,0.000201974,0.004509,
3,4,20,0,0,0.221825,0,0,0,1.9763,0.816149,1.80085,0,0,0,4.81512,0,0,0,0,0.207121,0,0,0.0486311,0,0,0.255752,0,0,0,0,0,0,0,0,0,0,0,26.4361,351.409,0,0.000201988,0.004509,
3,4,21,0,0,0.221825,0,0,0,1.89255,0.823135,1.86088,0.382647,0,0,5.18104,0,0,0,0,0.169585,0,0,0.0502522,0,0,0.219837,0,0,0,0,0,0,0,0,0,0,0,26.4147,351.409,0,0.000200913,0.004509,
3,4,22,0,0,0.221825,0,0,0,1.60783,0.816149,1.80085,0.382647,0,0,4.8293,0,0,0,0,0.142525,0,0,0.0486311,0,0,0.191156,0,0,0,0,0,0,0,0,0,0,0,26.301,351.409,0,0.000199577,0.004509,
3,4,23,0,0,0.221825,0,0,0,1.05514,0.788205,1.56074,0.382647,0,0,4.00855,0,0,0,0,0.0395023,0,0,0.042147,0,0,0.0816493,0,0,0,0,0,0,0,0,0,0,0,26.2067,351.409,0,0.000196704,0.004509,
3,4,24,0.043146,0,0.221825,0,0,0,0.636433,0.763754,1.35064,0.382647,0,0,3.39844,0.0359504,0,0,0,0.0427903,0,0,0.0364733,0,0,0.115214,0,0,0,0,0,0,0,0,0,0,0,26.1851,351.409,0,0.000196367,0.004509,
3,5,1,0.141982,0,0.221825,0,0,0,0.385211,0.735811,1.11052,0,0,0,2.59535,0.118303,0,0,0,0.00162222,0,0,0.0299892,0,0,0.149914,0,0,0,0,0,0,0,0,0,0,0,25.5318,351.409,0,0.000167799,0.004509,
3,5,2,0.192221,0,0.221825,0,0,0,0.318218,0.728825,1.0505,0,0,0,2.51158,0.160163,0,0,0,0.000961329,0,0,0.0283681,0,0,0.189492,0,0,0,0,0,0,0,0,0,0,0,25.5108,351.409,0,0.000167565,0.004509,
3,5,3,0.235713,0,0.221825,0,0,0,0.251224,0.725332,1.02048,0,0,0,2.45457,0.196402,0,0,0,0.0119063,0,0,0.0275576,0,0,0.235866,0,0,0,0,0,0,0,0,0,0,0,25.5102,351.409,0,0.000167402,0.004509,
3,5,4,0.346679,0,0.221825,0,0,0,0.28472,0.725332,1.02048,0,0,0,2.59904,0.288861,0,0,0,0.0014191,0,0,0.0275576,0,0,0.317838,0,0,0,0,0,0,0,0,0,0,0,25.5111,351.409,0,0.000167433,0.004509,
3,5,5,0.44536,0,0.221825,0,0,0,0.351715,0.718346,0.960451,0,0,0,2.6977,0.371086,0,0,0,0.00121675,0,0,0.0259366,0,0,0.398239,0,0,0,0,0,0,0,0,0,0,0,25.5126,351.409,0,0.000167839,0.004509,
3,5,6,0.475191,0,0.221825,0,0,0,0.519197,0.732318,1.08051,0,0,0,3.02904,0.395941,0,0,0,0.000731014,0,0,0.0291787,0,0,0.425851,0,0,0,0,0,0,0,0,0,0,0,25.5722,351.409,0,0.000169574,0.004509,
3,5,7,0.396436,0,0.221825,0,0,0,0.703426,0.753275,1.26059,0,0,0,3.33556,0.330319,0,0,0,0.402572,0,0,0.0340418,0,0,0.766933,0,0,0,0,0,0,0,0,0,0,0,25.5873,351.409,0,0.000170133,0.004509,
3,5,8,0.194052,0,0.221825,0,0,0,0.686679,0.760261,1.32062,0,0,0,3.18344,0.161689,0,0,0,0.0469369,0,0,0.0356628,0,0,0.244289,0,0,0,0,0,0,0,0,0,0,0,25.4139,351.409,0,0.000166198,0.004509,
3,5,9,0.0585856,0,0.221825,0,0,0,0.56944,0.735811,1.11052,0,0,0,2.69619,0.0488149,0,0,0,0.303741,0,0,0.0299892,0,0,0.382545,0,0,0,0,0,0,0,0,0,0,0,21.7909,351.409,0,6.7193e-005,0.004509,
3,5,10,0.00972573,0,0.221825,0,0,0,0.4857,0.718346,0.960451,0,0,0,2.39605,0.00810371,0,0,0,0.363006,0,0,0.0259366,0,0,0.397046,0,0,0,0,0,0,0,0,0,0,0,20.31,351.409,0,2.8052e-005,0.004509,
3,5,11,0,0,0.221825,0,0,0,0.452204,0.721839,0.990466,0,0,0,2.38633,0,0,0,0,0.00995264,0,0,0.0267471,0,0,0.0366997,0,0,0,0,0,0,0,0,0,0,0,20.0995,351.409,0,2.82607e-005,0.004509,
3,5,12,0,0,0.221825,0,0,0,0.418708,0.721839,0.990466,0,0,0,2.35284,0,0,0,0,0.0966019,0,0,0.0267471,0,0,0.123349,0,0,0,0,0,0,0,0,0,0,0,20.0652,351.409,0,2.81926e-005,0.004509,
3,5,13,0,0,0.221825,0,0,0,0.351715,0.718346,0.960451,0,0,0,2.25234,0,0,0,0,0.106846,0,0,0.0259366,0,0,0.132783,0,0,0,0,0,0,0,0,0,0,0,20.0512,351.409,0,2.79455e-005,0.004509,
3,5,14,0,0,0.221825,0,0,0,0.351715,0.721839,0.990466,0,0,0,2.28584,0,0,0,0,0.103323,0,0,0.0267471,0,0,0.13007,0,0,0,0,0,0,0,0,0,0,0,20.0627,351.409,0,2.79018e-005,0.004509,
3,5,15,0,0,0.221825,0,0,0,0.351715,0.728825,1.0505,0,0,0,2.35286,0,0,0,0,0.0128489,0,0,0.0283681,0,0,0.041217,0,0,0,0,0,0,0,0,0,0,0,20.1507,351.409,0,2.8082e-005,0.004509,
3,5,16,0,0,0.221825,0,0,0,0.435454,0.735811,1.11052,0,0,0,2.50361,0,0,0,0,0.0117442,0,0,0.0299892,0,0,0.0417334,0,0,0,0,0,0,0,0,0,0,0,20.5673,351.409,0,3.16362e-005,0.004509,
3,5,17,0,0,0.221825,0,0,0,0.519197,0.760261,1.32062,0,0,0,2.8219,0,0,0,0,0.0220082,0,0,0.0356628,0,0,0.057671,0,0,0,0,0,0,0,0,0,0,0,25.5351,351.409,0,0.000169231,0.004509,
3,5,18,0,0,0.221825,0,0,0,0.736923,0.791698,1.59075,0,0,0,3.3412,0,0,0,0,0.0208052,0,0,0.0429574,0,0,0.0637626,0,0,0,0,0,0,0,0,0,0,0,25.6348,351.409,0,0.000170452,0.004509,
3,5,19,0,0,0.221825,0,0,0,1.40685,0.809163,1.74082,0,0,0,4.17866,0,0,0,0,0.0818261,0,0,0.04701,0,0,0.128836,0,0,0,0,0,0,0,0,0,0,0,25.6386,351.409,0,0.000170516,0.004509,
3,5,20,0,0,0.221825,0,0,0,1.9763,0.816149,1.80085,0,0,0,4.81512,0,0,0,0,0.0908119,0,0,0.0486311,0,0,0.139443,0,0,0,0,0,0,0,0,0,0,0,25.6413,351.409,0,0.000170556,0.004509,
3,5,21,0,0,0.221825,0,0,0,1.89255,0.823135,1.86088,0.382647,0,0,5.18104,0,0,0,0,0.202326,0,0,0.0502522,0,0,0.252578,0,0,0,0,0,0,0,0,0,0,0,25.6208,351.409,0,0.00016967,0.004509,
3,5,22,0,0,0.221825,0,0,0,1.60783,0.816149,1.80085,0.382647,0,0,4.8293,0,0,0,0,0.141825,0,0,0.0486311,0,0,0.190456,0,0,0,0,0,0,0,0,0,0,0,25.6194,351.409,0,0.000169711,0.004509,
3,5,23,0,0,0.221825,0,0,0,1.05514,0.788205,1.56074,0.382647,0,0,4.00855,0,0,0,0,0.0557479,0,0,0.042147,0,0,0.0978949,0,0,0,0,0,0,0,0,0,0,0,25.5338,351.409,0,0.000167952,0.004509,
3,5,24,0,0,0.221825,0,0,0,0.636433,0.763754,1.35064,0.382647,0,0,3.3553,0,0,0,0,0.0482201,0,0,0.0364733,0,0,0.0846934,0,0,0,0,0,0,0,0,0,0,0,25.4993,351.409,0,0.000167268,0.004509,
3,6,1,0,0,0.221825,0,0,0,0.385211,0.735811,1.11052,0,0,0,2.45337,0,0,0,0,0,0,0,0.0299892,0,0,0.0299892,0,0,0,0,0,0,0,0,0,0,0,25.6962,351.409,0,0.000173803,0.004509,
3,6,2,0,0,0.221825,0,0,0,0.318218,0.728825,1.0505,0,0,0,2.31936,0,0,0,0,0.000386629,0,0,0.0283681,0,0,0.0287547,0,0,0,0,0,0,0,0,0,0,0,25.625,351.409,0,0.00017258,0.004509,
3,6,3,0,0,0.221825,0,0,0,0.251224,0.725332,1.02048,0,0,0,2.21886,0,0,0,0,0,0,0,0.0275576,0,0,0.0275576,0,0,0,0,0,0,0,0,0,0,0,25.6173,351.409,0,0.00017232,0.004509,
3,6,4,0.0308209,0,0.221825,0,0,0,0.28472,0.725332,1.02048,0,0,0,2.28318,0.0256808,0,0,0,0.00659225,0,0,0.0275576,0,0,0.0598307,0,0,0,0,0,0,0,0,0,0,0,25.6196,351.409,0,0.000172372,0.004509,
3,6,5,0.0854106,0,0.221825,0,0,0,0.351715,0.718346,0.960451,0,0,0,2.33775,0.0711662,0,0,0,0,0,0,0.0259366,0,0,0.0971028,0,0,0,0,0,0,0,0,0,0,0,25.7103,351.409,0,0.000175526,0.004509,
3,6,6,0.104732,0,0.221825,0,0,0,0.519197,0.732318,1.08051,0,0,0,2.65858,0.0872654,0,0,0,0.190957,0,0,0.0291787,0,0,0.307401,0,0,0,0,0,0,0,0,0,0,0,25.7138,351.409,0,0.000175539,0.004509,
3,6,7,0.0895665,0,0.221825,0,0,0,0.703426,0.753275,1.26059,0,0,0,3.02869,0.0746289,0,0,0,0.209878,0,0,0.0340418,0,0,0.318549,0,0,0,0,0,0,0,0,0,0,0,25.7349,351.409,0,0.000176052,0.004509,
3,6,8,0.0343335,0,0.221825,0,0,0,0.686679,0.760261,1.32062,0,0,0,3.02372,0.0286075,0,0,0,0.927026,0,0,0.0356628,0,0,0.991296,0,0,0,0,0,0,0,0,0,0,0,25.6155,351.409,0,0.000173115,0.004509,
3,6,9,0,0,0.221825,0,0,0,0.56944,0.735811,1.11052,0,0,0,2.6376,0,0,0,0,0.453552,0,0,0.0299892,0,0,0.483541,0,0,0,0,0,0,0,0,0,0,0,20.2108,351.409,0,2.07189e-005,0.004509,
3,6,10,0,0,0.221825,0,0,0,0.4857,0.718346,0.960451,0,0,0,2.38632,0,0,0,0,0.0477816,0,0,0.0259366,0,0,0.0737182,0,0,0,0,0,0,0,0,0,0,0,17.7106,351.409,0,0,0.004509,
3,6,11,0,0,0.221825,0,0,0,0.452204,0.721839,0.990466,0,0,0,2.38633,0,0,0,0,0.0807258,0,0,0.0267471,0,0,0.107473,0,0,0,0,0,0,0,0,0,0,0,17.5643,351.409,0,0,0.004509,
3,6,12,0,0,0.221825,0,0,0,0.418708,0.721839,0.990466,0,0,0,2.35284,0,0,0,0,0.121146,0,0,0.0267471,0,0,0.147893,0,0,0,0,0,0,0,0,0,0,0,17.5731,351.409,0,0,0.004509,
3,6,13,0,0,0.221825,0,0,0,0.351715,0.718346,0.960451,0,0,0,2.25234,0,0,0,0,0.0110887,0,0,0.0259366,0,0,0.0370253,0,0,0,0,0,0,0,0,0,0,0,17.4412,351.409,0,0,0.004509,
3,6,14,0,0,0.221825,0,0,0,0.351715,0.721839,0.990466,0,0,0,2.28584,0,0,0,0,0.0020331,0,0,0.0267471,0,0,0.0287802,0,0,0,0,0,0,0,0,0,0,0,17.3693,351.409,0,0,0.004509,
3,6,15,0,0,0.221825,0,0,0,0.351715,0.728825,1.0505,0,0,0,2.35286,0,0,0,0,0.0359674,0,0,0.0283681,0,0,0.0643355,0,0,0,0,0,0,0,0,0,0,0,17.689,351.409,0,0,0.004509,
3,6,16,0,0,0.221825,0,0,0,0.435454,0.735811,1.11052,0,0,0,2.50361,0,0,0,0,0.365255,0,0,0.0299892,0,0,0.395244,0,0,0,0,0,0,0,0,0,0,0,17.7651,351.409,0,0,0.004509,
3,6,17,0,0,0.221825,0,0,0,0.519197,0.760261,1.32062,0,0,0,2.8219,0,0,0,0,0.0312444,0,0,0.0356628,0,0,0.0669072,0,0,0,0,0,0,0,0,0,0,0,19.468,351.409,0,1.23093e-005,0.004509,
3,6,18,0,0,0.221825,0,0,0,0.736923,0.791698,1.59075,0,0,0,3.3412,0,0,0,0,0.0458981,0,0,0.0429574,0,0,0.0888555,0,0,0,0,0,0,0,0,0,0,0,24.634,351.409,0,0.000161333,0.004509,
3,6,19,0,0,0.221825,0,0,0,1.40685,0.809163,1.74082,0,0,0,4.17866,0,0,0,0,0.377747,0,0,0.04701,0,0,0.424757,0,0,0,0,0,0,0,0,0,0,0,24.6569,351.409,0,0.000161564,0.004509,
3,6,20,0,0,0.221825,0,0,0,1.9763,0.816149,1.80085,0,0,0,4.81512,0,0,0,0,0.156378,0,0,0.0486311,0,0,0.205009,0,0,0,0,0,0,0,0,0,0,0,24.6571,351.409,0,0.000161617,0.004509,
3,6,21,0,0,0.221825,0,0,0,1.89255,0.823135,1.86088,0.382647,0,0,5.18104,0,0,0,0,0.150458,0,0,0.0502522,0,0,0.20071,0,0,0,0,0,0,0,0,0,0,0,24.6257,351.409,0,0.000160742,0.004509,
3,6,22,0,0,0.221825,0,0,0,1.60783,0.816149,1.80085,0.382647,0,0,4.8293,0,0,0,0,0.0951181,0,0,0.0486311,0,0,0.143749,0,0,0,0,0,0,0,0,0,0,0,24.6155,351.409,0,0.000160687,0.004509,
3,6,23,0,0,0.221825,0,0,0,1.05514,0.788205,1.56074,0.382647,0,0,4.00855,0,0,0,0,0.0039192,0,0,0.042147,0,0,0.0460662,0,0,0,0,0,0,0,0,0,0,0,24.5831,351.409,0,0.00015946,0.004509,
3,6,24,0,0,0.221825,0,0,0,0.636433,0.763754,1.35064,0.382647,0,0,3.3553,0,0,0,0,0.00643831,0,0,0.0364733,0,0,0.0429116,0,0,0,0,0,0,0,0,0,0,0,24.553,351.409,0,0.000159542,0.004509,
3,7,1,0,0,0.221825,0,0,0,0.385211,0.735811,1.11052,0,0,0,2.45337,0,0,0,0,0.00683573,0,0,0.0299892,0,0,0.0368249,0,0,0,0,0,0,0,0,0,0,0,24.6737,351.409,0,0.00017196,0.004509,
3,7,2,0.0306058,0,0.221825,0,0,0,0.318218,0.728825,1.0505,0,0,0,2.34997,0.0255015,0,0,0,0,0,0,0.0283681,0,0,0.0538696,0,0,0,0,0,0,0,0,0,0,0,24.5,351.409,0,0.000168147,0.004509,
3,7,3,0.109567,0,0.221825,0,0,0,0.251224,0.725332,1.02048,0,0,0,2.32843,0.0912934,0,0,0,0,0,0,0.0275576,0,0,0.118851,0,0,0,0,0,0,0,0,0,0,0,24.2787,351.409,0,0.000165701,0.004509,
3,7,4,0.146457,0,0.221825,0,0,0,0.28472,0.725332,1.02048,0,0,0,2.39882,0.122032,0,0,0,0.0158437,0,0,0.0275576,0,0,0.165433,0,0,0,0,0,0,0,0,0,0,0,24.3826,351.409,0,0.000166323,0.004509,
3,7,5,0.180882,0,0.221825,0,0,0,0.351715,0.718346,0.960451,0,0,0,2.43322,0.150716,0,0,0,0,0,0,0.0259366,0,0,0.176653,0,0,0,0,0,0,0,0,0,0,0,24.5835,351.409,0,0.000169549,0.004509,
3,7,6,0.202102,0,0.221825,0,0,0,0.519197,0.732318,1.08051,0,0,0,2.75595,0.168396,0,0,0,0.208013,0,0,0.0291787,0,0,0.405588,0,0,0,0,0,0,0,0,0,0,0,24.7703,351.409,0,0.000172874,0.004509,
3,7,7,0.174559,0,0.221825,0,0,0,0.703426,0.753275,1.26059,0,0,0,3.11368,0.145447,0,0,0,0.199637,0,0,0.0340418,0,0,0.379126,0,0,0,0,0,0,0,0,0,0,0,24.8012,351.409,0,0.000174798,0.004509,
3,7,8,0.0981805,0,0.221825,0,0,0,0.686679,0.760261,1.32062,0,0,0,3.08757,0.0818064,0,0,0,0.249009,0,0,0.0356628,0,0,0.366478,0,0,0,0,0,0,0,0,0,0,0,21.8136,351.409,0,9.78379e-005,0.004509,
3,7,9,0.0318939,0,0.221825,0,0,0,0.56944,0.735811,1.11052,0,0,0,2.66949,0.0265747,0,0,0,0.254133,0,0,0.0299892,0,0,0.310697,0,0,0,0,0,0,0,0,0,0,0,17.6468,351.409,0,2.232e-006,0.004509,
3,7,10,0.000848962,0,0.221825,0,0,0,0.4857,0.718346,0.960451,0,0,0,2.38717,0.000707376,0,0,0,0.598219,0,0,0.0259366,0,0,0.624863,0,0,0,0,0,0,0,0,0,0,0,17.1377,351.409,0,0,0.004509,
3,7,11,0,0,0.221825,0,0,0,0.452204,0.721839,0.990466,0,0,0,2.38633,0,0,0,0,0.200412,0,0,0.0267471,0,0,0.227159,0,0,0,0,0,0,0,0,0,0,0,17.0769,351.409,0,0,0.004509,
3,7,12,0,0,0.221825,0,0,0,0.418708,0.721839,0.990466,0,0,0,2.35284,0,0,0,0,0.520871,0,0,0.0267471,0,0,0.547618,0,0,0,0,0,0,0,0,0,0,0,17.2976,351.409,0,0,0.004509,
3,7,13,0,0,0.221825,0,0,0,0.351715,0.718346,0.960451,0,0,0,2.25234,0,0,0,0,0.0785512,0,0,0.0259366,0,0,0.104488,0,0,0,0,0,0,0,0,0,0,0,17.6377,351.409,0,0,0.004509,
3,7,14,0,0,0.221825,0,0,0,0.351715,0.721839,0.990466,0,0,0,2.28584,0,0,0,0,0.0616928,0,0,0.0267471,0,0,0.0884399,0,0,0,0,0,0,0,0,0,0,0,17.3226,351.409,0,0,0.004509,
3,7,15,0,0,0.221825,0,0,0,0.351715,0.728825,1.0505,0,0,0,2.35286,0,0,0,0,0.0803401,0,0,0.0283681,0,0,0.108708,0,0,0,0,0,0,0,0,0,0,0,17.4475,351.409,0,0,0.004509,
3,7,16,0,0,0.221825,0,0,0,0.435454,0.735811,1.11052,0,0,0,2.50361,0,0,0,0,0.0366704,0,0,0.0299892,0,0,0.0666596,0,0,0,0,0,0,0,0,0,0,0,17.5129,351.409,0,0,0.004509,
3,7,17,0,0,0.221825,0,0,0,0.519197,0.760261,1.32062,0,0,0,2.8219,0,0,0,0,0.182526,0,0,0.0356628,0,0,0.218189,0,0,0,0,0,0,0,0,0,0,0,19.0406,351.409,0,1.85102e-005,0.004509,
3,7,18,0,0,0.221825,0,0,0,0.736923,0.791698,1.59075,0,0,0,3.3412,0,0,0,0,0.320818,0,0,0.0429574,0,0,0.363775,0,0,0,0,0,0,0,0,0,0,0,24.8239,351.409,0,0.00017494,0.004509,
3,7,19,0,0,0.221825,0,0,0,1.40685,0.809163,1.74082,0,0,0,4.17866,0,0,0,0,0.427408,0,0,0.04701,0,0,0.474418,0,0,0,0,0,0,0,0,0,0,0,24.8377,351.409,0,0.000175575,0.004509,
3,7,20,0,0,0.221825,0,0,0,1.9763,0.816149,1.80085,0,0,0,4.81512,0,0,0,0,0.190673,0,0,0.0486311,0,0,0.239304,0,0,0,0,0,0,0,0,0,0,0,24.8405,351.409,0,0.000175762,0.004509,
3,7,21,0,0,0.221825,0,0,0,1.89255,0.823135,1.86088,0.382647,0,0,5.18104,0,0,0,0,0.439649,0,0,0.0502522,0,0,0.489901,0,0,0,0,0,0,0,0,0,0,0,24.8455,351.409,0,0.000175891,0.004509,
3,7,22,0,0,0.221825,0,0,0,1.60783,0.816149,1.80085,0.382647,0,0,4.8293,0,0,0,0,0.206702,0,0,0.0486311,0,0,0.255333,0,0,0,0,0,0,0,0,0,0,0,24.8437,351.409,0,0.000175941,0.004509,
3,7,23,0,0,0.221825,0,0,0,1.05514,0.788205,1.56074,0.382647,0,0,4.00855,0,0,0,0,0.00200979,0,0,0.042147,0,0,0.0441568,0,0,0,0,0,0,0,0,0,0,0,24.7657,351.409,0,0.000174883,0.004509,
3,7,24,0.0471814,0,0.221825,0,0,0,0.636433,0.763754,1.35064,0.382647,0,0,3.40248,0.0393127,0,0,0,0.0118691,0,0,0.0364733,0,0,0.0876551,0,0,0,0,0,0,0,0,0,0,0,24.7542,351.409,0,0.000173413,0.004509,
3,8,1,0.133316,0,0.221825,0,0,0,0.385211,0.735811,1.11052,0,0,0,2.58669,0.111082,0,0,0,0,0,0,0.0299892,0,0,0.141071,0,0,0,0,0,0,0,0,0,0,0,25.3868,351.409,0,0.000181551,0.004509,
3,8,2,0.204465,0,0.221825,0,0,0,0.318218,0.728825,1.0505,0,0,0,2.52383,0.170365,0,0,0,0,0,0,0.0283681,0,0,0.198733,0,0,0,0,0,0,0,0,0,0,0,25.381,351.409,0,0.000180854,0.004509,
3,8,3,0.267758,0,0.221825,0,0,0,0.28472,0.725332,1.02048,0,0,0,2.52012,0.223103,0,0,0,0.0019184,0,0,0.0275576,0,0,0.252579,0,0,0,0,0,0,0,0,0,0,0,25.3074,351.409,0,0.000179087,0.004509,
3,8,4,0.357614,0,0.221825,0,0,0,0.351715,0.718346,0.960451,0,0,0,2.60995,0.297973,0,0,0,0,0,0,0.0259366,0,0,0.32391,0,0,0,0,0,0,0,0,0,0,0,25.093,351.409,0,0.000177882,0.004509,
3,8,5,0.40478,0,0.221825,0,0,0,0.519197,0.732318,1.08051,0,0,0,2.95863,0.337272,0,0,0,0.032398,0,0,0.0291787,0,0,0.398849,0,0,0,0,0,0,0,0,0,0,0,25.3565,351.409,0,0.000179801,0.004509,
3,8,6,0.410768,0,0.221825,0,0,0,0.703426,0.753275,1.26059,0,0,0,3.34989,0.342262,0,0,0,0.0630071,0,0,0.0340418,0,0,0.439311,0,0,0,0,0,0,0,0,0,0,0,25.4524,351.409,0,0.00018171,0.004509,
3,8,7,0.338265,0,0.221825,0,0,0,0.686679,0.760261,1.32062,0,0,0,3.32765,0.281851,0,0,0,0.350108,0,0,0.0356628,0,0,0.667622,0,0,0,0,0,0,0,0,0,0,0,25.4589,351.409,0,0.00018176,0.004509,
3,8,8,0.161128,0,0.221825,0,0,0,0.56944,0.735811,1.11052,0,0,0,2.79873,0.134256,0,0,0,0.869634,0,0,0.0299892,0,0,1.03388,0,0,0,0,0,0,0,0,0,0,0,20.8317,351.409,0,4.12653e-005,0.004509,
3,8,9,0.0180489,0,0.221825,0,0,0,0.4857,0.718346,0.960451,0,0,0,2.40437,0.0150388,0,0,0,0.273469,0,0,0.0259366,0,0,0.314444,0,0,0,0,0,0,0,0,0,0,0,16.9579,351.409,0,0,0.004509,
3,8,10,0,0,0.221825,0,0,0,0.452204,0.721839,0.990466,0,0,0,2.38633,0,0,0,0,0.407675,0,0,0.0267471,0,0,0.434422,0,0,0,0,0,0,0,0,0,0,0,16.8206,351.409,0,0,0.004509,
3,8,11,0,0,0.221825,0,0,0,0.418708,0.721839,0.990466,0,0,0,2.35284,0,0,0,0,0.317479,0,0,0.0267471,0,0,0.344226,0,0,0,0,0,0,0,0,0,0,0,17.2226,351.409,0,0,0.004509,
3,8,12,0,0,0.221825,0,0,0,0.351715,0.718346,0.960451,0,0,0,2.25234,0,0,0,0,0.0980075,0,0,0.0259366,0,0,0.123944,0,0,0,0,0,0,0,0,0,0,0,16.8748,351.409,0,0,0.004509,
3,8,13,0,0,0.221825,0,0,0,0.351715,0.721839,0.990466,0,0,0,2.28584,0,0,0,0,0.361543,0,0,0.0267471,0,0,0.38829,0,0,0,0,0,0,0,0,0,0,0,16.8938,351.409,0,0,0.004509,
3,8,14,0,0,0.221825,0,0,0,0.351715,0.728825,1.0505,0,0,0,2.35286,0,0,0,0,0.455899,0,0,0.0283681,0,0,0.484267,0,0,0,0,0,0,0,0,0,0,0,16.8751,351.409,0,0,0.004509,
3,8,15,0,0,0.221825,0,0,0,0.435454,0.735811,1.11052,0,0,0,2.50361,0,0,0,0,0.240228,0,0,0.0299892,0,0,0.270217,0,0,0,0,0,0,0,0,0,0,0,16.9266,351.409,0,0,0.004509,
3,8,16,0,0,0.221825,0,0,0,0.519197,0.760261,1.32062,0,0,0,2.8219,0,0,0,0,0.238183,0,0,0.0356628,0,0,0.273846,0,0,0,0,0,0,0,0,0,0,0,17.1325,351.409,0,0,0.004509,
3,8,17,0,0,0.221825,0,0,0,0.736923,0.791698,1.59075,0,0,0,3.3412,0,0,0,0,0.179372,0,0,0.0429574,0,0,0.222329,0,0,0,0,0,0,0,0,0,0,0,18.7446,351.409,0,1.20657e-005,0.004509,
3,8,18,0,0,0.221825,0,0,0,1.40685,0.809163,1.74082,0,0,0,4.17866,0,0,0,0,0.0134067,0,0,0.04701,0,0,0.0604167,0,0,0,0,0,0,0,0,0,0,0,25.5684,351.409,0,0.000174179,0.004509,
3,8,19,0,0,0.221825,0,0,0,1.9763,0.816149,1.80085,0,0,0,4.81512,0,0,0,0,0.279419,0,0,0.0486311,0,0,0.32805,0,0,0,0,0,0,0,0,0,0,0,25.6543,351.409,0,0.00017582,0.004509,
3,8,20,0,0,0.221825,0,0,0,1.89255,0.823135,1.86088,0.382647,0,0,5.18104,0,0,0,0,0.211863,0,0,0.0502522,0,0,0.262115,0,0,0,0,0,0,0,0,0,0,0,25.6526,351.409,0,0.000175768,0.004509,
3,8,21,0,0,0.221825,0,0,0,1.60783,0.816149,1.80085,0.382647,0,0,4.8293,0,0,0,0,0.156791,0,0,0.0486311,0,0,0.205422,0,0,0,0,0,0,0,0,0,0,0,25.6551,351.409,0,0.000175919,0.004509,
3,8,22,0,0,0.221825,0,0,0,1.05514,0.788205,1.56074,0.382647,0,0,4.00855,0,0,0,0,0.0131003,0,0,0.042147,0,0,0.0552473,0,0,0,0,0,0,0,0,0,0,0,25.6522,351.409,0,0.000175892,0.004509,
3,8,23,0,0,0.221825,0,0,0,0.636433,0.763754,1.35064,0.382647,0,0,3.3553,0,0,0,0,0.000299895,0,0,0.0364733,0,0,0.0367732,0,0,0,0,0,0,0,0,0,0,0,25.6344,351.409,0,0.000174853,0.004509,
3,8,24,0.00819045,0,0.221825,0,0,0,0.385211,0.735811,1.11052,0,0,0,2.46156,0.00682448,0,0,0,0.0177454,0,0,0.0299892,0,0,0.0545591,0,0,0,0,0,0,0,0,0,0,0,25.5666,351.409,0,0.000174567,0.004509,
3,9,1,0.0909698,0,0.221825,0,0,0,0.318218,0.728825,1.0505,0,0,0,2.41033,0.0757983,0,0,0,0.0397725,0,0,0.0283681,0,0,0.143939,0,0,0,0,0,0,0,0,0,0,0,24.995,351.409,0,0.00016374,0.004509,
3,9,2,0.146487,0,0.221825,0,0,0,0.251224,0.725332,1.02048,0,0,0,2.36535,0.122056,0,0,0,0.0201593,0,0,0.0275576,0,0,0.169773,0,0,0,0,0,0,0,0,0,0,0,24.9857,351.409,0,0.000163715,0.004509,
3,9,3,0.198717,0,0.221825,0,0,0,0.28472,0.725332,1.02048,0,0,0,2.45107,0.165576,0,0,0,0.00710318,0,0,0.0275576,0,0,0.200237,0,0,0,0,0,0,0,0,0,0,0,24.9916,351.409,0,0.000164629,0.004509,
3,9,4,0.24813,0,0.221825,0,0,0,0.351715,0.718346,0.960451,0,0,0,2.50047,0.206748,0,0,0,0,0,0,0.0259366,0,0,0.232685,0,0,0,0,0,0,0,0,0,0,0,24.9912,351.409,0,0.000164686,0.004509,
3,9,5,0.312154,0,0.221825,0,0,0,0.519197,0.732318,1.08051,0,0,0,2.866,0.260093,0,0,0,0.124691,0,0,0.0291787,0,0,0.413963,0,0,0,0,0,0,0,0,0,0,0,24.9875,351.409,0,0.000163857,0.004509,
3,9,6,0.338309,0,0.221825,0,0,0,0.703426,0.753275,1.26059,0,0,0,3.27743,0.281887,0,0,0,0.376078,0,0,0.0340418,0,0,0.692007,0,0,0,0,0,0,0,0,0,0,0,25.0173,351.409,0,0.000163951,0.004509,
3,9,7,0.384294,0,0.221825,0,0,0,0.686679,0.760261,1.32062,0,0,0,3.37368,0.320202,0,0,0,0.359617,0,0,0.0356628,0,0,0.715482,0,0,0,0,0,0,0,0,0,0,0,25.0188,351.409,0,0.000164202,0.004509,
3,9,8,0.28889,0,0.221825,0,0,0,0.56944,0.735811,1.11052,0,0,0,2.92649,0.240711,0,0,0,0.343621,0,0,0.0299892,0,0,0.614321,0,0,0,0,0,0,0,0,0,0,0,24.4309,351.409,0,0.000150063,0.004509,
3,9,9,0.118159,0,0.221825,0,0,0,0.4857,0.718346,0.960451,0,0,0,2.50448,0.0984533,0,0,0,0.344229,0,0,0.0259366,0,0,0.468619,0,0,0,0,0,0,0,0,0,0,0,19.7129,351.409,0,3.20974e-005,0.004509,
3,9,10,0.0155489,0,0.221825,0,0,0,0.452204,0.721839,0.990466,0,0,0,2.40188,0.0129557,0,0,0,0.0625199,0,0,0.0267471,0,0,0.102223,0,0,0,0,0,0,0,0,0,0,0,19.3491,351.409,0,2.3127e-005,0.004509,
3,9,11,0,0,0.221825,0,0,0,0.418708,0.721839,0.990466,0,0,0,2.35284,0,0,0,0,0.108475,0,0,0.0267471,0,0,0.135222,0,0,0,0,0,0,0,0,0,0,0,19.313,351.409,0,2.30612e-005,0.004509,
3,9,12,0,0,0.221825,0,0,0,0.351715,0.718346,0.960451,0,0,0,2.25234,0,0,0,0,0.116251,0,0,0.0259366,0,0,0.142188,0,0,0,0,0,0,0,0,0,0,0,19.3274,351.409,0,2.29534e-005,0.004509,
3,9,13,0,0,0.221825,0,0,0,0.351715,0.721839,0.990466,0,0,0,2.28584,0,0,0,0,0.104266,0,0,0.0267471,0,0,0.131013,0,0,0,0,0,0,0,0,0,0,0,19.327,351.409,0,2.30209e-005,0.004509,
3,9,14,0,0,0.221825,0,0,0,0.351715,0.728825,1.0505,0,0,0,2.35286,0,0,0,0,0.173401,0,0,0.0283681,0,0,0.201769,0,0,0,0,0,0,0,0,0,0,0,19.3401,351.409,0,2.31774e-005,0.004509,
3,9,15,0,0,0.221825,0,0,0,0.435454,0.735811,1.11052,0,0,0,2.50361,0,0,0,0,0.0332023,0,0,0.0299892,0,0,0.0631915,0,0,0,0,0,0,0,0,0,0,0,19.5925,351.409,0,2.62035e-005,0.004509,
3,9,16,0,0,0.221825,0,0,0,0.519197,0.760261,1.32062,0,0,0,2.8219,0,0,0,0,0.106337,0,0,0.0356628,0,0,0.142,0,0,0,0,0,0,0,0,0,0,0,20.4091,351.409,0,2.89527e-005,0.004509,
3,9,17,0,0,0.221825,0,0,0,0.736923,0.791698,1.59075,0,0,0,3.3412,0,0,0,0,0.0729328,0,0,0.0429574,0,0,0.11589,0,0,0,0,0,0,0,0,0,0,0,23.2988,351.409,0,0.000105035,0.004509,
3,9,18,0,0,0.221825,0,0,0,1.40685,0.809163,1.74082,0,0,0,4.17866,0,0,0,0,0.294402,0,0,0.04701,0,0,0.341412,0,0,0,0,0,0,0,0,0,0,0,25.0911,351.409,0,0.000164719,0.004509,
3,9,19,0,0,0.221825,0,0,0,1.9763,0.816149,1.80085,0,0,0,4.81512,0,0,0,0,0.097465,0,0,0.0486311,0,0,0.146096,0,0,0,0,0,0,0,0,0,0,0,25.1011,351.409,0,0.000165092,0.004509,
3,9,20,0,0,0.221825,0,0,0,1.89255,0.823135,1.86088,0.382647,0,0,5.18104,0,0,0,0,0.230848,0,0,0.0502522,0,0,0.2811,0,0,0,0,0,0,0,0,0,0,0,25.0836,351.409,0,0.000164254,0.004509,
3,9,21,0,0,0.221825,0,0,0,1.60783,0.816149,1.80085,0.382647,0,0,4.8293,0,0,0,0,0.117433,0,0,0.0486311,0,0,0.166064,0,0,0,0,0,0,0,0,0,0,0,25.0602,351.409,0,0.000164206,0.004509,
3,9,22,0,0,0.221825,0,0,0,1.05514,0.788205,1.56074,0.382647,0,0,4.00855,0,0,0,0,0.231266,0,0,0.042147,0,0,0.273413,0,0,0,0,0,0,0,0,0,0,0,24.9951,351.409,0,0.000162739,0.004509,
3,9,23,0,0,0.221825,0,0,0,0.636433,0.763754,1.35064,0.382647,0,0,3.3553,0,0,0,0,0.00964474,0,0,0.0364733,0,0,0.046118,0,0,0,0,0,0,0,0,0,0,0,24.9852,351.409,0,0.000162684,0.004509,
3,9,24,0,0,0.221825,0,0,0,0.385211,0.735811,1.11052,0,0,0,2.45337,0,0,0,0,0.0180017,0,0,0.0299892,0,0,0.0479909,0,0,0,0,0,0,0,0,0,0,0,24.9851,351.409,0,0.000162721,0.004509,
3,10,1,0,0,0.221825,0,0,0,0.318218,0.728825,1.0505,0,0,0,2.31936,0,0,0,0,0,0,0,0.0283681,0,0,0.0283681,0,0,0,0,0,0,0,0,0,0,0,24.3834,351.409,0,0.000127373,0.004509,
3,10,2,0,0,0.221825,0,0,0,0.251224,0.725332,1.02048,0,0,0,2.21886,0,0,0,0,0,0,0,0.0275576,0,0,0.0275576,0,0,0,0,0,0,0,0,0,0,0,24.3856,351.409,0,0.000127403,0.004509,
3,10,3,0.0561571,0,0.221825,0,0,0,0.28472,0.725332,1.02048,0,0,0,2.30852,0.0467916,0,0,0,0,0,0,0.0275576,0,0,0.0743492,0,0,0,0,0,0,0,0,0,0,0,24.3885,351.409,0,0.000127437,0.004509,
3,10,4,0.14209,0,0.221825,0,0,0,0.351715,0.718346,0.960451,0,0,0,2.39443,0.118393,0,0,0,0,0,0,0.0259366,0,0,0.14433,0,0,0,0,0,0,0,0,0,0,0,24.3911,351.409,0,0.000127514,0.004509,
3,10,5,0.16475,0,0.221825,0,0,0,0.519197,0.732318,1.08051,0,0,0,2.7186,0.137274,0,0,0,0.0083974,0,0,0.0291787,0,0,0.17485,0,0,0,0,0,0,0,0,0,0,0,24.3995,351.409,0,0.00012772,0.004509,
3,10,6,0.166684,0,0.221825,0,0,0,0.703426,0.753275,1.26059,0,0,0,3.10581,0.138885,0,0,0,0.022373,0,0,0.0340418,0,0,0.1953,0,0,0,0,0,0,0,0,0,0,0,24.4076,351.409,0,0.000127912,0.004509,
3,10,7,0.114218,0,0.221825,0,0,0,0.686679,0.760261,1.32062,0,0,0,3.10361,0.0951695,0,0,0,0.190088,0,0,0.0356628,0,0,0.32092,0,0,0,0,0,0,0,0,0,0,0,24.4081,351.409,0,0.000127893,0.004509,
3,10,8,0.0277771,0,0.221825,0,0,0,0.56944,0.735811,1.11052,0,0,0,2.66538,0.0231446,0,0,0,0.687643,0,0,0.0299892,0,0,0.740777,0,0,0,0,0,0,0,0,0,0,0,23.7555,351.409,0,0.000113085,0.004509,
3,10,9,0,0,0.221825,0,0,0,0.4857,0.718346,0.960451,0,0,0,2.38632,0,0,0,0,0.217615,0,0,0.0259366,0,0,0.243552,0,0,0,0,0,0,0,0,0,0,0,17.5313,351.409,0,1.14998e-006,0.004509,
3,10,10,0,0,0.221825,0,0,0,0.452204,0.721839,0.990466,0,0,0,2.38633,0,0,0,0,0.15767,0,0,0.0267471,0,0,0.184417,0,0,0,0,0,0,0,0,0,0,0,16.5896,351.409,0,0,0.004509,
3,10,11,0,0,0.221825,0,0,0,0.418708,0.721839,0.990466,0,0,0,2.35284,0,0,0,0,0.0213523,0,0,0.0267471,0,0,0.0480994,0,0,0,0,0,0,0,0,0,0,0,16.5201,351.409,0,0,0.004509,
3,10,12,0,0,0.221825,0,0,0,0.351715,0.718346,0.960451,0,0,0,2.25234,0,0,0,0,0.0195439,0,0,0.0259366,0,0,0.0454805,0,0,0,0,0,0,0,0,0,0,0,16.5348,351.409,0,0,0.004509,
3,10,13,0,0,0.221825,0,0,0,0.351715,0.721839,0.990466,0,0,0,2.28584,0,0,0,0,0.0879939,0,0,0.0267471,0,0,0.114741,0,0,0,0,0,0,0,0,0,0,0,16.6982,351.409,0,0,0.004509,
3,10,14,0,0,0.221825,0,0,0,0.351715,0.728825,1.0505,0,0,0,2.35286,0,0,0,0,0.15283,0,0,0.0283681,0,0,0.181198,0,0,0,0,0,0,0,0,0,0,0,16.7495,351.409,0,0,0.004509,
3,10,15,0,0,0.221825,0,0,0,0.435454,0.735811,1.11052,0,0,0,2.50361,0,0,0,0,0.143288,0,0,0.0299892,0,0,0.173277,0,0,0,0,0,0,0,0,0,0,0,16.533,351.409,0,0,0.004509,
3,10,16,0,0,0.221825,0,0,0,0.519197,0.760261,1.32062,0,0,0,2.8219,0,0,0,0,0.223165,0,0,0.0356628,0,0,0.258828,0,0,0,0,0,0,0,0,0,0,0,16.5593,351.409,0,0,0.004509,
3,10,17,0,0,0.221825,0,0,0,0.736923,0.791698,1.59075,0,0,0,3.3412,0,0,0,0,0.12229,0,0,0.0429574,0,0,0.165247,0,0,0,0,0,0,0,0,0,0,0,17.3625,351.409,0,0,0.004509,
3,10,18,0,0,0.221825,0,0,0,1.40685,0.809163,1.74082,0,0,0,4.17866,0,0,0,0,0.123859,0,0,0.04701,0,0,0.170869,0,0,0,0,0,0,0,0,0,0,0,22.8207,351.409,0,9.05441e-005,0.004509,
3,10,19,0,0,0.221825,0,0,0,1.9763,0.816149,1.80085,0,0,0,4.81512,0,0,0,0,0.0655205,0,0,0.0486311,0,0,0.114152,0,0,0,0,0,0,0,0,0,0,0,22.8297,351.409,0,9.13537e-005,0.004509,
3,10,20,0,0,0.221825,0,0,0,1.89255,0.823135,1.86088,0.382647,0,0,5.18104,0,0,0,0,0.0547262,0,0,0.0502522,0,0,0.104978,0,0,0,0,0,0,0,0,0,0,0,22.8154,351.409,0,9.0883e-005,0.004509,
3,10,21,0,0,0.221825,0,0,0,1.60783,0.816149,1.80085,0.382647,0,0,4.8293,0,0,0,0,0.162735,0,0,0.0486311,0,0,0.211366,0,0,0,0,0,0,0,0,0,0,0,22.8135,351.409,0,9.01989e-005,0.004509,
3,10,22,0,0,0.221825,0,0,0,1.05514,0.788205,1.56074,0.382647,0,0,4.00855,0,0,0,0,0.0347322,0,0,0.042147,0,0,0.0768792,0,0,0,0,0,0,0,0,0,0,0,22.79,351.409,0,8.95788e-005,0.004509,
3,10,23,0,0,0.221825,0,0,0,0.636433,0.763754,1.35064,0.382647,0,0,3.3553,0,0,0,0,0.0632631,0,0,0.0364733,0,0,0.0997364,0,0,0,0,0,0,0,0,0,0,0,22.721,351.409,0,8.86332e-005,0.004509,
3,10,24,0,0,0.221825,0,0,0,0.385211,0.735811,1.11052,0,0,0,2.45337,0,0,0,0,0.00103695,0,0,0.0299892,0,0,0.0310262,0,0,0,0,0,0,0,0,0,0,0,22.6686,351.409,0,8.66794e-005,0.004509,
3,11,1,0,0,0.221825,0,0,0,0.318218,0.728825,1.0505,0,0,0,2.31936,0,0,0,0,0,0,0,0.0283681,0,0,0.0283681,0,0,0,0,0,0,0,0,0,0,0,22.5348,351.409,0,8.3971e-005,0.004509,
3,11,2,0,0,0.221825,0,0,0,0.251224,0.725332,1.02048,0,0,0,2.21886,0,0,0,0,0.00135038,0,0,0.0275576,0,0,0.028908,0,0,0,0,0,0,0,0,0,0,0,22.5018,351.409,0,8.32064e-005,0.004509,
3,11,3,0.0085267,0,0.221825,0,0,0,0.28472,0.725332,1.02048,0,0,0,2.26088,0.00710465,0,0,0,0.000517154,0,0,0.0275576,0,0,0.0351794,0,0,0,0,0,0,0,0,0,0,0,22.4902,351.409,0,8.3264e-005,0.004509,
3,11,4,0.121396,0,0.221825,0,0,0,0.351715,0.718346,0.960451,0,0,0,2.37373,0.10115,0,0,0,0,0,0,0.0259366,0,0,0.127087,0,0,0,0,0,0,0,0,0,0,0,22.5006,351.409,0,8.37843e-005,0.004509,
3,11,5,0.160475,0,0.221825,0,0,0,0.519197,0.732318,1.08051,0,0,0,2.71432,0.133711,0,0,0,0.0552722,0,0,0.0291787,0,0,0.218162,0,0,0,0,0,0,0,0,0,0,0,22.685,351.409,0,8.68039e-005,0.004509,
3,11,6,0.166521,0,0.221825,0,0,0,0.703426,0.753275,1.26059,0,0,0,3.10564,0.13875,0,0,0,0.353995,0,0,0.0340418,0,0,0.526787,0,0,0,0,0,0,0,0,0,0,0,22.8912,351.409,0,9.22172e-005,0.004509,
3,11,7,0.171586,0,0.221825,0,0,0,0.686679,0.760261,1.32062,0,0,0,3.16097,0.14297,0,0,0,0.313736,0,0,0.0356628,0,0,0.492369,0,0,0,0,0,0,0,0,0,0,0,22.8924,351.409,0,9.26732e-005,0.004509,
3,11,8,0.110014,0,0.221825,0,0,0,0.56944,0.735811,1.11052,0,0,0,2.74761,0.0916667,0,0,0,0.549082,0,0,0.0299892,0,0,0.670738,0,0,0,0,0,0,0,0,0,0,0,19.8149,351.409,0,2.60802e-005,0.004509,
3,11,9,0.0252331,0,0.221825,0,0,0,0.4857,0.718346,0.960451,0,0,0,2.41156,0.0210248,0,0,0,0.0239787,0,0,0.0259366,0,0,0.0709401,0,0,0,0,0,0,0,0,0,0,0,16.7483,351.409,0,0,0.004509,
3,11,10,0,0,0.221825,0,0,0,0.452204,0.721839,0.990466,0,0,0,2.38633,0,0,0,0,0.129623,0,0,0.0267471,0,0,0.15637,0,0,0,0,0,0,0,0,0,0,0,16.6213,351.409,0,0,0.004509,
3,11,11,0,0,0.221825,0,0,0,0.418708,0.721839,0.990466,0,0,0,2.35284,0,0,0,0,0.105991,0,0,0.0267471,0,0,0.132738,0,0,0,0,0,0,0,0,0,0,0,16.7346,351.409,0,0,0.004509,
3,11,12,0,0,0.221825,0,0,0,0.351715,0.718346,0.960451,0,0,0,2.25234,0,0,0,0,0.0573425,0,0,0.0259366,0,0,0.0832791,0,0,0,0,0,0,0,0,0,0,0,16.5988,351.409,0,0,0.004509,
3,11,13,0,0,0.221825,0,0,0,0.351715,0.721839,0.990466,0,0,0,2.28584,0,0,0,0,0.0753996,0,0,0.0267471,0,0,0.102147,0,0,0,0,0,0,0,0,0,0,0,16.7963,351.409,0,0,0.004509,
3,11,14,0,0,0.221825,0,0,0,0.351715,0.728825,1.0505,0,0,0,2.35286,0,0,0,0,0.456523,0,0,0.0283681,0,0,0.484891,0,0,0,0,0,0,0,0,0,0,0,16.7976,351.409,0,0,0.004509,
3,11,15,0,0,0.221825,0,0,0,0.435454,0.735811,1.11052,0,0,0,2.50361,0,0,0,0,0.254627,0,0,0.0299892,0,0,0.284616,0,0,0,0,0,0,0,0,0,0,0,16.6531,351.409,0,0,0.004509,
3,11,16,0,0,0.221825,0,0,0,0.519197,0.760261,1.32062,0,0,0,2.8219,0,0,0,0,0.162295,0,0,0.0356628,0,0,0.197958,0,0,0,0,0,0,0,0,0,0,0,16.7597,351.409,0,0,0.004509,
3,11,17,0,0,0.221825,0,0,0,0.736923,0.791698,1.59075,0,0,0,3.3412,0,0,0,0,0.199778,0,0,0.0429574,0,0,0.242735,0,0,0,0,0,0,0,0,0,0,0,17.5368,351.409,0,0,0.004509,
3,11,18,0,0,0.221825,0,0,0,1.40685,0.809163,1.74082,0,0,0,4.17866,0,0,0,0,0.17846,0,0,0.04701,0,0,0.22547,0,0,0,0,0,0,0,0,0,0,0,22.9148,351.409,0,9.23798e-005,0.004509,
3,11,19,0,0,0.221825,0,0,0,1.9763,0.816149,1.80085,0,0,0,4.81512,0,0,0,0,0.372292,0,0,0.0486311,0,0,0.420923,0,0,0,0,0,0,0,0,0,0,0,22.9778,351.409,0,9.39618e-005,0.004509,
3,11,20,0,0,0.221825,0,0,0,1.89255,0.823135,1.86088,0.382647,0,0,5.18104,0,0,0,0,0.530748,0,0,0.0502522,0,0,0.581,0,0,0,0,0,0,0,0,0,0,0,22.9704,351.409,0,9.36958e-005,0.004509,
3,11,21,0,0,0.221825,0,0,0,1.60783,0.816149,1.80085,0.382647,0,0,4.8293,0,0,0,0,0.196975,0,0,0.0486311,0,0,0.245606,0,0,0,0,0,0,0,0,0,0,0,22.9451,351.409,0,9.34821e-005,0.004509,
3,11,22,0,0,0.221825,0,0,0,1.05514,0.788205,1.56074,0.382647,0,0,4.00855,0,0,0,0,0.10479,0,0,0.042147,0,0,0.146937,0,0,0,0,0,0,0,0,0,0,0,22.903,351.409,0,9.27114e-005,0.004509,
3,11,23,0.0556032,0,0.221825,0,0,0,0.636433,0.763754,1.35064,0.382647,0,0,3.4109,0.0463298,0,0,0,0.031201,0,0,0.0364733,0,0,0.114004,0,0,0,0,0,0,0,0,0,0,0,22.8798,351.409,0,9.23302e-005,0.004509,
3,11,24,0.167496,0,0.221825,0,0,0,0.385211,0.735811,1.11052,0,0,0,2.62087,0.139562,0,0,0,0.00114202,0,0,0.0299892,0,0,0.170693,0,0,0,0,0,0,0,0,0,0,0,22.5683,351.409,0,8.59551e-005,0.004509,
3,12,1,0.239036,0,0.221825,0,0,0,0.318218,0.728825,1.0505,0,0,0,2.5584,0.19917,0,0,0,0.0389014,0,0,0.0283681,0,0,0.26644,0,0,0,0,0,0,0,0,0,0,0,24.23,351.409,0,0.000141762,0.004509,
3,12,2,0.306002,0,0.221825,0,0,0,0.251224,0.725332,1.02048,0,0,0,2.52486,0.254969,0,0,0,0.017925,0,0,0.0275576,0,0,0.300452,0,0,0,0,0,0,0,0,0,0,0,24.1635,351.409,0,0.0001387,0.004509,
3,12,3,0.46983,0,0.221825,0,0,0,0.28472,0.725332,1.02048,0,0,0,2.72219,0.391473,0,0,0,0,0,0,0.0275576,0,0,0.419031,0,0,0,0,0,0,0,0,0,0,0,24.1621,351.409,0,0.000138648,0.004509,
3,12,4,0.596838,0,0.221825,0,0,0,0.351715,0.718346,0.960451,0,0,0,2.84917,0.4973,0,0,0,0.000553889,0,0,0.0259366,0,0,0.52379,0,0,0,0,0,0,0,0,0,0,0,24.2722,351.409,0,0.000141928,0.004509,
3,12,5,0.634642,0,0.221825,0,0,0,0.519197,0.732318,1.08051,0,0,0,3.18849,0.528799,0,0,0,0,0,0,0.0291787,0,0,0.557978,0,0,0,0,0,0,0,0,0,0,0,24.8647,351.409,0,0.000150719,0.004509,
3,12,6,0.646404,0,0.221825,0,0,0,0.703426,0.753275,1.26059,0,0,0,3.58553,0.5386,0,0,0,0.0337243,0,0,0.0340418,0,0,0.606366,0,0,0,0,0,0,0,0,0,0,0,24.907,351.409,0,0.000153605,0.004509,
3,12,7,0.557128,0,0.221825,0,0,0,0.686679,0.760261,1.32062,0,0,0,3.54651,0.464212,0,0,0,0.254693,0,0,0.0356628,0,0,0.754568,0,0,0,0,0,0,0,0,0,0,0,24.9059,351.409,0,0.000153662,0.004509,
3,12,8,0.329821,0,0.221825,0,0,0,0.56944,0.735811,1.11052,0,0,0,2.96742,0.274815,0,0,0,0.472994,0,0,0.0299892,0,0,0.777798,0,0,0,0,0,0,0,0,0,0,0,20.7436,351.409,0,3.18385e-005,0.004509,
3,12,9,0.156986,0,0.221825,0,0,0,0.4857,0.718346,0.960451,0,0,0,2.54331,0.130805,0,0,0,0.358239,0,0,0.0259366,0,0,0.514981,0,0,0,0,0,0,0,0,0,0,0,17.4278,351.409,0,0,0.004509,
3,12,10,0.0468426,0,0.221825,0,0,0,0.452204,0.721839,0.990466,0,0,0,2.43318,0.0390304,0,0,0,0.260982,0,0,0.0267471,0,0,0.326759,0,0,0,0,0,0,0,0,0,0,0,17.2106,351.409,0,0,0.004509,
3,12,11,0.00327831,0,0.221825,0,0,0,0.418708,0.721839,0.990466,0,0,0,2.35612,0.00273156,0,0,0,0.125814,0,0,0.0267471,0,0,0.155293,0,0,0,0,0,0,0,0,0,0,0,17.1637,351.409,0,0,0.004509,
3,12,12,0,0,0.221825,0,0,0,0.351715,0.718346,0.960451,0,0,0,2.25234,0,0,0,0,0.0263277,0,0,0.0259366,0,0,0.0522643,0,0,0,0,0,0,0,0,0,0,0,17.4163,351.409,0,0,0.004509,
3,12,13,0,0,0.221825,0,0,0,0.351715,0.721839,0.990466,0,0,0,2.28584,0,0,0,0,0.0239713,0,0,0.0267471,0,0,0.0507184,0,0,0,0,0,0,0,0,0,0,0,17.2291,351.409,0,0,0.004509,
3,12,14,0,0,0.221825,0,0,0,0.351715,0.728825,1.0505,0,0,0,2.35286,0,0,0,0,0.423933,0,0,0.0283681,0,0,0.452301,0,0,0,0,0,0,0,0,0,0,0,17.1597,351.409,0,0,0.004509,
3,12,15,0,0,0.221825,0,0,0,0.435454,0.735811,1.11052,0,0,0,2.50361,0,0,0,0,0.0604704,0,0,0.0299892,0,0,0.0904596,0,0,0,0,0,0,0,0,0,0,0,17.3647,351.409,0,0,0.004509,
3,12,16,0,0,0.221825,0,0,0,0.519197,0.760261,1.32062,0,0,0,2.8219,0,0,0,0,0.084138,0,0,0.0356628,0,0,0.119801,0,0,0,0,0,0,0,0,0,0,0,17.3358,351.409,0,0,0.004509,
3,12,17,0,0,0.221825,0,0,0,0.736923,0.791698,1.59075,0,0,0,3.3412,0,0,0,0,0.0845705,0,0,0.0429574,0,0,0.127528,0,0,0,0,0,0,0,0,0,0,0,19.0731,351.409,0,1.09793e-005,0.004509,
3,12,18,0,0,0.221825,0,0,0,1.40685,0.809163,1.74082,0,0,0,4.17866,0,0,0,0,0.215018,0,0,0.04701,0,0,0.262028,0,0,0,0,0,0,0,0,0,0,0,25.0232,351.409,0,0.00015718,0.004509,
3,12,19,0,0,0.221825,0,0,0,1.9763,0.816149,1.80085,0,0,0,4.81512,0,0,0,0,0.0874869,0,0,0.0486311,0,0,0.136118,0,0,0,0,0,0,0,0,0,0,0,25.0591,351.409,0,0.000157318,0.004509,
3,12,20,0,0,0.221825,0,0,0,1.89255,0.823135,1.86088,0.382647,0,0,5.18104,0,0,0,0,0.180527,0,0,0.0502522,0,0,0.230779,0,0,0,0,0,0,0,0,0,0,0,25.039,351.409,0,0.000155363,0.004509,
3,12,21,0,0,0.221825,0,0,0,1.60783,0.816149,1.80085,0.382647,0,0,4.8293,0,0,0,0,0.0310408,0,0,0.0486311,0,0,0.0796719,0,0,0,0,0,0,0,0,0,0,0,24.967,351.409,0,0.000155016,0.004509,
3,12,22,0.00400191,0,0.221825,0,0,0,1.05514,0.788205,1.56074,0.382647,0,0,4.01255,0.00333448,0,0,0,0.235611,0,0,0.042147,0,0,0.281092,0,0,0,0,0,0,0,0,0,0,0,24.8954,351.409,0,0.000153362,0.004509,
3,12,23,0.110154,0,0.221825,0,0,0,0.636433,0.763754,1.35064,0.382647,0,0,3.46545,0.0917833,0,0,0,0.0722497,0,0,0.0364733,0,0,0.200506,0,0,0,0,0,0,0,0,0,0,0,24.8868,351.409,0,0.000152984,0.004509,
3,12,24,0.16736,0,0.221825,0,0,0,0.385211,0.735811,1.11052,0,0,0,2.62073,0.139448,0,0,0,0,0,0,0.0299892,0,0,0.169437,0,0,0,0,0,0,0,0,0,0,0,24.8822,351.409,0,0.000152874,0.004509,
3,13,1,0.236647,0,0.221825,0,0,0,0.318218,0.728825,1.0505,0,0,0,2.55601,0.19718,0,0,0,0.00279117,0,0,0.0283681,0,0,0.228339,0,0,0,0,0,0,0,0,0,0,0,25.0483,351.409,0,0.000170978,0.004509,
3,13,2,0.406284,0,0.221825,0,0,0,0.251224,0.725332,1.02048,0,0,0,2.62515,0.338525,0,0,0,0.00367761,0,0,0.0275576,0,0,0.36976,0,0,0,0,0,0,0,0,0,0,0,25.0565,351.409,0,0.000171104,0.004509,
3,13,3,0.543989,0,0.221825,0,0,0,0.28472,0.725332,1.02048,0,0,0,2.79635,0.453265,0,0,0,0,0,0,0.0275576,0,0,0.480823,0,0,0,0,0,0,0,0,0,0,0,25.057,351.409,0,0.000171048,0.004509,
3,13,4,0.587588,0,0.221825,0,0,0,0.351715,0.718346,0.960451,0,0,0,2.83992,0.489592,0,0,0,0,0,0,0.0259366,0,0,0.515529,0,0,0,0,0,0,0,0,0,0,0,25.0595,351.409,0,0.000171274,0.004509,
3,13,5,0.610056,0,0.221825,0,0,0,0.519197,0.732318,1.08051,0,0,0,3.16391,0.508312,0,0,0,0.0256698,0,0,0.0291787,0,0,0.563161,0,0,0,0,0,0,0,0,0,0,0,25.0845,351.409,0,0.000171528,0.004509,
3,13,6,0.673118,0,0.221825,0,0,0,0.703426,0.753275,1.26059,0,0,0,3.61224,0.560858,0,0,0,0.385506,0,0,0.0340418,0,0,0.980406,0,0,0,0,0,0,0,0,0,0,0,25.1753,351.409,0,0.00017221,0.004509,
3,13,7,0.593664,0,0.221825,0,0,0,0.686679,0.760261,1.32062,0,0,0,3.58305,0.494654,0,0,0,0.0805977,0,0,0.0356628,0,0,0.610915,0,0,0,0,0,0,0,0,0,0,0,25.1975,351.409,0,0.000172662,0.004509,
3,13,8,0.3574,0,0.221825,0,0,0,0.56944,0.735811,1.11052,0,0,0,2.995,0.297794,0,0,0,0.0896203,0,0,0.0299892,0,0,0.417404,0,0,0,0,0,0,0,0,0,0,0,24.9189,351.409,0,0.000152029,0.004509,
3,13,9,0.134908,0,0.221825,0,0,0,0.4857,0.718346,0.960451,0,0,0,2.52123,0.112408,0,0,0,0.00925482,0,0,0.0259366,0,0,0.147599,0,0,0,0,0,0,0,0,0,0,0,18.5205,351.409,0,8.0543e-006,0.004509,
3,13,10,0.0137113,0,0.221825,0,0,0,0.452204,0.721839,0.990466,0,0,0,2.40005,0.0114246,0,0,0,0.0341422,0,0,0.0267471,0,0,0.0723139,0,0,0,0,0,0,0,0,0,0,0,17.3854,351.409,0,0,0.004509,
3,13,11,0,0,0.221825,0,0,0,0.418708,0.721839,0.990466,0,0,0,2.35284,0,0,0,0,0.0252841,0,0,0.0267471,0,0,0.0520312,0,0,0,0,0,0,0,0,0,0,0,17.1554,351.409,0,0,0.004509,
3,13,12,0,0,0.221825,0,0,0,0.351715,0.718346,0.960451,0,0,0,2.25234,0,0,0,0,0.109008,0,0,0.0259366,0,0,0.134945,0,0,0,0,0,0,0,0,0,0,0,17.2449,351.409,0,0,0.004509,
3,13,13,0,0,0.221825,0,0,0,0.351715,0.721839,0.990466,0,0,0,2.28584,0,0,0,0,0.065448,0,0,0.0267471,0,0,0.0921951,0,0,0,0,0,0,0,0,0,0,0,17.1845,351.409,0,0,0.004509,
3,13,14,0,0,0.221825,0,0,0,0.351715,0.728825,1.0505,0,0,0,2.35286,0,0,0,0,0.150145,0,0,0.0283681,0,0,0.178513,0,0,0,0,0,0,0,0,0,0,0,17.5475,351.409,0,0,0.004509,
3,13,15,0,0,0.221825,0,0,0,0.435454,0.735811,1.11052,0,0,0,2.50361,0,0,0,0,0.181679,0,0,0.0299892,0,0,0.211668,0,0,0,0,0,0,0,0,0,0,0,17.2073,351.409,0,0,0.004509,
3,13,16,0,0,0.221825,0,0,0,0.519197,0.760261,1.32062,0,0,0,2.8219,0,0,0,0,0.0107321,0,0,0.0356628,0,0,0.0463949,0,0,0,0,0,0,0,0,0,0,0,17.5847,351.409,0,0,0.004509,
3,13,17,0,0,0.221825,0,0,0,0.736923,0.791698,1.59075,0,0,0,3.3412,0,0,0,0,0.0736062,0,0,0.0429574,0,0,0.116564,0,0,0,0,0,0,0,0,0,0,0,19.2498,351.409,0,1.45842e-005,0.004509,
3,13,18,0,0,0.221825,0,0,0,1.40685,0.809163,1.74082,0,0,0,4.17866,0,0,0,0,0.124207,0,0,0.04701,0,0,0.171217,0,0,0,0,0,0,0,0,0,0,0,25.2221,351.409,0,0.000164082,0.004509,
3,13,19,0,0,0.221825,0,0,0,1.9763,0.816149,1.80085,0,0,0,4.81512,0,0,0,0,0.147949,0,0,0.0486311,0,0,0.19658,0,0,0,0,0,0,0,0,0,0,0,25.3041,351.409,0,0.000175112,0.004509,
3,13,20,0,0,0.221825,0,0,0,1.89255,0.823135,1.86088,0.382647,0,0,5.18104,0,0,0,0,0.710324,0,0,0.0502522,0,0,0.760576,0,0,0,0,0,0,0,0,0,0,0,25.2844,351.409,0,0.000174021,0.004509,
3,13,21,0,0,0.221825,0,0,0,1.60783,0.816149,1.80085,0.382647,0,0,4.8293,0,0,0,0,0.0936377,0,0,0.0486311,0,0,0.142269,0,0,0,0,0,0,0,0,0,0,0,25.2833,351.409,0,0.00017409,0.004509,
3,13,22,0,0,0.221825,0,0,0,1.05514,0.788205,1.56074,0.382647,0,0,4.00855,0,0,0,0,0.191737,0,0,0.042147,0,0,0.233884,0,0,0,0,0,0,0,0,0,0,0,25.181,351.409,0,0.000172715,0.004509,
3,13,23,0,0,0.221825,0,0,0,0.636433,0.763754,1.35064,0.382647,0,0,3.3553,0,0,0,0,0.0429786,0,0,0.0364733,0,0,0.0794519,0,0,0,0,0,0,0,0,0,0,0,25.148,351.409,0,0.00017154,0.004509,
3,13,24,0,0,0.221825,0,0,0,0.385211,0.735811,1.11052,0,0,0,2.45337,0,0,0,0,0.0643011,0,0,0.0299892,0,0,0.0942903,0,0,0,0,0,0,0,0,0,0,0,25.0562,351.409,0,0.000171217,0.004509,
3,14,1,0.0215527,0,0.221825,0,0,0,0.318218,0.728825,1.0505,0,0,0,2.34092,0.0179582,0,0,0,0.00298294,0,0,0.0283681,0,0,0.0493092,0,0,0,0,0,0,0,0,0,0,0,24.699,351.409,0,0.000145046,0.004509,
3,14,2,0.066881,0,0.221825,0,0,0,0.251224,0.725332,1.02048,0,0,0,2.28574,0.0557268,0,0,0,0,0,0,0.0275576,0,0,0.0832844,0,0,0,0,0,0,0,0,0,0,0,24.6895,351.409,0,0.000142592,0.004509,
3,14,3,0.0957529,0,0.221825,0,0,0,0.28472,0.725332,1.02048,0,0,0,2.34811,0.0797838,0,0,0,0,0,0,0.0275576,0,0,0.107341,0,0,0,0,0,0,0,0,0,0,0,24.6909,351.409,0,0.00014252,0.004509,
3,14,4,0.129047,0,0.221825,0,0,0,0.351715,0.718346,0.960451,0,0,0,2.38138,0.107526,0,0,0,0.000350572,0,0,0.0259366,0,0,0.133813,0,0,0,0,0,0,0,0,0,0,0,24.6923,351.409,0,0.000142684,0.004509,
3,14,5,0.176683,0,0.221825,0,0,0,0.519197,0.732318,1.08051,0,0,0,2.73053,0.147217,0,0,0,0.00511996,0,0,0.0291787,0,0,0.181516,0,0,0,0,0,0,0,0,0,0,0,24.694,351.409,0,0.000143084,0.004509,
3,14,6,0.280385,0,0.221825,0,0,0,0.703426,0.753275,1.26059,0,0,0,3.21951,0.233623,0,0,0,0.34508,0,0,0.0340418,0,0,0.612745,0,0,0,0,0,0,0,0,0,0,0,24.8913,351.409,0,0.000148254,0.004509,
3,14,7,0.265979,0,0.221825,0,0,0,0.686679,0.760261,1.32062,0,0,0,3.25537,0.22162,0,0,0,0.717399,0,0,0.0356628,0,0,0.974682,0,0,0,0,0,0,0,0,0,0,0,25.079,351.409,0,0.000152094,0.004509,
3,14,8,0.0979452,0,0.221825,0,0,0,0.56944,0.735811,1.11052,0,0,0,2.73555,0.0816103,0,0,0,0.393674,0,0,0.0299892,0,0,0.505274,0,0,0,0,0,0,0,0,0,0,0,22.7628,351.409,0,9.5324e-005,0.004509,
3,14,9,0.00247034,0,0.221825,0,0,0,0.4857,0.718346,0.960451,0,0,0,2.38879,0.00205834,0,0,0,0.344618,0,0,0.0259366,0,0,0.372613,0,0,0,0,0,0,0,0,0,0,0,17.7534,351.409,0,1.27492e-006,0.004509,
3,14,10,0,0,0.221825,0,0,0,0.452204,0.721839,0.990466,0,0,0,2.38633,0,0,0,0,0.117627,0,0,0.0267471,0,0,0.144374,0,0,0,0,0,0,0,0,0,0,0,17.0153,351.409,0,0,0.004509,
3,14,11,0,0,0.221825,0,0,0,0.418708,0.721839,0.990466,0,0,0,2.35284,0,0,0,0,0.484569,0,0,0.0267471,0,0,0.511316,0,0,0,0,0,0,0,0,0,0,0,16.9428,351.409,0,0,0.004509,
3,14,12,0,0,0.221825,0,0,0,0.351715,0.718346,0.960451,0,0,0,2.25234,0,0,0,0,0.163271,0,0,0.0259366,0,0,0.189208,0,0,0,0,0,0,0,0,0,0,0,17.1927,351.409,0,0,0.004509,
3,14,13,0,0,0.221825,0,0,0,0.351715,0.721839,0.990466,0,0,0,2.28584,0,0,0,0,0.390865,0,0,0.0267471,0,0,0.417612,0,0,0,0,0,0,0,0,0,0,0,17.0086,351.409,0,0,0.004509,
3,14,14,0,0,0.221825,0,0,0,0.351715,0.728825,1.0505,0,0,0,2.35286,0,0,0,0,0.124934,0,0,0.0283681,0,0,0.153302,0,0,0,0,0,0,0,0,0,0,0,17.3091,351.409,0,0,0.004509,
3,14,15,0,0,0.221825,0,0,0,0.435454,0.735811,1.11052,0,0,0,2.50361,0,0,0,0,0.0177817,0,0,0.0299892,0,0,0.0477709,0,0,0,0,0,0,0,0,0,0,0,17.065,351.409,0,0,0.004509,
3,14,16,0,0,0.221825,0,0,0,0.519197,0.760261,1.32062,0,0,0,2.8219,0,0,0,0,0.0376911,0,0,0.0356628,0,0,0.0733539,0,0,0,0,0,0,0,0,0,0,0,17.0511,351.409,0,0,0.004509,
3,14,17,0,0,0.221825,0,0,0,0.736923,0.791698,1.59075,0,0,0,3.3412,0,0,0,0,0.0308274,0,0,0.0429574,0,0,0.0737848,0,0,0,0,0,0,0,0,0,0,0,18.3965,351.409,0,5.7313e-006,0.004509,
3,14,18,0,0,0.221825,0,0,0,1.40685,0.809163,1.74082,0,0,0,4.17866,0,0,0,0,0.341395,0,0,0.04701,0,0,0.388405,0,0,0,0,0,0,0,0,0,0,0,24.7672,351.409,0,0.000151422,0.004509,
3,14,19,0,0,0.221825,0,0,0,1.9763,0.816149,1.80085,0,0,0,4.81512,0,0,0,0,0.0413849,0,0,0.0486311,0,0,0.090016,0,0,0,0,0,0,0,0,0,0,0,24.8604,351.409,0,0.000154035,0.004509,
3,14,20,0,0,0.221825,0,0,0,1.89255,0.823135,1.86088,0.382647,0,0,5.18104,0,0,0,0,0.172787,0,0,0.0502522,0,0,0.223039,0,0,0,0,0,0,0,0,0,0,0,24.8567,351.409,0,0.00015385,0.004509,
3,14,21,0,0,0.221825,0,0,0,1.60783,0.816149,1.80085,0.382647,0,0,4.8293,0,0,0,0,0.294873,0,0,0.0486311,0,0,0.343504,0,0,0,0,0,0,0,0,0,0,0,24.8189,351.409,0,0.000153908,0.004509,
3,14,22,0,0,0.221825,0,0,0,1.05514,0.788205,1.56074,0.382647,0,0,4.00855,0,0,0,0,0.0148734,0,0,0.042147,0,0,0.0570204,0,0,0,0,0,0,0,0,0,0,0,24.7809,351.409,0,0.000153804,0.004509,
3,14,23,0,0,0.221825,0,0,0,0.636433,0.763754,1.35064,0.382647,0,0,3.3553,0,0,0,0,0.0417401,0,0,0.0364733,0,0,0.0782134,0,0,0,0,0,0,0,0,0,0,0,24.7367,351.409,0,0.000150697,0.004509,
3,14,24,0,0,0.221825,0,0,0,0.385211,0.735811,1.11052,0,0,0,2.45337,0,0,0,0,0.00145037,0,0,0.0299892,0,0,0.0314396,0,0,0,0,0,0,0,0,0,0,0,24.6746,351.409,0,0.000149127,0.004509,
3,15,1,0,0,0.221825,0,0,0,0.318218,0.728825,1.0505,0,0,0,2.31936,0,0,0,0,0.0008932,0,0,0.0283681,0,0,0.0292613,0,0,0,0,0,0,0,0,0,0,0,22.2057,351.409,0,0.000122812,0.004509,
3,15,2,0,0,0.221825,0,0,0,0.251224,0.725332,1.02048,0,0,0,2.21886,0,0,0,0,0.000347116,0,0,0.0275576,0,0,0.0279047,0,0,0,0,0,0,0,0,0,0,0,22.0849,351.409,0,0.000119613,0.004509,
3,15,3,0.00191229,0,0.221825,0,0,0,0.28472,0.725332,1.02048,0,0,0,2.25427,0.00159337,0,0,0,0.00158916,0,0,0.0275576,0,0,0.0307401,0,0,0,0,0,0,0,0,0,0,0,22.0276,351.409,0,0.000117086,0.004509,
3,15,4,0.0902022,0,0.221825,0,0,0,0.351715,0.718346,0.960451,0,0,0,2.34254,0.0751588,0,0,0,0.000596041,0,0,0.0259366,0,0,0.101691,0,0,0,0,0,0,0,0,0,0,0,22.0378,351.409,0,0.000117625,0.004509,
3,15,5,0.146547,0,0.221825,0,0,0,0.519197,0.732318,1.08051,0,0,0,2.7004,0.122106,0,0,0,0.00363342,0,0,0.0291787,0,0,0.154918,0,0,0,0,0,0,0,0,0,0,0,22.1023,351.409,0,0.000119618,0.004509,
3,15,6,0.190032,0,0.221825,0,0,0,0.703426,0.753275,1.26059,0,0,0,3.12915,0.158339,0,0,0,0.18385,0,0,0.0340418,0,0,0.376231,0,0,0,0,0,0,0,0,0,0,0,22.2151,351.409,0,0.000123116,0.004509,
3,15,7,0.146845,0,0.221825,0,0,0,0.686679,0.760261,1.32062,0,0,0,3.13623,0.122355,0,0,0,0.200705,0,0,0.0356628,0,0,0.358723,0,0,0,0,0,0,0,0,0,0,0,22.2154,351.409,0,0.000123215,0.004509,
3,15,8,0.0430736,0,0.221825,0,0,0,0.56944,0.735811,1.11052,0,0,0,2.68067,0.0358901,0,0,0,0.375574,0,0,0.0299892,0,0,0.441453,0,0,0,0,0,0,0,0,0,0,0,18.4236,351.409,0,1.91331e-005,0.004509,
3,15,9,0,0,0.221825,0,0,0,0.4857,0.718346,0.960451,0,0,0,2.38632,0,0,0,0,0.450174,0,0,0.0259366,0,0,0.476111,0,0,0,0,0,0,0,0,0,0,0,15.934,351.409,0,0,0.004509,
3,15,10,0,0,0.221825,0,0,0,0.452204,0.721839,0.990466,0,0,0,2.38633,0,0,0,0,0.447706,0,0,0.0267471,0,0,0.474453,0,0,0,0,0,0,0,0,0,0,0,15.8727,351.409,0,0,0.004509,
3,15,11,0,0,0.221825,0,0,0,0.418708,0.721839,0.990466,0,0,0,2.35284,0,0,0,0,0.160017,0,0,0.0267471,0,0,0.186764,0,0,0,0,0,0,0,0,0,0,0,15.8956,351.409,0,0,0.004509,
3,15,12,0,0,0.221825,0,0,0,0.351715,0.718346,0.960451,0,0,0,2.25234,0,0,0,0,0.058411,0,0,0.0259366,0,0,0.0843476,0,0,0,0,0,0,0,0,0,0,0,15.8953,351.409,0,0,0.004509,
3,15,13,0,0,0.221825,0,0,0,0.351715,0.721839,0.990466,0,0,0,2.28584,0,0,0,0,0.0830008,0,0,0.0267471,0,0,0.109748,0,0,0,0,0,0,0,0,0,0,0,16.0863,351.409,0,0,0.004509,
3,15,14,0,0,0.221825,0,0,0,0.351715,0.728825,1.0505,0,0,0,2.35286,0,0,0,0,0.0633794,0,0,0.0283681,0,0,0.0917475,0,0,0,0,0,0,0,0,0,0,0,16.0622,351.409,0,0,0.004509,
3,15,15,0,0,0.221825,0,0,0,0.435454,0.735811,1.11052,0,0,0,2.50361,0,0,0,0,0.084488,0,0,0.0299892,0,0,0.114477,0,0,0,0,0,0,0,0,0,0,0,16.0186,351.409,0,0,0.004509,
3,15,16,0,0,0.221825,0,0,0,0.519197,0.760261,1.32062,0,0,0,2.8219,0,0,0,0,0.03106,0,0,0.0356628,0,0,0.0667228,0,0,0,0,0,0,0,0,0,0,0,15.9745,351.409,0,0,0.004509,
3,15,17,0,0,0.221825,0,0,0,0.736923,0.791698,1.59075,0,0,0,3.3412,0,0,0,0,0.294971,0,0,0.0429574,0,0,0.337928,0,0,0,0,0,0,0,0,0,0,0,17.0117,351.409,0,2.36805e-006,0.004509,
3,15,18,0,0,0.221825,0,0,0,1.40685,0.809163,1.74082,0,0,0,4.17866,0,0,0,0,0.673828,0,0,0.04701,0,0,0.720838,0,0,0,0,0,0,0,0,0,0,0,24.2322,351.409,0,0.00012592,0.004509,
3,15,19,0,0,0.221825,0,0,0,1.9763,0.816149,1.80085,0,0,0,4.81512,0,0,0,0,0.0321141,0,0,0.0486311,0,0,0.0807452,0,0,0,0,0,0,0,0,0,0,0,24.4664,351.409,0,0.000133036,0.004509,
3,15,20,0,0,0.221825,0,0,0,1.89255,0.823135,1.86088,0.382647,0,0,5.18104,0,0,0,0,0.0701573,0,0,0.0502522,0,0,0.12041,0,0,0,0,0,0,0,0,0,0,0,24.4665,351.409,0,0.000132931,0.004509,
3,15,21,0,0,0.221825,0,0,0,1.60783,0.816149,1.80085,0.382647,0,0,4.8293,0,0,0,0,0.0682446,0,0,0.0486311,0,0,0.116876,0,0,0,0,0,0,0,0,0,0,0,24.463,351.409,0,0.000132881,0.004509,
3,15,22,0,0,0.221825,0,0,0,1.05514,0.788205,1.56074,0.382647,0,0,4.00855,0,0,0,0,0.0482643,0,0,0.042147,0,0,0.0904113,0,0,0,0,0,0,0,0,0,0,0,24.3908,351.409,0,0.000130047,0.004509,
3,15,23,0,0,0.221825,0,0,0,0.636433,0.763754,1.35064,0.382647,0,0,3.3553,0,0,0,0,0.0491209,0,0,0.0364733,0,0,0.0855942,0,0,0,0,0,0,0,0,0,0,0,24.2717,351.409,0,0.000126208,0.004509,
3,15,24,0,0,0.221825,0,0,0,0.385211,0.735811,1.11052,0,0,0,2.45337,0,0,0,0,0.0165024,0,0,0.0299892,0,0,0.0464916,0,0,0,0,0,0,0,0,0,0,0,24.1651,351.409,0,0.000125174,0.004509,
3,16,1,0,0,0.221825,0,0,0,0.318218,0.728825,1.0505,0,0,0,2.31936,0,0,0,0,0.0875196,0,0,0.0283681,0,0,0.115888,0,0,0,0,0,0,0,0,0,0,0,22.5437,351.409,0,0.000108988,0.004509,
3,16,2,0,0,0.221825,0,0,0,0.251224,0.725332,1.02048,0,0,0,2.21886,0,0,0,0,0.0405636,0,0,0.0275576,0,0,0.0681212,0,0,0,0,0,0,0,0,0,0,0,22.5248,351.409,0,0.000108823,0.004509,
3,16,3,0,0,0.221825,0,0,0,0.28472,0.725332,1.02048,0,0,0,2.25236,0,0,0,0,0.000701102,0,0,0.0275576,0,0,0.0282587,0,0,0,0,0,0,0,0,0,0,0,22.5269,351.409,0,0.00010902,0.004509,
3,16,4,0.0191005,0,0.221825,0,0,0,0.351715,0.718346,0.960451,0,0,0,2.27144,0.015915,0,0,0,0.0143186,0,0,0.0259366,0,0,0.0561702,0,0,0,0,0,0,0,0,0,0,0,22.5285,351.409,0,0.000109063,0.004509,
3,16,5,0.0813139,0,0.221825,0,0,0,0.519197,0.732318,1.08051,0,0,0,2.63516,0.0677528,0,0,0,0.100739,0,0,0.0291787,0,0,0.197671,0,0,0,0,0,0,0,0,0,0,0,22.5606,351.409,0,0.000109297,0.004509,
3,16,6,0.12455,0,0.221825,0,0,0,0.703426,0.753275,1.26059,0,0,0,3.06367,0.103778,0,0,0,0.594129,0,0,0.0340418,0,0,0.731949,0,0,0,0,0,0,0,0,0,0,0,22.5988,351.409,0,0.000109765,0.004509,
3,16,7,0.11632,0,0.221825,0,0,0,0.686679,0.760261,1.32062,0,0,0,3.10571,0.0969204,0,0,0,0.376149,0,0,0.0356628,0,0,0.508732,0,0,0,0,0,0,0,0,0,0,0,22.5969,351.409,0,0.000109961,0.004509,
3,16,8,0.0365909,0,0.221825,0,0,0,0.56944,0.735811,1.11052,0,0,0,2.67419,0.0304884,0,0,0,0.363128,0,0,0.0299892,0,0,0.423606,0,0,0,0,0,0,0,0,0,0,0,19.4787,351.409,0,2.64446e-005,0.004509,
3,16,9,0,0,0.221825,0,0,0,0.4857,0.718346,0.960451,0,0,0,2.38632,0,0,0,0,0.476639,0,0,0.0259366,0,0,0.502576,0,0,0,0,0,0,0,0,0,0,0,16.2348,351.409,0,0,0.004509,
3,16,10,0,0,0.221825,0,0,0,0.452204,0.721839,0.990466,0,0,0,2.38633,0,0,0,0,0.189538,0,0,0.0267471,0,0,0.216285,0,0,0,0,0,0,0,0,0,0,0,16.1725,351.409,0,0,0.004509,
3,16,11,0,0,0.221825,0,0,0,0.418708,0.721839,0.990466,0,0,0,2.35284,0,0,0,0,0.0486947,0,0,0.0267471,0,0,0.0754418,0,0,0,0,0,0,0,0,0,0,0,16.1468,351.409,0,0,0.004509,
3,16,12,0,0,0.221825,0,0,0,0.351715,0.718346,0.960451,0,0,0,2.25234,0,0,0,0,0.0372527,0,0,0.0259366,0,0,0.0631893,0,0,0,0,0,0,0,0,0,0,0,16.2086,351.409,0,0,0.004509,
3,16,13,0,0,0.221825,0,0,0,0.351715,0.721839,0.990466,0,0,0,2.28584,0,0,0,0,0.0185991,0,0,0.0267471,0,0,0.0453462,0,0,0,0,0,0,0,0,0,0,0,16.3889,351.409,0,0,0.004509,
3,16,14,0,0,0.221825,0,0,0,0.351715,0.728825,1.0505,0,0,0,2.35286,0,0,0,0,0.191797,0,0,0.0283681,0,0,0.220165,0,0,0,0,0,0,0,0,0,0,0,16.3837,351.409,0,0,0.004509,
3,16,15,0,0,0.221825,0,0,0,0.435454,0.735811,1.11052,0,0,0,2.50361,0,0,0,0,0.0598197,0,0,0.0299892,0,0,0.0898089,0,0,0,0,0,0,0,0,0,0,0,16.3154,351.409,0,0,0.004509,
3,16,16,0,0,0.221825,0,0,0,0.519197,0.760261,1.32062,0,0,0,2.8219,0,0,0,0,0.124774,0,0,0.0356628,0,0,0.160437,0,0,0,0,0,0,0,0,0,0,0,16.2188,351.409,0,0,0.004509,
3,16,17,0,0,0.221825,0,0,0,0.736923,0.791698,1.59075,0,0,0,3.3412,0,0,0,0,0.0763417,0,0,0.0429574,0,0,0.119299,0,0,0,0,0,0,0,0,0,0,0,16.8338,351.409,0,0,0.004509,
3,16,18,0,0,0.221825,0,0,0,1.40685,0.809163,1.74082,0,0,0,4.17866,0,0,0,0,0.0938338,0,0,0.04701,0,0,0.140844,0,0,0,0,0,0,0,0,0,0,0,22.7015,351.409,0,0.000105252,0.004509,
3,16,19,0,0,0.221825,0,0,0,1.9763,0.816149,1.80085,0,0,0,4.81512,0,0,0,0,0.017761,0,0,0.0486311,0,0,0.0663921,0,0,0,0,0,0,0,0,0,0,0,22.7692,351.409,0,0.000107944,0.004509,
3,16,20,0,0,0.221825,0,0,0,1.89255,0.823135,1.86088,0.382647,0,0,5.18104,0,0,0,0,0.316013,0,0,0.0502522,0,0,0.366265,0,0,0,0,0,0,0,0,0,0,0,22.7548,351.409,0,0.000106707,0.004509,
3,16,21,0,0,0.221825,0,0,0,1.60783,0.816149,1.80085,0.382647,0,0,4.8293,0,0,0,0,0.490699,0,0,0.0486311,0,0,0.53933,0,0,0,0,0,0,0,0,0,0,0,22.6887,351.409,0,0.000106562,0.004509,
3,16,22,0,0,0.221825,0,0,0,1.05514,0.788205,1.56074,0.382647,0,0,4.00855,0,0,0,0,0.479236,0,0,0.042147,0,0,0.521383,0,0,0,0,0,0,0,0,0,0,0,22.6317,351.409,0,0.000105332,0.004509,
3,16,23,0,0,0.221825,0,0,0,0.636433,0.763754,1.35064,0.382647,0,0,3.3553,0,0,0,0,0.0209984,0,0,0.0364733,0,0,0.0574717,0,0,0,0,0,0,0,0,0,0,0,22.5393,351.409,0,0.000105065,0.004509,
3,16,24,0,0,0.221825,0,0,0,0.385211,0.735811,1.11052,0,0,0,2.45337,0,0,0,0,0,0,0,0.0299892,0,0,0.0299892,0,0,0,0,0,0,0,0,0,0,0,22.5283,351.409,0,0.000104852,0.004509,
3,17,1,0,0,0.221825,0,0,0,0.318218,0.728825,1.0505,0,0,0,2.31936,0,0,0,0,0.0868704,0,0,0.0283681,0,0,0.115238,0,0,0,0,0,0,0,0,0,0,0,22.8555,351.409,0,0.00011586,0.004509,
3,17,2,0,0,0.221825,0,0,0,0.251224,0.725332,1.02048,0,0,0,2.21886,0,0,0,0,0.040563,0,0,0.0275576,0,0,0.0681206,0,0,0,0,0,0,0,0,0,0,0,22.842,351.409,0,0.000115736,0.004509,
3,17,3,0,0,0.221825,0,0,0,0.28472,0.725332,1.02048,0,0,0,2.25236,0,0,0,0,0,0,0,0.0275576,0,0,0.0275576,0,0,0,0,0,0,0,0,0,0,0,22.8416,351.409,0,0.000115833,0.004509,
3,17,4,0,0,0.221825,0,0,0,0.351715,0.718346,0.960451,0,0,0,2.25234,0,0,0,0,0,0,0,0.0259366,0,0,0.0259366,0,0,0,0,0,0,0,0,0,0,0,22.8494,351.409,0,0.000115903,0.004509,
3,17,5,0,0,0.221825,0,0,0,0.519197,0.732318,1.08051,0,0,0,2.55385,0,0,0,0,0,0,0,0.0291787,0,0,0.0291787,0,0,0,0,0,0,0,0,0,0,0,22.8535,351.409,0,0.00011597,0.004509,
3,17,6,0,0,0.221825,0,0,0,0.703426,0.753275,1.26059,0,0,0,2.93912,0,0,0,0,0.708897,0,0,0.0340418,0,0,0.742939,0,0,0,0,0,0,0,0,0,0,0,22.8616,351.409,0,0.000116031,0.004509,
3,17,7,0,0,0.221825,0,0,0,0.686679,0.760261,1.32062,0,0,0,2.98939,0,0,0,0,0.17512,0,0,0.0356628,0,0,0.210783,0,0,0,0,0,0,0,0,0,0,0,22.8592,351.409,0,0.000116104,0.004509,
3,17,8,0,0,0.221825,0,0,0,0.56944,0.735811,1.11052,0,0,0,2.6376,0,0,0,0,0.221808,0,0,0.0299892,0,0,0.251797,0,0,0,0,0,0,0,0,0,0,0,18.8549,351.409,0,8.94241e-006,0.004509,
3,17,9,0,0,0.221825,0,0,0,0.4857,0.718346,0.960451,0,0,0,2.38632,0,0,0,0,0.513165,0,0,0.0259366,0,0,0.539102,0,0,0,0,0,0,0,0,0,0,0,16.1756,351.409,0,0,0.004509,
3,17,10,0,0,0.221825,0,0,0,0.452204,0.721839,0.990466,0,0,0,2.38633,0,0,0,0,0.220799,0,0,0.0267471,0,0,0.247546,0,0,0,0,0,0,0,0,0,0,0,16.002,351.409,0,0,0.004509,
3,17,11,0,0,0.221825,0,0,0,0.418708,0.721839,0.990466,0,0,0,2.35284,0,0,0,0,0.123717,0,0,0.0267471,0,0,0.150464,0,0,0,0,0,0,0,0,0,0,0,15.9325,351.409,0,0,0.004509,
3,17,12,0,0,0.221825,0,0,0,0.351715,0.718346,0.960451,0,0,0,2.25234,0,0,0,0,0.0582598,0,0,0.0259366,0,0,0.0841964,0,0,0,0,0,0,0,0,0,0,0,16.0633,351.409,0,0,0.004509,
3,17,13,0,0,0.221825,0,0,0,0.351715,0.721839,0.990466,0,0,0,2.28584,0,0,0,0,0.136731,0,0,0.0267471,0,0,0.163478,0,0,0,0,0,0,0,0,0,0,0,16.054,351.409,0,0,0.004509,
3,17,14,0,0,0.221825,0,0,0,0.351715,0.728825,1.0505,0,0,0,2.35286,0,0,0,0,0.430691,0,0,0.0283681,0,0,0.459059,0,0,0,0,0,0,0,0,0,0,0,16.0633,351.409,0,0,0.004509,
3,17,15,0,0,0.221825,0,0,0,0.435454,0.735811,1.11052,0,0,0,2.50361,0,0,0,0,0.0804238,0,0,0.0299892,0,0,0.110413,0,0,0,0,0,0,0,0,0,0,0,16.119,351.409,0,0,0.004509,
3,17,16,0,0,0.221825,0,0,0,0.519197,0.760261,1.32062,0,0,0,2.8219,0,0,0,0,0.136616,0,0,0.0356628,0,0,0.172279,0,0,0,0,0,0,0,0,0,0,0,16.0447,351.409,0,0,0.004509,
3,17,17,0,0,0.221825,0,0,0,0.736923,0.791698,1.59075,0,0,0,3.3412,0,0,0,0,0.133093,0,0,0.0429574,0,0,0.17605,0,0,0,0,0,0,0,0,0,0,0,16.7336,351.409,0,0,0.004509,
3,17,18,0,0,0.221825,0,0,0,1.40685,0.809163,1.74082,0,0,0,4.17866,0,0,0,0,0.359032,0,0,0.04701,0,0,0.406042,0,0,0,0,0,0,0,0,0,0,0,22.5137,351.409,0,8.32112e-005,0.004509,
3,17,19,0,0,0.221825,0,0,0,1.9763,0.816149,1.80085,0,0,0,4.81512,0,0,0,0,0.374614,0,0,0.0486311,0,0,0.423245,0,0,0,0,0,0,0,0,0,0,0,22.637,351.409,0,8.43281e-005,0.004509,
3,17,20,0,0,0.221825,0,0,0,1.89255,0.823135,1.86088,0.382647,0,0,5.18104,0,0,0,0,0.318494,0,0,0.0502522,0,0,0.368746,0,0,0,0,0,0,0,0,0,0,0,22.6136,351.409,0,8.37125e-005,0.004509,
3,17,21,0,0,0.221825,0,0,0,1.60783,0.816149,1.80085,0.382647,0,0,4.8293,0,0,0,0,0.167558,0,0,0.0486311,0,0,0.216189,0,0,0,0,0,0,0,0,0,0,0,22.6083,351.409,0,8.37328e-005,0.004509,
3,17,22,0,0,0.221825,0,0,0,1.05514,0.788205,1.56074,0.382647,0,0,4.00855,0,0,0,0,0.456193,0,0,0.042147,0,0,0.49834,0,0,0,0,0,0,0,0,0,0,0,22.5791,351.409,0,8.32981e-005,0.004509,
3,17,23,0,0,0.221825,0,0,0,0.636433,0.763754,1.35064,0.382647,0,0,3.3553,0,0,0,0,0,0,0,0.0364733,0,0,0.0364733,0,0,0,0,0,0,0,0,0,0,0,22.4973,351.409,0,8.30924e-005,0.004509,
3,17,24,0,0,0.221825,0,0,0,0.385211,0.735811,1.11052,0,0,0,2.45337,0,0,0,0,0,0,0,0.0299892,0,0,0.0299892,0,0,0,0,0,0,0,0,0,0,0,22.482,351.409,0,8.26883e-005,0.004509,
3,18,1,0,0,0.221825,0,0,0,0.318218,0.728825,1.0505,0,0,0,2.31936,0,0,0,0,0,0,0,0.0283681,0,0,0.0283681,0,0,0,0,0,0,0,0,0,0,0,23.8183,351.409,0,0.0001371,0.004509,
3,18,2,0,0,0.221825,0,0,0,0.251224,0.725332,1.02048,0,0,0,2.21886,0,0,0,0,0.00257552,0,0,0.0275576,0,0,0.0301331,0,0,0,0,0,0,0,0,0,0,0,23.6994,351.409,0,0.000132334,0.004509,
3,18,3,0,0,0.221825,0,0,0,0.28472,0.725332,1.02048,0,0,0,2.25236,0,0,0,0,0,0,0,0.0275576,0,0,0.0275576,0,0,0,0,0,0,0,0,0,0,0,23.6558,351.409,0,0.000132154,0.004509,
3,18,4,0,0,0.221825,0,0,0,0.351715,0.718346,0.960451,0,0,0,2.25234,0,0,0,0,0.000803354,0,0,0.0259366,0,0,0.02674,0,0,0,0,0,0,0,0,0,0,0,23.7035,351.409,0,0.000132518,0.004509,
3,18,5,0,0,0.221825,0,0,0,0.519197,0.732318,1.08051,0,0,0,2.55385,0,0,0,0,0.0243026,0,0,0.0291787,0,0,0.0534813,0,0,0,0,0,0,0,0,0,0,0,24.0457,351.409,0,0.000141895,0.004509,
3,18,6,0,0,0.221825,0,0,0,0.703426,0.753275,1.26059,0,0,0,2.93912,0,0,0,0,0.137745,0,0,0.0340418,0,0,0.171787,0,0,0,0,0,0,0,0,0,0,0,24.0991,351.409,0,0.000142679,0.004509,
3,18,7,0.0118144,0,0.221825,0,0,0,0.686679,0.760261,1.32062,0,0,0,3.0012,0.00984408,0,0,0,0.392403,0,0,0.0356628,0,0,0.43791,0,0,0,0,0,0,0,0,0,0,0,24.0918,351.409,0,0.000142877,0.004509,
3,18,8,0.000689499,0,0.221825,0,0,0,0.56944,0.735811,1.11052,0,0,0,2.63829,0.000574507,0,0,0,0.628731,0,0,0.0299892,0,0,0.659295,0,0,0,0,0,0,0,0,0,0,0,19.2278,351.409,0,2.39306e-005,0.004509,
3,18,9,0,0,0.221825,0,0,0,0.4857,0.718346,0.960451,0,0,0,2.38632,0,0,0,0,0.479199,0,0,0.0259366,0,0,0.505136,0,0,0,0,0,0,0,0,0,0,0,17.643,351.409,0,0,0.004509,
3,18,10,0,0,0.221825,0,0,0,0.452204,0.721839,0.990466,0,0,0,2.38633,0,0,0,0,0.240226,0,0,0.0267471,0,0,0.266973,0,0,0,0,0,0,0,0,0,0,0,16.5744,351.409,0,0,0.004509,
3,18,11,0,0,0.221825,0,0,0,0.418708,0.721839,0.990466,0,0,0,2.35284,0,0,0,0,0.0116999,0,0,0.0267471,0,0,0.038447,0,0,0,0,0,0,0,0,0,0,0,16.3642,351.409,0,0,0.004509,
3,18,12,0,0,0.221825,0,0,0,0.351715,0.718346,0.960451,0,0,0,2.25234,0,0,0,0,0.0279192,0,0,0.0259366,0,0,0.0538558,0,0,0,0,0,0,0,0,0,0,0,16.3937,351.409,0,0,0.004509,
3,18,13,0,0,0.221825,0,0,0,0.351715,0.721839,0.990466,0,0,0,2.28584,0,0,0,0,0.0873871,0,0,0.0267471,0,0,0.114134,0,0,0,0,0,0,0,0,0,0,0,16.4043,351.409,0,0,0.004509,
3,18,14,0,0,0.221825,0,0,0,0.351715,0.728825,1.0505,0,0,0,2.35286,0,0,0,0,0.0313642,0,0,0.0283681,0,0,0.0597323,0,0,0,0,0,0,0,0,0,0,0,16.5693,351.409,0,0,0.004509,
3,18,15,0,0,0.221825,0,0,0,0.435454,0.735811,1.11052,0,0,0,2.50361,0,0,0,0,0.108943,0,0,0.0299892,0,0,0.138932,0,0,0,0,0,0,0,0,0,0,0,16.4,351.409,0,0,0.004509,
3,18,16,0,0,0.221825,0,0,0,0.519197,0.760261,1.32062,0,0,0,2.8219,0,0,0,0,0.133056,0,0,0.0356628,0,0,0.168719,0,0,0,0,0,0,0,0,0,0,0,16.5804,351.409,0,0,0.004509,
3,18,17,0,0,0.221825,0,0,0,0.736923,0.791698,1.59075,0,0,0,3.3412,0,0,0,0,0.0968235,0,0,0.0429574,0,0,0.139781,0,0,0,0,0,0,0,0,0,0,0,17.3256,351.409,0,1.46478e-006,0.004509,
3,18,18,0,0,0.221825,0,0,0,1.40685,0.809163,1.74082,0,0,0,4.17866,0,0,0,0,0.180326,0,0,0.04701,0,0,0.227336,0,0,0,0,0,0,0,0,0,0,0,25.4777,351.409,0,0.000156425,0.004509,
3,18,19,0,0,0.221825,0,0,0,1.9763,0.816149,1.80085,0,0,0,4.81512,0,0,0,0,0.193984,0,0,0.0486311,0,0,0.242615,0,0,0,0,0,0,0,0,0,0,0,25.5898,351.409,0,0.00016091,0.004509,
3,18,20,0,0,0.221825,0,0,0,1.89255,0.823135,1.86088,0.382647,0,0,5.18104,0,0,0,0,0.0600464,0,0,0.0502522,0,0,0.110299,0,0,0,0,0,0,0,0,0,0,0,25.566,351.409,0,0.000160329,0.004509,
3,18,21,0,0,0.221825,0,0,0,1.60783,0.816149,1.80085,0.382647,0,0,4.8293,0,0,0,0,0.154598,0,0,0.0486311,0,0,0.203229,0,0,0,0,0,0,0,0,0,0,0,25.5506,351.409,0,0.000159198,0.004509,
3,18,22,0,0,0.221825,0,0,0,1.05514,0.788205,1.56074,0.382647,0,0,4.00855,0,0,0,0,0.0454687,0,0,0.042147,0,0,0.0876157,0,0,0,0,0,0,0,0,0,0,0,25.5083,351.409,0,0.000158113,0.004509,
3,18,23,0,0,0.221825,0,0,0,0.636433,0.763754,1.35064,0.382647,0,0,3.3553,0,0,0,0,0.052012,0,0,0.0364733,0,0,0.0884853,0,0,0,0,0,0,0,0,0,0,0,25.4952,351.409,0,0.000158093,0.004509,
3,18,24,0,0,0.221825,0,0,0,0.385211,0.735811,1.11052,0,0,0,2.45337,0,0,0,0,0.0347508,0,0,0.0299892,0,0,0.06474,0,0,0,0,0,0,0,0,0,0,0,25.497,351.409,0,0.000158136,0.004509,
3,19,1,0.0277769,0,0.221825,0,0,0,0.318218,0.728825,1.0505,0,0,0,2.34714,0.0231444,0,0,0,0.000535326,0,0,0.0283681,0,0,0.0520478,0,0,0,0,0,0,0,0,0,0,0,26.2913,351.409,0,0.000195016,0.004509,
3,19,2,0.142741,0,0.221825,0,0,0,0.251224,0.725332,1.02048,0,0,0,2.3616,0.118935,0,0,0,0.001321,0,0,0.0275576,0,0,0.147814,0,0,0,0,0,0,0,0,0,0,0,26.2911,351.409,0,0.00019522,0.004509,
3,19,3,0.225806,0,0.221825,0,0,0,0.28472,0.725332,1.02048,0,0,0,2.47816,0.188147,0,0,0,0.000505902,0,0,0.0275576,0,0,0.216211,0,0,0,0,0,0,0,0,0,0,0,26.3,351.409,0,0.000195389,0.004509,
3,19,4,0.288123,0,0.221825,0,0,0,0.351715,0.718346,0.960451,0,0,0,2.54046,0.240071,0,0,0,0,0,0,0.0259366,0,0,0.266008,0,0,0,0,0,0,0,0,0,0,0,26.2835,351.409,0,0.000195515,0.004509,
3,19,5,0.29939,0,0.221825,0,0,0,0.519197,0.732318,1.08051,0,0,0,2.85324,0.249458,0,0,0,0.00213233,0,0,0.0291787,0,0,0.280769,0,0,0,0,0,0,0,0,0,0,0,26.2972,351.409,0,0.000195559,0.004509,
3,19,6,0.393634,0,0.221825,0,0,0,0.703426,0.753275,1.26059,0,0,0,3.33276,0.327985,0,0,0,0.559918,0,0,0.0340418,0,0,0.921945,0,0,0,0,0,0,0,0,0,0,0,26.3067,351.409,0,0.00019567,0.004509,
3,19,7,0.336958,0,0.221825,0,0,0,0.686679,0.760261,1.32062,0,0,0,3.32634,0.280761,0,0,0,0.286907,0,0,0.0356628,0,0,0.603331,0,0,0,0,0,0,0,0,0,0,0,26.3042,351.409,0,0.000195693,0.004509,
3,19,8,0.178924,0,0.221825,0,0,0,0.56944,0.735811,1.11052,0,0,0,2.81652,0.149083,0,0,0,0.247785,0,0,0.0299892,0,0,0.426857,0,0,0,0,0,0,0,0,0,0,0,21.4891,351.409,0,5.53222e-005,0.004509,
3,19,9,0.0611017,0,0.221825,0,0,0,0.4857,0.718346,0.960451,0,0,0,2.44742,0.0509115,0,0,0,0.436759,0,0,0.0259366,0,0,0.513607,0,0,0,0,0,0,0,0,0,0,0,17.3217,351.409,0,2.40673e-006,0.004509,
3,19,10,0.00509578,0,0.221825,0,0,0,0.452204,0.721839,0.990466,0,0,0,2.39143,0.00424592,0,0,0,0.111687,0,0,0.0267471,0,0,0.14268,0,0,0,0,0,0,0,0,0,0,0,17.0922,351.409,0,0,0.004509,
3,19,11,0,0,0.221825,0,0,0,0.418708,0.721839,0.990466,0,0,0,2.35284,0,0,0,0,0.0484018,0,0,0.0267471,0,0,0.0751489,0,0,0,0,0,0,0,0,0,0,0,17.1289,351.409,0,0,0.004509,
3,19,12,0,0,0.221825,0,0,0,0.351715,0.718346,0.960451,0,0,0,2.25234,0,0,0,0,0.0728135,0,0,0.0259366,0,0,0.0987501,0,0,0,0,0,0,0,0,0,0,0,17.2213,351.409,0,0,0.004509,
3,19,13,0,0,0.221825,0,0,0,0.351715,0.721839,0.990466,0,0,0,2.28584,0,0,0,0,0.0224307,0,0,0.0267471,0,0,0.0491778,0,0,0,0,0,0,0,0,0,0,0,17.1293,351.409,0,0,0.004509,
3,19,14,0,0,0.221825,0,0,0,0.351715,0.728825,1.0505,0,0,0,2.35286,0,0,0,0,0.232008,0,0,0.0283681,0,0,0.260376,0,0,0,0,0,0,0,0,0,0,0,17.377,351.409,0,0,0.004509,
3,19,15,0,0,0.221825,0,0,0,0.435454,0.735811,1.11052,0,0,0,2.50361,0,0,0,0,0.0245768,0,0,0.0299892,0,0,0.054566,0,0,0,0,0,0,0,0,0,0,0,17.5936,351.409,0,0,0.004509,
3,19,16,0,0,0.221825,0,0,0,0.519197,0.760261,1.32062,0,0,0,2.8219,0,0,0,0,0.202961,0,0,0.0356628,0,0,0.238624,0,0,0,0,0,0,0,0,0,0,0,17.3196,351.409,0,0,0.004509,
3,19,17,0,0,0.221825,0,0,0,0.736923,0.791698,1.59075,0,0,0,3.3412,0,0,0,0,0.0976849,0,0,0.0429574,0,0,0.140642,0,0,0,0,0,0,0,0,0,0,0,18.9676,351.409,0,1.42529e-005,0.004509,
3,19,18,0,0,0.221825,0,0,0,1.40685,0.809163,1.74082,0,0,0,4.17866,0,0,0,0,0.0582438,0,0,0.04701,0,0,0.105254,0,0,0,0,0,0,0,0,0,0,0,26.732,351.409,0,0.000212728,0.004509,
3,19,19,0,0,0.221825,0,0,0,1.9763,0.816149,1.80085,0,0,0,4.81512,0,0,0,0,0.0411669,0,0,0.0486311,0,0,0.089798,0,0,0,0,0,0,0,0,0,0,0,26.9136,351.409,0,0.000216357,0.004509,
3,19,20,0,0,0.221825,0,0,0,1.89255,0.823135,1.86088,0.382647,0,0,5.18104,0,0,0,0,0.0511116,0,0,0.0502522,0,0,0.101364,0,0,0,0,0,0,0,0,0,0,0,26.8936,351.409,0,0.000215285,0.004509,
3,19,21,0,0,0.221825,0,0,0,1.60783,0.816149,1.80085,0.382647,0,0,4.8293,0,0,0,0,0.352857,0,0,0.0486311,0,0,0.401488,0,0,0,0,0,0,0,0,0,0,0,26.8397,351.409,0,0.000215531,0.004509,
3,19,22,0,0,0.221825,0,0,0,1.05514,0.788205,1.56074,0.382647,0,0,4.00855,0,0,0,0,0.0822046,0,0,0.042147,0,0,0.124352,0,0,0,0,0,0,0,0,0,0,0,26.7438,351.409,0,0.000211221,0.004509,
3,19,23,0,0,0.221825,0,0,0,0.636433,0.763754,1.35064,0.382647,0,0,3.3553,0,0,0,0,0.0589757,0,0,0.0364733,0,0,0.095449,0,0,0,0,0,0,0,0,0,0,0,26.7095,351.409,0,0.000210497,0.004509,
3,19,24,0,0,0.221825,0,0,0,0.385211,0.735811,1.11052,0,0,0,2.45337,0,0,0,0,0.00279309,0,0,0.0299892,0,0,0.0327823,0,0,0,0,0,0,0,0,0,0,0,26.6746,351.409,0,0.000210344,0.004509,
3,20,1,0,0,0.221825,0,0,0,0.318218,0.728825,1.0505,0,0,0,2.31936,0,0,0,0,0.000651946,0,0,0.0283681,0,0,0.02902,0,0,0,0,0,0,0,0,0,0,0,26.5026,351.409,0,0.000202469,0.004509,
3,20,2,0.0783288,0,0.221825,0,0,0,0.251224,0.725332,1.02048,0,0,0,2.29719,0.0652655,0,0,0,0.00219219,0,0,0.0275576,0,0,0.0950153,0,0,0,0,0,0,0,0,0,0,0,26.4152,351.409,0,0.000201099,0.004509,
3,20,3,0.139347,0,0.221825,0,0,0,0.28472,0.725332,1.02048,0,0,0,2.3917,0.116107,0,0,0,0.000466221,0,0,0.0275576,0,0,0.144131,0,0,0,0,0,0,0,0,0,0,0,26.4062,351.409,0,0.000200985,0.004509,
3,20,4,0.18569,0,0.221825,0,0,0,0.351715,0.718346,0.960451,0,0,0,2.43803,0.154721,0,0,0,0.000545953,0,0,0.0259366,0,0,0.181204,0,0,0,0,0,0,0,0,0,0,0,26.3964,351.409,0,0.000201013,0.004509,
3,20,5,0.210335,0,0.221825,0,0,0,0.519197,0.732318,1.08051,0,0,0,2.76418,0.175256,0,0,0,0.00130815,0,0,0.0291787,0,0,0.205743,0,0,0,0,0,0,0,0,0,0,0,26.4256,351.409,0,0.000201052,0.004509,
3,20,6,0.290794,0,0.221825,0,0,0,0.703426,0.753275,1.26059,0,0,0,3.22992,0.242296,0,0,0,0.101281,0,0,0.0340418,0,0,0.377619,0,0,0,0,0,0,0,0,0,0,0,26.4909,351.409,0,0.000202631,0.004509,
3,20,7,0.330888,0,0.221825,0,0,0,0.686679,0.760261,1.32062,0,0,0,3.32028,0.275705,0,0,0,0.258973,0,0,0.0356628,0,0,0.570341,0,0,0,0,0,0,0,0,0,0,0,26.4868,351.409,0,0.000202516,0.004509,
3,20,8,0.228908,0,0.221825,0,0,0,0.56944,0.735811,1.11052,0,0,0,2.86651,0.190731,0,0,0,0.752173,0,0,0.0299892,0,0,0.972893,0,0,0,0,0,0,0,0,0,0,0,24.6556,351.409,0,0.000163757,0.004509,
3,20,9,0.0907893,0,0.221825,0,0,0,0.4857,0.718346,0.960451,0,0,0,2.47711,0.0756478,0,0,0,0.46394,0,0,0.0259366,0,0,0.565524,0,0,0,0,0,0,0,0,0,0,0,18.8349,351.409,0,4.69399e-006,0.004509,
3,20,10,0.00108518,0,0.221825,0,0,0,0.452204,0.721839,0.990466,0,0,0,2.38742,0.000904201,0,0,0,0.29082,0,0,0.0267471,0,0,0.318471,0,0,0,0,0,0,0,0,0,0,0,17.8911,351.409,0,0,0.004509,
3,20,11,0,0,0.221825,0,0,0,0.418708,0.721839,0.990466,0,0,0,2.35284,0,0,0,0,0.0854895,0,0,0.0267471,0,0,0.112237,0,0,0,0,0,0,0,0,0,0,0,17.741,351.409,0,0,0.004509,
3,20,12,0,0,0.221825,0,0,0,0.351715,0.718346,0.960451,0,0,0,2.25234,0,0,0,0,0.10117,0,0,0.0259366,0,0,0.127107,0,0,0,0,0,0,0,0,0,0,0,17.7705,351.409,0,0,0.004509,
3,20,13,0,0,0.221825,0,0,0,0.351715,0.721839,0.990466,0,0,0,2.28584,0,0,0,0,0.345031,0,0,0.0267471,0,0,0.371778,0,0,0,0,0,0,0,0,0,0,0,18.0708,351.409,0,0,0.004509,
3,20,14,0,0,0.221825,0,0,0,0.351715,0.728825,1.0505,0,0,0,2.35286,0,0,0,0,0.0765724,0,0,0.0283681,0,0,0.10494,0,0,0,0,0,0,0,0,0,0,0,17.7681,351.409,0,0,0.004509,
3,20,15,0,0,0.221825,0,0,0,0.435454,0.735811,1.11052,0,0,0,2.50361,0,0,0,0,0.0597199,0,0,0.0299892,0,0,0.0897091,0,0,0,0,0,0,0,0,0,0,0,17.9706,351.409,0,0,0.004509,
3,20,16,0,0,0.221825,0,0,0,0.519197,0.760261,1.32062,0,0,0,2.8219,0,0,0,0,0.108781,0,0,0.0356628,0,0,0.144444,0,0,0,0,0,0,0,0,0,0,0,18.1264,351.409,0,3.52592e-007,0.004509,
3,20,17,0,0,0.221825,0,0,0,0.736923,0.791698,1.59075,0,0,0,3.3412,0,0,0,0,0.0366975,0,0,0.0429574,0,0,0.0796549,0,0,0,0,0,0,0,0,0,0,0,21.197,351.409,0,8.25424e-005,0.004509,
3,20,18,0,0,0.221825,0,0,0,1.40685,0.809163,1.74082,0,0,0,4.17866,0,0,0,0,0.316891,0,0,0.04701,0,0,0.363901,0,0,0,0,0,0,0,0,0,0,0,26.4779,351.409,0,0.000203392,0.004509,
3,20,19,0,0,0.221825,0,0,0,1.9763,0.816149,1.80085,0,0,0,4.81512,0,0,0,0,0.336155,0,0,0.0486311,0,0,0.384786,0,0,0,0,0,0,0,0,0,0,0,26.5137,351.409,0,0.000203998,0.004509,
3,20,20,0,0,0.221825,0,0,0,1.89255,0.823135,1.86088,0.382647,0,0,5.18104,0,0,0,0,0.137365,0,0,0.0502522,0,0,0.187617,0,0,0,0,0,0,0,0,0,0,0,26.4911,351.409,0,0.000202909,0.004509,
3,20,21,0,0,0.221825,0,0,0,1.60783,0.816149,1.80085,0.382647,0,0,4.8293,0,0,0,0,0.179287,0,0,0.0486311,0,0,0.227918,0,0,0,0,0,0,0,0,0,0,0,26.4931,351.409,0,0.000202814,0.004509,
3,20,22,0,0,0.221825,0,0,0,1.05514,0.788205,1.56074,0.382647,0,0,4.00855,0,0,0,0,0.0746051,0,0,0.042147,0,0,0.116752,0,0,0,0,0,0,0,0,0,0,0,26.4648,351.409,0,0.000201093,0.004509,
3,20,23,0,0,0.221825,0,0,0,0.636433,0.763754,1.35064,0.382647,0,0,3.3553,0,0,0,0,0.073099,0,0,0.0364733,0,0,0.109572,0,0,0,0,0,0,0,0,0,0,0,26.4195,351.409,0,0.000200911,0.004509,
3,20,24,0,0,0.221825,0,0,0,0.385211,0.735811,1.11052,0,0,0,2.45337,0,0,0,0,0,0,0,0.0299892,0,0,0.0299892,0,0,0,0,0,0,0,0,0,0,0,26.4212,351.409,0,0.000200939,0.004509,
3,21,1,0,0,0.221825,0,0,0,0.318218,0.728825,1.0505,0,0,0,2.31936,0,0,0,0,0,0,0,0.0283681,0,0,0.0283681,0,0,0,0,0,0,0,0,0,0,0,25.9061,351.409,0,0.000188559,0.004509,
3,21,2,0,0,0.221825,0,0,0,0.251224,0.725332,1.02048,0,0,0,2.21886,0,0,0,0,0,0,0,0.0275576,0,0,0.0275576,0,0,0,0,0,0,0,0,0,0,0,25.9099,351.409,0,0.000188655,0.004509,
3,21,3,0,0,0.221825,0,0,0,0.28472,0.725332,1.02048,0,0,0,2.25236,0,0,0,0,0,0,0,0.0275576,0,0,0.0275576,0,0,0,0,0,0,0,0,0,0,0,25.9141,351.409,0,0.000188937,0.004509,
3,21,4,0.00255424,0,0.221825,0,0,0,0.351715,0.718346,0.960451,0,0,0,2.25489,0.00212826,0,0,0,0,0,0,0.0259366,0,0,0.0280649,0,0,0,0,0,0,0,0,0,0,0,25.9149,351.409,0,0.000188989,0.004509,
3,21,5,0.0479534,0,0.221825,0,0,0,0.519197,0.732318,1.08051,0,0,0,2.6018,0.0399559,0,0,0,0.00104659,0,0,0.0291787,0,0,0.0701812,0,0,0,0,0,0,0,0,0,0,0,25.9138,351.409,0,0.000188934,0.004509,
3,21,6,0.0759256,0,0.221825,0,0,0,0.703426,0.753275,1.26059,0,0,0,3.01505,0.0632629,0,0,0,0.00723559,0,0,0.0340418,0,0,0.10454,0,0,0,0,0,0,0,0,0,0,0,25.9347,351.409,0,0.000189168,0.004509,
3,21,7,0.0327394,0,0.221825,0,0,0,0.686679,0.760261,1.32062,0,0,0,3.02213,0.0272794,0,0,0,0.0107998,0,0,0.0356628,0,0,0.073742,0,0,0,0,0,0,0,0,0,0,0,25.9184,351.409,0,0.000189167,0.004509,
3,21,8,0,0,0.221825,0,0,0,0.56944,0.735811,1.11052,0,0,0,2.6376,0,0,0,0,0.175356,0,0,0.0299892,0,0,0.205345,0,0,0,0,0,0,0,0,0,0,0,22.7335,351.409,0,9.27188e-005,0.004509,
3,21,9,0,0,0.221825,0,0,0,0.4857,0.718346,0.960451,0,0,0,2.38632,0,0,0,0,0.442483,0,0,0.0259366,0,0,0.46842,0,0,0,0,0,0,0,0,0,0,0,18.1897,351.409,0,1.25617e-006,0.004509,
3,21,10,0,0,0.221825,0,0,0,0.452204,0.721839,0.990466,0,0,0,2.38633,0,0,0,0,0.17246,0,0,0.0267471,0,0,0.199207,0,0,0,0,0,0,0,0,0,0,0,17.4091,351.409,0,0,0.004509,
3,21,11,0,0,0.221825,0,0,0,0.418708,0.721839,0.990466,0,0,0,2.35284,0,0,0,0,0.341375,0,0,0.0267471,0,0,0.368122,0,0,0,0,0,0,0,0,0,0,0,17.6632,351.409,0,0,0.004509,
3,21,12,0,0,0.221825,0,0,0,0.351715,0.718346,0.960451,0,0,0,2.25234,0,0,0,0,0.125087,0,0,0.0259366,0,0,0.151024,0,0,0,0,0,0,0,0,0,0,0,17.3151,351.409,0,0,0.004509,
3,21,13,0,0,0.221825,0,0,0,0.351715,0.721839,0.990466,0,0,0,2.28584,0,0,0,0,0.47623,0,0,0.0267471,0,0,0.502977,0,0,0,0,0,0,0,0,0,0,0,17.7437,351.409,0,0,0.004509,
3,21,14,0,0,0.221825,0,0,0,0.351715,0.728825,1.0505,0,0,0,2.35286,0,0,0,0,0.0605675,0,0,0.0283681,0,0,0.0889356,0,0,0,0,0,0,0,0,0,0,0,17.9639,351.409,0,0,0.004509,
3,21,15,0,0,0.221825,0,0,0,0.435454,0.735811,1.11052,0,0,0,2.50361,0,0,0,0,0.0374556,0,0,0.0299892,0,0,0.0674448,0,0,0,0,0,0,0,0,0,0,0,17.7111,351.409,0,0,0.004509,
3,21,16,0,0,0.221825,0,0,0,0.519197,0.760261,1.32062,0,0,0,2.8219,0,0,0,0,0.0358214,0,0,0.0356628,0,0,0.0714842,0,0,0,0,0,0,0,0,0,0,0,18.0039,351.409,0,2.91415e-006,0.004509,
3,21,17,0,0,0.221825,0,0,0,0.736923,0.791698,1.59075,0,0,0,3.3412,0,0,0,0,0.09011,0,0,0.0429574,0,0,0.133067,0,0,0,0,0,0,0,0,0,0,0,19.2284,351.409,0,1.7985e-005,0.004509,
3,21,18,0,0,0.221825,0,0,0,1.40685,0.809163,1.74082,0,0,0,4.17866,0,0,0,0,0.37488,0,0,0.04701,0,0,0.42189,0,0,0,0,0,0,0,0,0,0,0,25.918,351.409,0,0.000188498,0.004509,
3,21,19,0,0,0.221825,0,0,0,1.9763,0.816149,1.80085,0,0,0,4.81512,0,0,0,0,0.226587,0,0,0.0486311,0,0,0.275218,0,0,0,0,0,0,0,0,0,0,0,25.9651,351.409,0,0.000189064,0.004509,
3,21,20,0,0,0.221825,0,0,0,1.89255,0.823135,1.86088,0.382647,0,0,5.18104,0,0,0,0,0.155492,0,0,0.0502522,0,0,0.205744,0,0,0,0,0,0,0,0,0,0,0,25.965,351.409,0,0.000189106,0.004509,
3,21,21,0,0,0.221825,0,0,0,1.60783,0.816149,1.80085,0.382647,0,0,4.8293,0,0,0,0,0.0762234,0,0,0.0486311,0,0,0.124855,0,0,0,0,0,0,0,0,0,0,0,25.9375,351.409,0,0.000188902,0.004509,
3,21,22,0,0,0.221825,0,0,0,1.05514,0.788205,1.56074,0.382647,0,0,4.00855,0,0,0,0,0.066796,0,0,0.042147,0,0,0.108943,0,0,0,0,0,0,0,0,0,0,0,25.9099,351.409,0,0.000188749,0.004509,
3,21,23,0,0,0.221825,0,0,0,0.636433,0.763754,1.35064,0.382647,0,0,3.3553,0,0,0,0,0.0289375,0,0,0.0364733,0,0,0.0654108,0,0,0,0,0,0,0,0,0,0,0,25.9031,351.409,0,0.000188679,0.004509,
3,21,24,0,0,0.221825,0,0,0,0.385211,0.735811,1.11052,0,0,0,2.45337,0,0,0,0,0.00722505,0,0,0.0299892,0,0,0.0372142,0,0,0,0,0,0,0,0,0,0,0,25.9052,351.409,0,0.000188712,0.004509,
3,22,1,0,0,0.221825,0,0,0,0.318218,0.728825,1.0505,0,0,0,2.31936,0,0,0,0,0,0,0,0.0283681,0,0,0.0283681,0,0,0,0,0,0,0,0,0,0,0,25.7787,351.409,0,0.000181867,0.004509,
3,22,2,0,0,0.221825,0,0,0,0.251224,0.725332,1.02048,0,0,0,2.21886,0,0,0,0,0,0,0,0.0275576,0,0,0.0275576,0,0,0,0,0,0,0,0,0,0,0,25.7826,351.409,0,0.000181938,0.004509,
3,22,3,0,0,0.221825,0,0,0,0.28472,0.725332,1.02048,0,0,0,2.25236,0,0,0,0,0.0167297,0,0,0.0275576,0,0,0.0442873,0,0,0,0,0,0,0,0,0,0,0,25.7854,351.409,0,0.000182043,0.004509,
3,22,4,0.0286048,0,0.221825,0,0,0,0.351715,0.718346,0.960451,0,0,0,2.28094,0.0238342,0,0,0,0,0,0,0.0259366,0,0,0.0497708,0,0,0,0,0,0,0,0,0,0,0,25.7869,351.409,0,0.000182141,0.004509,
3,22,5,0.0783649,0,0.221825,0,0,0,0.519197,0.732318,1.08051,0,0,0,2.63221,0.0652955,0,0,0,0.181474,0,0,0.0291787,0,0,0.275948,0,0,0,0,0,0,0,0,0,0,0,25.7868,351.409,0,0.000182168,0.004509,
3,22,6,0.0958839,0,0.221825,0,0,0,0.703426,0.753275,1.26059,0,0,0,3.03501,0.0798928,0,0,0,0.0518339,0,0,0.0340418,0,0,0.165769,0,0,0,0,0,0,0,0,0,0,0,25.7964,351.409,0,0.000182202,0.004509,
3,22,7,0.0769314,0,0.221825,0,0,0,0.686679,0.760261,1.32062,0,0,0,3.06632,0.0641012,0,0,0,0.291007,0,0,0.0356628,0,0,0.390771,0,0,0,0,0,0,0,0,0,0,0,25.7911,351.409,0,0.000182476,0.004509,
3,22,8,0.0150878,0,0.221825,0,0,0,0.56944,0.735811,1.11052,0,0,0,2.65269,0.0125716,0,0,0,0.127714,0,0,0.0299892,0,0,0.170275,0,0,0,0,0,0,0,0,0,0,0,21.1233,351.409,0,3.64467e-005,0.004509,
3,22,9,0,0,0.221825,0,0,0,0.4857,0.718346,0.960451,0,0,0,2.38632,0,0,0,0,0.920191,0,0,0.0259366,0,0,0.946128,0,0,0,0,0,0,0,0,0,0,0,17.6026,351.409,0,1.78902e-007,0.004509,
3,22,10,0,0,0.221825,0,0,0,0.452204,0.721839,0.990466,0,0,0,2.38633,0,0,0,0,0.404312,0,0,0.0267471,0,0,0.431059,0,0,0,0,0,0,0,0,0,0,0,17.0867,351.409,0,0,0.004509,
3,22,11,0,0,0.221825,0,0,0,0.418708,0.721839,0.990466,0,0,0,2.35284,0,0,0,0,0.585365,0,0,0.0267471,0,0,0.612112,0,0,0,0,0,0,0,0,0,0,0,17.3234,351.409,0,0,0.004509,
3,22,12,0,0,0.221825,0,0,0,0.351715,0.718346,0.960451,0,0,0,2.25234,0,0,0,0,0.743413,0,0,0.0259366,0,0,0.76935,0,0,0,0,0,0,0,0,0,0,0,17.4227,351.409,0,0,0.004509,
3,22,13,0,0,0.221825,0,0,0,0.351715,0.721839,0.990466,0,0,0,2.28584,0,0,0,0,0.182774,0,0,0.0267471,0,0,0.209521,0,0,0,0,0,0,0,0,0,0,0,17.4222,351.409,0,0,0.004509,
3,22,14,0,0,0.221825,0,0,0,0.351715,0.728825,1.0505,0,0,0,2.35286,0,0,0,0,0.265887,0,0,0.0283681,0,0,0.294255,0,0,0,0,0,0,0,0,0,0,0,17.0576,351.409,0,0,0.004509,
3,22,15,0,0,0.221825,0,0,0,0.435454,0.735811,1.11052,0,0,0,2.50361,0,0,0,0,0.163597,0,0,0.0299892,0,0,0.193586,0,0,0,0,0,0,0,0,0,0,0,16.9905,351.409,0,0,0.004509,
3,22,16,0,0,0.221825,0,0,0,0.519197,0.760261,1.32062,0,0,0,2.8219,0,0,0,0,0.123315,0,0,0.0356628,0,0,0.158978,0,0,0,0,0,0,0,0,0,0,0,17.1122,351.409,0,0,0.004509,
3,22,17,0,0,0.221825,0,0,0,0.736923,0.791698,1.59075,0,0,0,3.3412,0,0,0,0,0.173738,0,0,0.0429574,0,0,0.216695,0,0,0,0,0,0,0,0,0,0,0,18.1474,351.409,0,5.69541e-006,0.004509,
3,22,18,0,0,0.221825,0,0,0,1.40685,0.809163,1.74082,0,0,0,4.17866,0,0,0,0,0.245386,0,0,0.04701,0,0,0.292396,0,0,0,0,0,0,0,0,0,0,0,25.7308,351.409,0,0.0001793,0.004509,
3,22,19,0,0,0.221825,0,0,0,1.9763,0.816149,1.80085,0,0,0,4.81512,0,0,0,0,0.219391,0,0,0.0486311,0,0,0.268022,0,0,0,0,0,0,0,0,0,0,0,25.8722,351.409,0,0.000182776,0.004509,
3,22,20,0,0,0.221825,0,0,0,1.89255,0.823135,1.86088,0.382647,0,0,5.18104,0,0,0,0,0.477257,0,0,0.0502522,0,0,0.527509,0,0,0,0,0,0,0,0,0,0,0,25.8702,351.409,0,0.000182731,0.004509,
3,22,21,0,0,0.221825,0,0,0,1.60783,0.816149,1.80085,0.382647,0,0,4.8293,0,0,0,0,0.28582,0,0,0.0486311,0,0,0.334451,0,0,0,0,0,0,0,0,0,0,0,25.8693,351.409,0,0.000182847,0.004509,
3,22,22,0,0,0.221825,0,0,0,1.05514,0.788205,1.56074,0.382647,0,0,4.00855,0,0,0,0,0.0249119,0,0,0.042147,0,0,0.0670589,0,0,0,0,0,0,0,0,0,0,0,25.8235,351.409,0,0.000182109,0.004509,
3,22,23,0,0,0.221825,0,0,0,0.636433,0.763754,1.35064,0.382647,0,0,3.3553,0,0,0,0,0.0114817,0,0,0.0364733,0,0,0.047955,0,0,0,0,0,0,0,0,0,0,0,25.7799,351.409,0,0.000181886,0.004509,
3,22,24,0,0,0.221825,0,0,0,0.385211,0.735811,1.11052,0,0,0,2.45337,0,0,0,0,0.0591552,0,0,0.0299892,0,0,0.0891444,0,0,0,0,0,0,0,0,0,0,0,25.777,351.409,0,0.000181832,0.004509,
3,23,1,0,0,0.221825,0,0,0,0.318218,0.728825,1.0505,0,0,0,2.31936,0,0,0,0,0.000424519,0,0,0.0283681,0,0,0.0287926,0,0,0,0,0,0,0,0,0,0,0,26.5701,351.409,0,0.00020848,0.004509,
3,23,2,0,0,0.221825,0,0,0,0.251224,0.725332,1.02048,0,0,0,2.21886,0,0,0,0,0,0,0,0.0275576,0,0,0.0275576,0,0,0,0,0,0,0,0,0,0,0,26.5732,351.409,0,0.00020854,0.004509,
3,23,3,0,0,0.221825,0,0,0,0.28472,0.725332,1.02048,0,0,0,2.25236,0,0,0,0,0.00148535,0,0,0.0275576,0,0,0.029043,0,0,0,0,0,0,0,0,0,0,0,26.5739,351.409,0,0.000208444,0.004509,
3,23,4,0.0279798,0,0.221825,0,0,0,0.351715,0.718346,0.960451,0,0,0,2.28032,0.0233135,0,0,0,0.00127356,0,0,0.0259366,0,0,0.0505237,0,0,0,0,0,0,0,0,0,0,0,26.5755,351.409,0,0.000208518,0.004509,
3,23,5,0.0951114,0,0.221825,0,0,0,0.519197,0.732318,1.08051,0,0,0,2.64896,0.0792492,0,0,0,0.0159126,0,0,0.0291787,0,0,0.124341,0,0,0,0,0,0,0,0,0,0,0,26.5817,351.409,0,0.000208704,0.004509,
3,23,6,0.124922,0,0.221825,0,0,0,0.703426,0.753275,1.26059,0,0,0,3.06404,0.104088,0,0,0,0.100767,0,0,0.0340418,0,0,0.238897,0,0,0,0,0,0,0,0,0,0,0,26.6405,351.409,0,0.00020931,0.004509,
3,23,7,0.0954338,0,0.221825,0,0,0,0.686679,0.760261,1.32062,0,0,0,3.08482,0.0795177,0,0,0,0.186198,0,0,0.0356628,0,0,0.301378,0,0,0,0,0,0,0,0,0,0,0,26.6402,351.409,0,0.000209444,0.004509,
3,23,8,0.0208274,0,0.221825,0,0,0,0.56944,0.735811,1.11052,0,0,0,2.65843,0.0173539,0,0,0,0.933868,0,0,0.0299892,0,0,0.981211,0,0,0,0,0,0,0,0,0,0,0,24.3409,351.409,0,0.000129944,0.004509,
3,23,9,0,0,0.221825,0,0,0,0.4857,0.718346,0.960451,0,0,0,2.38632,0,0,0,0,0.202027,0,0,0.0259366,0,0,0.227964,0,0,0,0,0,0,0,0,0,0,0,18.4161,351.409,0,0,0.004509,
3,23,10,0,0,0.221825,0,0,0,0.452204,0.721839,0.990466,0,0,0,2.38633,0,0,0,0,0.181775,0,0,0.0267471,0,0,0.208522,0,0,0,0,0,0,0,0,0,0,0,17.5462,351.409,0,0,0.004509,
3,23,11,0,0,0.221825,0,0,0,0.418708,0.721839,0.990466,0,0,0,2.35284,0,0,0,0,0.26411,0,0,0.0267471,0,0,0.290857,0,0,0,0,0,0,0,0,0,0,0,17.3099,351.409,0,0,0.004509,
3,23,12,0,0,0.221825,0,0,0,0.351715,0.718346,0.960451,0,0,0,2.25234,0,0,0,0,0.0286892,0,0,0.0259366,0,0,0.0546258,0,0,0,0,0,0,0,0,0,0,0,18.1136,351.409,0,0,0.004509,
3,23,13,0,0,0.221825,0,0,0,0.351715,0.721839,0.990466,0,0,0,2.28584,0,0,0,0,0.0856205,0,0,0.0267471,0,0,0.112368,0,0,0,0,0,0,0,0,0,0,0,17.8871,351.409,0,1.11211e-006,0.004509,
3,23,14,0,0,0.221825,0,0,0,0.351715,0.728825,1.0505,0,0,0,2.35286,0,0,0,0,0.237281,0,0,0.0283681,0,0,0.265649,0,0,0,0,0,0,0,0,0,0,0,17.6708,351.409,0,0,0.004509,
3,23,15,0,0,0.221825,0,0,0,0.435454,0.735811,1.11052,0,0,0,2.50361,0,0,0,0,0.0129083,0,0,0.0299892,0,0,0.0428975,0,0,0,0,0,0,0,0,0,0,0,18.0632,351.409,0,4.74335e-007,0.004509,
3,23,16,0,0,0.221825,0,0,0,0.519197,0.760261,1.32062,0,0,0,2.8219,0,0,0,0,0.113566,0,0,0.0356628,0,0,0.149229,0,0,0,0,0,0,0,0,0,0,0,17.5878,351.409,0,0,0.004509,
3,23,17,0,0,0.221825,0,0,0,0.736923,0.791698,1.59075,0,0,0,3.3412,0,0,0,0,0.0946583,0,0,0.0429574,0,0,0.137616,0,0,0,0,0,0,0,0,0,0,0,18.7564,351.409,0,1.73422e-006,0.004509,
3,23,18,0,0,0.221825,0,0,0,1.40685,0.809163,1.74082,0,0,0,4.17866,0,0,0,0,0.422833,0,0,0.04701,0,0,0.469843,0,0,0,0,0,0,0,0,0,0,0,26.6709,351.409,0,0.000211163,0.004509,
3,23,19,0,0,0.221825,0,0,0,1.9763,0.816149,1.80085,0,0,0,4.81512,0,0,0,0,0.0778118,0,0,0.0486311,0,0,0.126443,0,0,0,0,0,0,0,0,0,0,0,26.6795,351.409,0,0.000211748,0.004509,
3,23,20,0,0,0.221825,0,0,0,1.89255,0.823135,1.86088,0.382647,0,0,5.18104,0,0,0,0,0.318524,0,0,0.0502522,0,0,0.368776,0,0,0,0,0,0,0,0,0,0,0,26.6561,351.409,0,0.000210591,0.004509,
3,23,21,0,0,0.221825,0,0,0,1.60783,0.816149,1.80085,0.382647,0,0,4.8293,0,0,0,0,0.0995645,0,0,0.0486311,0,0,0.148196,0,0,0,0,0,0,0,0,0,0,0,26.6554,351.409,0,0.000210617,0.004509,
3,23,22,0,0,0.221825,0,0,0,1.05514,0.788205,1.56074,0.382647,0,0,4.00855,0,0,0,0,0.0340174,0,0,0.042147,0,0,0.0761644,0,0,0,0,0,0,0,0,0,0,0,26.6201,351.409,0,0.000209092,0.004509,
3,23,23,0,0,0.221825,0,0,0,0.636433,0.763754,1.35064,0.382647,0,0,3.3553,0,0,0,0,0.072699,0,0,0.0364733,0,0,0.109172,0,0,0,0,0,0,0,0,0,0,0,26.6162,351.409,0,0.000208924,0.004509,
3,23,24,0,0,0.221825,0,0,0,0.385211,0.735811,1.11052,0,0,0,2.45337,0,0,0,0,0.0745299,0,0,0.0299892,0,0,0.104519,0,0,0,0,0,0,0,0,0,0,0,26.6194,351.409,0,0.000208919,0.004509,
3,24,1,0,0,0.221825,0,0,0,0.318218,0.728825,1.0505,0,0,0,2.31936,0,0,0,0,0,0,0,0.0283681,0,0,0.0283681,0,0,0,0,0,0,0,0,0,0,0,25.7568,351.409,0,0.000173953,0.004509,
3,24,2,0,0,0.221825,0,0,0,0.251224,0.725332,1.02048,0,0,0,2.21886,0,0,0,0,0,0,0,0.0275576,0,0,0.0275576,0,0,0,0,0,0,0,0,0,0,0,25.7278,351.409,0,0.000173341,0.004509,
3,24,3,0,0,0.221825,0,0,0,0.28472,0.725332,1.02048,0,0,0,2.25236,0,0,0,0,0,0,0,0.0275576,0,0,0.0275576,0,0,0,0,0,0,0,0,0,0,0,25.7053,351.409,0,0.00017264,0.004509,
3,24,4,0,0,0.221825,0,0,0,0.351715,0.718346,0.960451,0,0,0,2.25234,0,0,0,0,0,0,0,0.0259366,0,0,0.0259366,0,0,0,0,0,0,0,0,0,0,0,25.7069,351.409,0,0.000172878,0.004509,
3,24,5,0,0,0.221825,0,0,0,0.519197,0.732318,1.08051,0,0,0,2.55385,0,0,0,0,0.0494153,0,0,0.0291787,0,0,0.078594,0,0,0,0,0,0,0,0,0,0,0,25.745,351.409,0,0.000173407,0.004509,
3,24,6,0.045954,0,0.221825,0,0,0,0.703426,0.753275,1.26059,0,0,0,2.98508,0.0382901,0,0,0,0.515023,0,0,0.0340418,0,0,0.587355,0,0,0,0,0,0,0,0,0,0,0,25.7737,351.409,0,0.000174373,0.004509,
3,24,7,0.0289905,0,0.221825,0,0,0,0.686679,0.760261,1.32062,0,0,0,3.01838,0.0241556,0,0,0,0.405167,0,0,0.0356628,0,0,0.464985,0,0,0,0,0,0,0,0,0,0,0,25.7678,351.409,0,0.000174184,0.004509,
3,24,8,5.66354e-005,0,0.221825,0,0,0,0.56944,0.735811,1.11052,0,0,0,2.63766,4.71899e-005,0,0,0,0.164323,0,0,0.0299892,0,0,0.194359,0,0,0,0,0,0,0,0,0,0,0,23.0711,351.409,0,9.20441e-005,0.004509,
3,24,9,0,0,0.221825,0,0,0,0.4857,0.718346,0.960451,0,0,0,2.38632,0,0,0,0,0.115011,0,0,0.0259366,0,0,0.140948,0,0,0,0,0,0,0,0,0,0,0,18.0387,351.409,0,1.10862e-006,0.004509,
3,24,10,0,0,0.221825,0,0,0,0.452204,0.721839,0.990466,0,0,0,2.38633,0,0,0,0,0.219368,0,0,0.0267471,0,0,0.246115,0,0,0,0,0,0,0,0,0,0,0,17.4794,351.409,0,0,0.004509,
3,24,11,0,0,0.221825,0,0,0,0.418708,0.721839,0.990466,0,0,0,2.35284,0,0,0,0,0.0981908,0,0,0.0267471,0,0,0.124938,0,0,0,0,0,0,0,0,0,0,0,17.4079,351.409,0,0,0.004509,
3,24,12,0,0,0.221825,0,0,0,0.351715,0.718346,0.960451,0,0,0,2.25234,0,0,0,0,0.255706,0,0,0.0259366,0,0,0.281643,0,0,0,0,0,0,0,0,0,0,0,17.5248,351.409,0,0,0.004509,
3,24,13,0,0,0.221825,0,0,0,0.351715,0.721839,0.990466,0,0,0,2.28584,0,0,0,0,0.0747392,0,0,0.0267471,0,0,0.101486,0,0,0,0,0,0,0,0,0,0,0,17.5292,351.409,0,0,0.004509,
3,24,14,0,0,0.221825,0,0,0,0.351715,0.728825,1.0505,0,0,0,2.35286,0,0,0,0,0.411221,0,0,0.0283681,0,0,0.439589,0,0,0,0,0,0,0,0,0,0,0,17.547,351.409,0,0,0.004509,
3,24,15,0,0,0.221825,0,0,0,0.435454,0.735811,1.11052,0,0,0,2.50361,0,0,0,0,0.196538,0,0,0.0299892,0,0,0.226527,0,0,0,0,0,0,0,0,0,0,0,17.7924,351.409,0,0,0.004509,
3,24,16,0,0,0.221825,0,0,0,0.519197,0.760261,1.32062,0,0,0,2.8219,0,0,0,0,0.089414,0,0,0.0356628,0,0,0.125077,0,0,0,0,0,0,0,0,0,0,0,17.4941,351.409,0,0,0.004509,
3,24,17,0,0,0.221825,0,0,0,0.736923,0.791698,1.59075,0,0,0,3.3412,0,0,0,0,0.105474,0,0,0.0429574,0,0,0.148431,0,0,0,0,0,0,0,0,0,0,0,19.3539,351.409,0,2.12133e-005,0.004509,
3,24,18,0,0,0.221825,0,0,0,1.40685,0.809163,1.74082,0,0,0,4.17866,0,0,0,0,0.147257,0,0,0.04701,0,0,0.194267,0,0,0,0,0,0,0,0,0,0,0,25.8365,351.409,0,0.000177155,0.004509,
3,24,19,0,0,0.221825,0,0,0,1.9763,0.816149,1.80085,0,0,0,4.81512,0,0,0,0,0.527853,0,0,0.0486311,0,0,0.576484,0,0,0,0,0,0,0,0,0,0,0,26.2091,351.409,0,0.000182556,0.004509,
3,24,20,0,0,0.221825,0,0,0,1.89255,0.823135,1.86088,0.382647,0,0,5.18104,0,0,0,0,0.166995,0,0,0.0502522,0,0,0.217247,0,0,0,0,0,0,0,0,0,0,0,26.1821,351.409,0,0.000181254,0.004509,
3,24,21,0,0,0.221825,0,0,0,1.60783,0.816149,1.80085,0.382647,0,0,4.8293,0,0,0,0,0.087378,0,0,0.0486311,0,0,0.136009,0,0,0,0,0,0,0,0,0,0,0,26.016,351.409,0,0.000178624,0.004509,
3,24,22,0,0,0.221825,0,0,0,1.05514,0.788205,1.56074,0.382647,0,0,4.00855,0,0,0,0,0.065212,0,0,0.042147,0,0,0.107359,0,0,0,0,0,0,0,0,0,0,0,25.7931,351.409,0,0.000174982,0.004509,
3,24,23,0,0,0.221825,0,0,0,0.636433,0.763754,1.35064,0.382647,0,0,3.3553,0,0,0,0,0.307817,0,0,0.0364733,0,0,0.34429,0,0,0,0,0,0,0,0,0,0,0,25.7403,351.409,0,0.00017356,0.004509,
3,24,24,0,0,0.221825,0,0,0,0.385211,0.735811,1.11052,0,0,0,2.45337,0,0,0,0,0.0149345,0,0,0.0299892,0,0,0.0449237,0,0,0,0,0,0,0,0,0,0,0,25.7065,351.409,0,0.000172516,0.004509,
3,25,1,0,0,0.221825,0,0,0,0.318218,0.728825,1.0505,0,0,0,2.31936,0,0,0,0,0.00128162,0,0,0.0283681,0,0,0.0296497,0,0,0,0,0,0,0,0,0,0,0,24.8187,351.409,0,0.000147271,0.004509,
3,25,2,0,0,0.221825,0,0,0,0.251224,0.725332,1.02048,0,0,0,2.21886,0,0,0,0,0.00431183,0,0,0.0275576,0,0,0.0318694,0,0,0,0,0,0,0,0,0,0,0,24.8226,351.409,0,0.000147432,0.004509,
3,25,3,0,0,0.221825,0,0,0,0.28472,0.725332,1.02048,0,0,0,2.25236,0,0,0,0,0.00267303,0,0,0.0275576,0,0,0.0302306,0,0,0,0,0,0,0,0,0,0,0,24.8242,351.409,0,0.00014744,0.004509,
3,25,4,0,0,0.221825,0,0,0,0.351715,0.718346,0.960451,0,0,0,2.25234,0,0,0,0,0.0058068,0,0,0.0259366,0,0,0.0317434,0,0,0,0,0,0,0,0,0,0,0,24.8256,351.409,0,0.000147608,0.004509,
3,25,5,0,0,0.221825,0,0,0,0.519197,0.732318,1.08051,0,0,0,2.55385,0,0,0,0,0.113044,0,0,0.0291787,0,0,0.142223,0,0,0,0,0,0,0,0,0,0,0,24.8432,351.409,0,0.000147784,0.004509,
3,25,6,0,0,0.221825,0,0,0,0.703426,0.753275,1.26059,0,0,0,2.93912,0,0,0,0,0.0652906,0,0,0.0340418,0,0,0.0993324,0,0,0,0,0,0,0,0,0,0,0,24.9369,351.409,0,0.000148639,0.004509,
3,25,7,0,0,0.221825,0,0,0,0.686679,0.760261,1.32062,0,0,0,2.98939,0,0,0,0,0.578991,0,0,0.0356628,0,0,0.614654,0,0,0,0,0,0,0,0,0,0,0,24.8305,351.409,0,0.00014785,0.004509,
3,25,8,0,0,0.221825,0,0,0,0.56944,0.735811,1.11052,0,0,0,2.6376,0,0,0,0,0.692306,0,0,0.0299892,0,0,0.722295,0,0,0,0,0,0,0,0,0,0,0,22.2311,351.409,0,7.03157e-005,0.004509,
3,25,9,0,0,0.221825,0,0,0,0.4857,0.718346,0.960451,0,0,0,2.38632,0,0,0,0,0.240402,0,0,0.0259366,0,0,0.266339,0,0,0,0,0,0,0,0,0,0,0,19.0632,351.409,0,6.75431e-006,0.004509,
3,25,10,0,0,0.221825,0,0,0,0.452204,0.721839,0.990466,0,0,0,2.38633,0,0,0,0,0.0518395,0,0,0.0267471,0,0,0.0785866,0,0,0,0,0,0,0,0,0,0,0,18.5889,351.409,0,2.64738e-008,0.004509,
3,25,11,0,0,0.221825,0,0,0,0.418708,0.721839,0.990466,0,0,0,2.35284,0,0,0,0,0.326134,0,0,0.0267471,0,0,0.352881,0,0,0,0,0,0,0,0,0,0,0,18.5212,351.409,0,0,0.004509,
3,25,12,0,0,0.221825,0,0,0,0.351715,0.718346,0.960451,0,0,0,2.25234,0,0,0,0,0.198385,0,0,0.0259366,0,0,0.224322,0,0,0,0,0,0,0,0,0,0,0,18.5303,351.409,0,0,0.004509,
3,25,13,0,0,0.221825,0,0,0,0.351715,0.721839,0.990466,0,0,0,2.28584,0,0,0,0,0.0385978,0,0,0.0267471,0,0,0.0653449,0,0,0,0,0,0,0,0,0,0,0,18.4985,351.409,0,0,0.004509,
3,25,14,0,0,0.221825,0,0,0,0.351715,0.728825,1.0505,0,0,0,2.35286,0,0,0,0,0.39738,0,0,0.0283681,0,0,0.425748,0,0,0,0,0,0,0,0,0,0,0,18.5171,351.409,0,0,0.004509,
3,25,15,0,0,0.221825,0,0,0,0.435454,0.735811,1.11052,0,0,0,2.50361,0,0,0,0,0.256774,0,0,0.0299892,0,0,0.286763,0,0,0,0,0,0,0,0,0,0,0,18.5168,351.409,0,0,0.004509,
3,25,16,0,0,0.221825,0,0,0,0.519197,0.760261,1.32062,0,0,0,2.8219,0,0,0,0,0.0664684,0,0,0.0356628,0,0,0.102131,0,0,0,0,0,0,0,0,0,0,0,18.6128,351.409,0,0,0.004509,
3,25,17,0,0,0.221825,0,0,0,0.736923,0.791698,1.59075,0,0,0,3.3412,0,0,0,0,0.0838004,0,0,0.0429574,0,0,0.126758,0,0,0,0,0,0,0,0,0,0,0,19.4686,351.409,0,2.33798e-005,0.004509,
3,25,18,0,0,0.221825,0,0,0,1.40685,0.809163,1.74082,0,0,0,4.17866,0,0,0,0,0.286593,0,0,0.04701,0,0,0.333603,0,0,0,0,0,0,0,0,0,0,0,24.7577,351.409,0,0.000146162,0.004509,
3,25,19,0,0,0.221825,0,0,0,1.9763,0.816149,1.80085,0,0,0,4.81512,0,0,0,0,0.253847,0,0,0.0486311,0,0,0.302478,0,0,0,0,0,0,0,0,0,0,0,24.7607,351.409,0,0.000146302,0.004509,
3,25,20,0,0,0.221825,0,0,0,1.89255,0.823135,1.86088,0.382647,0,0,5.18104,0,0,0,0,0.28201,0,0,0.0502522,0,0,0.332262,0,0,0,0,0,0,0,0,0,0,0,24.7402,351.409,0,0.000145418,0.004509,
3,25,21,0,0,0.221825,0,0,0,1.60783,0.816149,1.80085,0.382647,0,0,4.8293,0,0,0,0,0.602657,0,0,0.0486311,0,0,0.651288,0,0,0,0,0,0,0,0,0,0,0,24.7384,351.409,0,0.000145228,0.004509,
3,25,22,0,0,0.221825,0,0,0,1.05514,0.788205,1.56074,0.382647,0,0,4.00855,0,0,0,0,0.0819886,0,0,0.042147,0,0,0.124136,0,0,0,0,0,0,0,0,0,0,0,24.7131,351.409,0,0.000144213,0.004509,
3,25,23,0,0,0.221825,0,0,0,0.636433,0.763754,1.35064,0.382647,0,0,3.3553,0,0,0,0,0.0106093,0,0,0.0364733,0,0,0.0470826,0,0,0,0,0,0,0,0,0,0,0,24.7078,351.409,0,0.000143968,0.004509,
3,25,24,0,0,0.221825,0,0,0,0.385211,0.735811,1.11052,0,0,0,2.45337,0,0,0,0,0.0708198,0,0,0.0299892,0,0,0.100809,0,0,0,0,0,0,0,0,0,0,0,24.696,351.409,0,0.000143478,0.004509,
3,26,1,0,0,0.221825,0,0,0,0.318218,0.728825,1.0505,0,0,0,2.31936,0,0,0,0,0.00946148,0,0,0.0283681,0,0,0.0378296,0,0,0,0,0,0,0,0,0,0,0,24.5301,351.409,0,0.000137087,0.004509,
3,26,2,0,0,0.221825,0,0,0,0.251224,0.725332,1.02048,0,0,0,2.21886,0,0,0,0,0,0,0,0.0275576,0,0,0.0275576,0,0,0,0,0,0,0,0,0,0,0,24.5325,351.409,0,0.000137161,0.004509,
3,26,3,0,0,0.221825,0,0,0,0.28472,0.725332,1.02048,0,0,0,2.25236,0,0,0,0,0.000626772,0,0,0.0275576,0,0,0.0281844,0,0,0,0,0,0,0,0,0,0,0,24.5353,351.409,0,0.000137216,0.004509,
3,26,4,0,0,0.221825,0,0,0,0.351715,0.718346,0.960451,0,0,0,2.25234,0,0,0,0,0.00653443,0,0,0.0259366,0,0,0.032471,0,0,0,0,0,0,0,0,0,0,0,24.5113,351.409,0,0.00013726,0.004509,
3,26,5,0,0,0.221825,0,0,0,0.519197,0.732318,1.08051,0,0,0,2.55385,0,0,0,0,0.170279,0,0,0.0291787,0,0,0.199458,0,0,0,0,0,0,0,0,0,0,0,24.4766,351.409,0,0.000137291,0.004509,
3,26,6,0,0,0.221825,0,0,0,0.703426,0.753275,1.26059,0,0,0,2.93912,0,0,0,0,0.0632923,0,0,0.0340418,0,0,0.0973341,0,0,0,0,0,0,0,0,0,0,0,24.5542,351.409,0,0.000137881,0.004509,
3,26,7,0,0,0.221825,0,0,0,0.686679,0.760261,1.32062,0,0,0,2.98939,0,0,0,0,0.223299,0,0,0.0356628,0,0,0.258962,0,0,0,0,0,0,0,0,0,0,0,24.4683,351.409,0,0.000137015,0.004509,
3,26,8,0,0,0.221825,0,0,0,0.56944,0.735811,1.11052,0,0,0,2.6376,0,0,0,0,0.24599,0,0,0.0299892,0,0,0.275979,0,0,0,0,0,0,0,0,0,0,0,21.1412,351.409,0,6.9164e-005,0.004509,
3,26,9,0,0,0.221825,0,0,0,0.4857,0.718346,0.960451,0,0,0,2.38632,0,0,0,0,0.0647788,0,0,0.0259366,0,0,0.0907154,0,0,0,0,0,0,0,0,0,0,0,19.8162,351.409,0,1.52832e-005,0.004509,
3,26,10,0,0,0.221825,0,0,0,0.452204,0.721839,0.990466,0,0,0,2.38633,0,0,0,0,0.197057,0,0,0.0267471,0,0,0.223804,0,0,0,0,0,0,0,0,0,0,0,19.6541,351.409,0,6.91188e-006,0.004509,
3,26,11,0,0,0.221825,0,0,0,0.418708,0.721839,0.990466,0,0,0,2.35284,0,0,0,0,0.482817,0,0,0.0267471,0,0,0.509564,0,0,0,0,0,0,0,0,0,0,0,19.689,351.409,0,5.12952e-006,0.004509,
3,26,12,0,0,0.221825,0,0,0,0.351715,0.718346,0.960451,0,0,0,2.25234,0,0,0,0,0.0981112,0,0,0.0259366,0,0,0.124048,0,0,0,0,0,0,0,0,0,0,0,19.6951,351.409,0,5.35461e-006,0.004509,
3,26,13,0,0,0.221825,0,0,0,0.351715,0.721839,0.990466,0,0,0,2.28584,0,0,0,0,0.0130102,0,0,0.0267471,0,0,0.0397573,0,0,0,0,0,0,0,0,0,0,0,19.6304,351.409,0,4.25836e-006,0.004509,
3,26,14,0,0,0.221825,0,0,0,0.351715,0.728825,1.0505,0,0,0,2.35286,0,0,0,0,0.428798,0,0,0.0283681,0,0,0.457166,0,0,0,0,0,0,0,0,0,0,0,19.6887,351.409,0,4.32892e-006,0.004509,
3,26,15,0,0,0.221825,0,0,0,0.435454,0.735811,1.11052,0,0,0,2.50361,0,0,0,0,0.129385,0,0,0.0299892,0,0,0.159374,0,0,0,0,0,0,0,0,0,0,0,19.7183,351.409,0,4.22631e-006,0.004509,
3,26,16,0,0,0.221825,0,0,0,0.519197,0.760261,1.32062,0,0,0,2.8219,0,0,0,0,0.33979,0,0,0.0356628,0,0,0.375453,0,0,0,0,0,0,0,0,0,0,0,19.7268,351.409,0,4.34947e-006,0.004509,
3,26,17,0,0,0.221825,0,0,0,0.736923,0.791698,1.59075,0,0,0,3.3412,0,0,0,0,0.0519826,0,0,0.0429574,0,0,0.09494,0,0,0,0,0,0,0,0,0,0,0,20.8675,351.409,0,2.3293e-005,0.004509,
3,26,18,0,0,0.221825,0,0,0,1.40685,0.809163,1.74082,0,0,0,4.17866,0,0,0,0,0.0468641,0,0,0.04701,0,0,0.0938741,0,0,0,0,0,0,0,0,0,0,0,24.5871,351.409,0,0.000139058,0.004509,
3,26,19,0.000562418,0,0.221825,0,0,0,1.9763,0.816149,1.80085,0,0,0,4.81568,0.00046862,0,0,0,0.213344,0,0,0.0486311,0,0,0.262444,0,0,0,0,0,0,0,0,0,0,0,24.5959,351.409,0,0.000139294,0.004509,
3,26,20,0.0334968,0,0.221825,0,0,0,1.89255,0.823135,1.86088,0.382647,0,0,5.21453,0.0279104,0,0,0,0.249166,0,0,0.0502522,0,0,0.327329,0,0,0,0,0,0,0,0,0,0,0,24.5764,351.409,0,0.00013853,0.004509,
3,26,21,0.0750903,0,0.221825,0,0,0,1.60783,0.816149,1.80085,0.382647,0,0,4.90439,0.0625671,0,0,0,0.424771,0,0,0.0486311,0,0,0.535969,0,0,0,0,0,0,0,0,0,0,0,24.5761,351.409,0,0.000138566,0.004509,
3,26,22,0.120526,0,0.221825,0,0,0,1.05514,0.788205,1.56074,0.382647,0,0,4.12908,0.100425,0,0,0,0.0395416,0,0,0.042147,0,0,0.182114,0,0,0,0,0,0,0,0,0,0,0,24.5523,351.409,0,0.000137602,0.004509,
3,26,23,0.158982,0,0.221825,0,0,0,0.636433,0.763754,1.35064,0.382647,0,0,3.51428,0.132468,0,0,0,0.0133717,0,0,0.0364733,0,0,0.182313,0,0,0,0,0,0,0,0,0,0,0,24.5421,351.409,0,0.000137576,0.004509,
3,26,24,0.237038,0,0.221825,0,0,0,0.385211,0.735811,1.11052,0,0,0,2.69041,0.197506,0,0,0,0.00309571,0,0,0.0299892,0,0,0.230591,0,0,0,0,0,0,0,0,0,0,0,24.5444,351.409,0,0.00013759,0.004509,
3,27,1,0.342972,0,0.221825,0,0,0,0.318218,0.728825,1.0505,0,0,0,2.66234,0.285772,0,0,0,0.00122329,0,0,0.0283681,0,0,0.315363,0,0,0,0,0,0,0,0,0,0,0,24.4601,351.409,0,0.00013526,0.004509,
3,27,2,0.411199,0,0.221825,0,0,0,0.251224,0.725332,1.02048,0,0,0,2.63006,0.342621,0,0,0,0.00283177,0,0,0.0275576,0,0,0.37301,0,0,0,0,0,0,0,0,0,0,0,24.3786,351.409,0,0.000134854,0.004509,
3,27,3,0.458526,0,0.221825,0,0,0,0.28472,0.725332,1.02048,0,0,0,2.71088,0.382054,0,0,0,0,0,0,0.0275576,0,0,0.409612,0,0,0,0,0,0,0,0,0,0,0,24.3688,351.409,0,0.000134702,0.004509,
3,27,4,0.490478,0,0.221825,0,0,0,0.351715,0.718346,0.960451,0,0,0,2.74281,0.408679,0,0,0,0,0,0,0.0259366,0,0,0.434616,0,0,0,0,0,0,0,0,0,0,0,24.3714,351.409,0,0.000134697,0.004509,
3,27,5,0.48694,0,0.221825,0,0,0,0.519197,0.732318,1.08051,0,0,0,3.04079,0.40573,0,0,0,0.0235153,0,0,0.0291787,0,0,0.458424,0,0,0,0,0,0,0,0,0,0,0,24.4639,351.409,0,0.000135011,0.004509,
3,27,6,0.455434,0,0.221825,0,0,0,0.703426,0.753275,1.26059,0,0,0,3.39456,0.379478,0,0,0,0.126625,0,0,0.0340418,0,0,0.540145,0,0,0,0,0,0,0,0,0,0,0,24.4751,351.409,0,0.000135531,0.004509,
3,27,7,0.364364,0,0.221825,0,0,0,0.686679,0.760261,1.32062,0,0,0,3.35375,0.303598,0,0,0,0.817268,0,0,0.0356628,0,0,1.15653,0,0,0,0,0,0,0,0,0,0,0,24.4574,351.409,0,0.000135148,0.004509,
3,27,8,0.24543,0,0.221825,0,0,0,0.56944,0.735811,1.11052,0,0,0,2.88303,0.204498,0,0,0,0.728123,0,0,0.0299892,0,0,0.96261,0,0,0,0,0,0,0,0,0,0,0,22.1432,351.409,0,9.41945e-005,0.004509,
3,27,9,0.146059,0,0.221825,0,0,0,0.4857,0.718346,0.960451,0,0,0,2.53238,0.1217,0,0,0,0.248096,0,0,0.0259366,0,0,0.395733,0,0,0,0,0,0,0,0,0,0,0,18.7263,351.409,0,1.02694e-005,0.004509,
3,27,10,0.0588368,0,0.221825,0,0,0,0.452204,0.721839,0.990466,0,0,0,2.44517,0.0490243,0,0,0,0.0375173,0,0,0.0267471,0,0,0.113289,0,0,0,0,0,0,0,0,0,0,0,18.1283,351.409,0,0,0.004509,
3,27,11,0.0114931,0,0.221825,0,0,0,0.418708,0.721839,0.990466,0,0,0,2.36433,0.00957636,0,0,0,0.197827,0,0,0.0267471,0,0,0.23415,0,0,0,0,0,0,0,0,0,0,0,18.068,351.409,0,0,0.004509,
3,27,12,0.00110717,0,0.221825,0,0,0,0.351715,0.718346,0.960451,0,0,0,2.25344,0.000922525,0,0,0,0.0583899,0,0,0.0259366,0,0,0.085249,0,0,0,0,0,0,0,0,0,0,0,18.0922,351.409,0,0,0.004509,
3,27,13,0,0,0.221825,0,0,0,0.351715,0.721839,0.990466,0,0,0,2.28584,0,0,0,0,0.0722493,0,0,0.0267471,0,0,0.0989964,0,0,0,0,0,0,0,0,0,0,0,18.1003,351.409,0,0,0.004509,
3,27,14,0,0,0.221825,0,0,0,0.351715,0.728825,1.0505,0,0,0,2.35286,0,0,0,0,0.0193379,0,0,0.0283681,0,0,0.047706,0,0,0,0,0,0,0,0,0,0,0,18.1305,351.409,0,0,0.004509,
3,27,15,0,0,0.221825,0,0,0,0.435454,0.735811,1.11052,0,0,0,2.50361,0,0,0,0,0.2882,0,0,0.0299892,0,0,0.318189,0,0,0,0,0,0,0,0,0,0,0,18.1631,351.409,0,0,0.004509,
3,27,16,0,0,0.221825,0,0,0,0.519197,0.760261,1.32062,0,0,0,2.8219,0,0,0,0,0.0455956,0,0,0.0356628,0,0,0.0812584,0,0,0,0,0,0,0,0,0,0,0,18.2575,351.409,0,0,0.004509,
3,27,17,0,0,0.221825,0,0,0,0.736923,0.791698,1.59075,0,0,0,3.3412,0,0,0,0,0.0375858,0,0,0.0429574,0,0,0.0805432,0,0,0,0,0,0,0,0,0,0,0,18.8989,351.409,0,1.12983e-005,0.004509,
3,27,18,0,0,0.221825,0,0,0,1.40685,0.809163,1.74082,0,0,0,4.17866,0,0,0,0,0.146846,0,0,0.04701,0,0,0.193856,0,0,0,0,0,0,0,0,0,0,0,24.4962,351.409,0,0.000136656,0.004509,
3,27,19,0,0,0.221825,0,0,0,1.9763,0.816149,1.80085,0,0,0,4.81512,0,0,0,0,0.00934113,0,0,0.0486311,0,0,0.0579722,0,0,0,0,0,0,0,0,0,0,0,24.5367,351.409,0,0.000136937,0.004509,
3,27,20,0,0,0.221825,0,0,0,1.89255,0.823135,1.86088,0.382647,0,0,5.18104,0,0,0,0,0.0899209,0,0,0.0502522,0,0,0.140173,0,0,0,0,0,0,0,0,0,0,0,24.5176,351.409,0,0.000136183,0.004509,
3,27,21,0,0,0.221825,0,0,0,1.60783,0.816149,1.80085,0.382647,0,0,4.8293,0,0,0,0,0.265529,0,0,0.0486311,0,0,0.31416,0,0,0,0,0,0,0,0,0,0,0,24.5117,351.409,0,0.000136213,0.004509,
3,27,22,0.00160305,0,0.221825,0,0,0,1.05514,0.788205,1.56074,0.382647,0,0,4.01016,0.0013357,0,0,0,0.141067,0,0,0.042147,0,0,0.18455,0,0,0,0,0,0,0,0,0,0,0,24.457,351.409,0,0.0001353,0.004509,
3,27,23,0.0751603,0,0.221825,0,0,0,0.636433,0.763754,1.35064,0.382647,0,0,3.43046,0.0626253,0,0,0,0.00494023,0,0,0.0364733,0,0,0.104039,0,0,0,0,0,0,0,0,0,0,0,24.4503,351.409,0,0.000134843,0.004509,
3,27,24,0.118528,0,0.221825,0,0,0,0.385211,0.735811,1.11052,0,0,0,2.5719,0.0987604,0,0,0,0.00464308,0,0,0.0299892,0,0,0.133393,0,0,0,0,0,0,0,0,0,0,0,24.4516,351.409,0,0.000134864,0.004509,
3,28,1,0.210514,0,0.221825,0,0,0,0.318218,0.728825,1.0505,0,0,0,2.52988,0.175406,0,0,0,0.00114599,0,0,0.0283681,0,0,0.20492,0,0,0,0,0,0,0,0,0,0,0,24.1091,351.409,0,0.000126656,0.004509,
3,28,2,0.278176,0,0.221825,0,0,0,0.251224,0.725332,1.02048,0,0,0,2.49704,0.231783,0,0,0,0.00898934,0,0,0.0275576,0,0,0.26833,0,0,0,0,0,0,0,0,0,0,0,24.1109,351.409,0,0.000126692,0.004509,
3,28,3,0.33017,0,0.221825,0,0,0,0.28472,0.725332,1.02048,0,0,0,2.58253,0.275105,0,0,0,0.0175139,0,0,0.0275576,0,0,0.320177,0,0,0,0,0,0,0,0,0,0,0,24.1127,351.409,0,0.000126542,0.004509,
3,28,4,0.391838,0,0.221825,0,0,0,0.351715,0.718346,0.960451,0,0,0,2.64417,0.326489,0,0,0,0.00114599,0,0,0.0259366,0,0,0.353572,0,0,0,0,0,0,0,0,0,0,0,24.1138,351.409,0,0.000126597,0.004509,
3,28,5,0.446029,0,0.221825,0,0,0,0.519197,0.732318,1.08051,0,0,0,2.99988,0.371642,0,0,0,0.18142,0,0,0.0291787,0,0,0.582241,0,0,0,0,0,0,0,0,0,0,0,24.1223,351.409,0,0.000126872,0.004509,
3,28,6,0.448113,0,0.221825,0,0,0,0.703426,0.753275,1.26059,0,0,0,3.38723,0.373378,0,0,0,0.0192346,0,0,0.0340418,0,0,0.426654,0,0,0,0,0,0,0,0,0,0,0,24.1357,351.409,0,0.000127228,0.004509,
3,28,7,0.333192,0,0.221825,0,0,0,0.686679,0.760261,1.32062,0,0,0,3.32258,0.277623,0,0,0,0.25097,0,0,0.0356628,0,0,0.564256,0,0,0,0,0,0,0,0,0,0,0,24.1132,351.409,0,0.000126847,0.004509,
3,28,8,0.152194,0,0.221825,0,0,0,0.56944,0.735811,1.11052,0,0,0,2.78979,0.126811,0,0,0,0.401747,0,0,0.0299892,0,0,0.558547,0,0,0,0,0,0,0,0,0,0,0,20.5181,351.409,0,4.20977e-005,0.004509,
3,28,9,0.0215683,0,0.221825,0,0,0,0.4857,0.718346,0.960451,0,0,0,2.40789,0.0179713,0,0,0,0.410477,0,0,0.0259366,0,0,0.454385,0,0,0,0,0,0,0,0,0,0,0,17.1908,351.409,0,0,0.004509,
3,28,10,0,0,0.221825,0,0,0,0.452204,0.721839,0.990466,0,0,0,2.38633,0,0,0,0,0.379793,0,0,0.0267471,0,0,0.40654,0,0,0,0,0,0,0,0,0,0,0,16.6045,351.409,0,0,0.004509,
3,28,11,0,0,0.221825,0,0,0,0.418708,0.721839,0.990466,0,0,0,2.35284,0,0,0,0,0.127123,0,0,0.0267471,0,0,0.15387,0,0,0,0,0,0,0,0,0,0,0,16.5738,351.409,0,0,0.004509,
3,28,12,0,0,0.221825,0,0,0,0.351715,0.718346,0.960451,0,0,0,2.25234,0,0,0,0,0.184975,0,0,0.0259366,0,0,0.210912,0,0,0,0,0,0,0,0,0,0,0,16.615,351.409,0,0,0.004509,
3,28,13,0,0,0.221825,0,0,0,0.351715,0.721839,0.990466,0,0,0,2.28584,0,0,0,0,0.126365,0,0,0.0267471,0,0,0.153112,0,0,0,0,0,0,0,0,0,0,0,16.8176,351.409,0,0,0.004509,
3,28,14,0,0,0.221825,0,0,0,0.351715,0.728825,1.0505,0,0,0,2.35286,0,0,0,0,0.14258,0,0,0.0283681,0,0,0.170948,0,0,0,0,0,0,0,0,0,0,0,16.7728,351.409,0,0,0.004509,
3,28,15,0,0,0.221825,0,0,0,0.435454,0.735811,1.11052,0,0,0,2.50361,0,0,0,0,0.157363,0,0,0.0299892,0,0,0.187352,0,0,0,0,0,0,0,0,0,0,0,16.6219,351.409,0,0,0.004509,
3,28,16,0,0,0.221825,0,0,0,0.519197,0.760261,1.32062,0,0,0,2.8219,0,0,0,0,0.257278,0,0,0.0356628,0,0,0.292941,0,0,0,0,0,0,0,0,0,0,0,16.7142,351.409,0,0,0.004509,
3,28,17,0,0,0.221825,0,0,0,0.736923,0.791698,1.59075,0,0,0,3.3412,0,0,0,0,0.440991,0,0,0.0429574,0,0,0.483948,0,0,0,0,0,0,0,0,0,0,0,17.8369,351.409,0,2.2494e-006,0.004509,
3,28,18,0,0,0.221825,0,0,0,1.40685,0.809163,1.74082,0,0,0,4.17866,0,0,0,0,0.516668,0,0,0.04701,0,0,0.563678,0,0,0,0,0,0,0,0,0,0,0,23.7208,351.409,0,0.000123416,0.004509,
3,28,19,0,0,0.221825,0,0,0,1.9763,0.816149,1.80085,0,0,0,4.81512,0,0,0,0,0.225969,0,0,0.0486311,0,0,0.2746,0,0,0,0,0,0,0,0,0,0,0,23.8255,351.409,0,0.000124314,0.004509,
3,28,20,0,0,0.221825,0,0,0,1.89255,0.823135,1.86088,0.382647,0,0,5.18104,0,0,0,0,0.506487,0,0,0.0502522,0,0,0.556739,0,0,0,0,0,0,0,0,0,0,0,23.8214,351.409,0,0.000124259,0.004509,
3,28,21,0,0,0.221825,0,0,0,1.60783,0.816149,1.80085,0.382647,0,0,4.8293,0,0,0,0,0.335876,0,0,0.0486311,0,0,0.384507,0,0,0,0,0,0,0,0,0,0,0,23.7861,351.409,0,0.000124267,0.004509,
3,28,22,0,0,0.221825,0,0,0,1.05514,0.788205,1.56074,0.382647,0,0,4.00855,0,0,0,0,0.0339787,0,0,0.042147,0,0,0.0761257,0,0,0,0,0,0,0,0,0,0,0,23.741,351.409,0,0.000123605,0.004509,
3,28,23,0,0,0.221825,0,0,0,0.636433,0.763754,1.35064,0.382647,0,0,3.3553,0,0,0,0,0.0739387,0,0,0.0364733,0,0,0.110412,0,0,0,0,0,0,0,0,0,0,0,23.7195,351.409,0,0.000123474,0.004509,
3,28,24,0,0,0.221825,0,0,0,0.385211,0.735811,1.11052,0,0,0,2.45337,0,0,0,0,0.0107394,0,0,0.0299892,0,0,0.0407286,0,0,0,0,0,0,0,0,0,0,0,23.7136,351.409,0,0.000123358,0.004509,
3,29,1,0,0,0.221825,0,0,0,0.318218,0.728825,1.0505,0,0,0,2.31936,0,0,0,0,0,0,0,0.0283681,0,0,0.0283681,0,0,0,0,0,0,0,0,0,0,0,22.9327,351.409,0,9.36307e-005,0.004509,
3,29,2,0,0,0.221825,0,0,0,0.251224,0.725332,1.02048,0,0,0,2.21886,0,0,0,0,0,0,0,0.0275576,0,0,0.0275576,0,0,0,0,0,0,0,0,0,0,0,22.9145,351.409,0,9.22449e-005,0.004509,
3,29,3,0,0,0.221825,0,0,0,0.28472,0.725332,1.02048,0,0,0,2.25236,0,0,0,0,0,0,0,0.0275576,0,0,0.0275576,0,0,0,0,0,0,0,0,0,0,0,22.9342,351.409,0,9.32978e-005,0.004509,
3,29,4,0.0376193,0,0.221825,0,0,0,0.351715,0.718346,0.960451,0,0,0,2.28996,0.0313454,0,0,0,0,0,0,0.0259366,0,0,0.057282,0,0,0,0,0,0,0,0,0,0,0,22.9521,351.409,0,9.43074e-005,0.004509,
3,29,5,0.0998118,0,0.221825,0,0,0,0.519197,0.732318,1.08051,0,0,0,2.65366,0.0831656,0,0,0,0.0929676,0,0,0.0291787,0,0,0.205312,0,0,0,0,0,0,0,0,0,0,0,23.0484,351.409,0,9.67901e-005,0.004509,
3,29,6,0.117738,0,0.221825,0,0,0,0.703426,0.753275,1.26059,0,0,0,3.05686,0.098102,0,0,0,0.125994,0,0,0.0340418,0,0,0.258138,0,0,0,0,0,0,0,0,0,0,0,23.0789,351.409,0,9.70504e-005,0.004509,
3,29,7,0.0980481,0,0.221825,0,0,0,0.686679,0.760261,1.32062,0,0,0,3.08744,0.0816961,0,0,0,0.240863,0,0,0.0356628,0,0,0.358222,0,0,0,0,0,0,0,0,0,0,0,23.0539,351.409,0,9.68496e-005,0.004509,
3,29,8,0.0188704,0,0.221825,0,0,0,0.56944,0.735811,1.11052,0,0,0,2.65647,0.0157232,0,0,0,0.556545,0,0,0.0299892,0,0,0.602257,0,0,0,0,0,0,0,0,0,0,0,19.8471,351.409,0,2.58618e-005,0.004509,
3,29,9,0,0,0.221825,0,0,0,0.4857,0.718346,0.960451,0,0,0,2.38632,0,0,0,0,0.346093,0,0,0.0259366,0,0,0.37203,0,0,0,0,0,0,0,0,0,0,0,18.1275,351.409,0,1.76192e-006,0.004509,
3,29,10,0,0,0.221825,0,0,0,0.452204,0.721839,0.990466,0,0,0,2.38633,0,0,0,0,0.114795,0,0,0.0267471,0,0,0.141542,0,0,0,0,0,0,0,0,0,0,0,18.0595,351.409,0,0,0.004509,
3,29,11,0,0,0.221825,0,0,0,0.418708,0.721839,0.990466,0,0,0,2.35284,0,0,0,0,0.207635,0,0,0.0267471,0,0,0.234382,0,0,0,0,0,0,0,0,0,0,0,18.0252,351.409,0,0,0.004509,
3,29,12,0,0,0.221825,0,0,0,0.351715,0.718346,0.960451,0,0,0,2.25234,0,0,0,0,0.0434008,0,0,0.0259366,0,0,0.0693374,0,0,0,0,0,0,0,0,0,0,0,17.992,351.409,0,0,0.004509,
3,29,13,0,0,0.221825,0,0,0,0.351715,0.721839,0.990466,0,0,0,2.28584,0,0,0,0,0.0702354,0,0,0.0267471,0,0,0.0969825,0,0,0,0,0,0,0,0,0,0,0,18.0014,351.409,0,0,0.004509,
3,29,14,0,0,0.221825,0,0,0,0.351715,0.728825,1.0505,0,0,0,2.35286,0,0,0,0,0.217366,0,0,0.0283681,0,0,0.245734,0,0,0,0,0,0,0,0,0,0,0,18.0122,351.409,0,0,0.004509,
3,29,15,0,0,0.221825,0,0,0,0.435454,0.735811,1.11052,0,0,0,2.50361,0,0,0,0,0.0188756,0,0,0.0299892,0,0,0.0488648,0,0,0,0,0,0,0,0,0,0,0,18.0206,351.409,0,0,0.004509,
3,29,16,0,0,0.221825,0,0,0,0.519197,0.760261,1.32062,0,0,0,2.8219,0,0,0,0,0.44971,0,0,0.0356628,0,0,0.485373,0,0,0,0,0,0,0,0,0,0,0,18.3103,351.409,0,2.63048e-006,0.004509,
3,29,17,0,0,0.221825,0,0,0,0.736923,0.791698,1.59075,0,0,0,3.3412,0,0,0,0,0.122613,0,0,0.0429574,0,0,0.16557,0,0,0,0,0,0,0,0,0,0,0,20.2514,351.409,0,4.93922e-005,0.004509,
3,29,18,0,0,0.221825,0,0,0,1.40685,0.809163,1.74082,0,0,0,4.17866,0,0,0,0,0.160123,0,0,0.04701,0,0,0.207133,0,0,0,0,0,0,0,0,0,0,0,23.082,351.409,0,9.7015e-005,0.004509,
3,29,19,0,0,0.221825,0,0,0,1.9763,0.816149,1.80085,0,0,0,4.81512,0,0,0,0,0.0837896,0,0,0.0486311,0,0,0.132421,0,0,0,0,0,0,0,0,0,0,0,23.107,351.409,0,9.7372e-005,0.004509,
3,29,20,0,0,0.221825,0,0,0,1.89255,0.823135,1.86088,0.382647,0,0,5.18104,0,0,0,0,0.0744738,0,0,0.0502522,0,0,0.124726,0,0,0,0,0,0,0,0,0,0,0,23.114,351.409,0,9.7395e-005,0.004509,
3,29,21,0,0,0.221825,0,0,0,1.60783,0.816149,1.80085,0.382647,0,0,4.8293,0,0,0,0,0.211371,0,0,0.0486311,0,0,0.260002,0,0,0,0,0,0,0,0,0,0,0,23.1029,351.409,0,9.68673e-005,0.004509,
3,29,22,0,0,0.221825,0,0,0,1.05514,0.788205,1.56074,0.382647,0,0,4.00855,0,0,0,0,0.0233625,0,0,0.042147,0,0,0.0655095,0,0,0,0,0,0,0,0,0,0,0,23.0655,351.409,0,9.676e-005,0.004509,
3,29,23,0,0,0.221825,0,0,0,0.636433,0.763754,1.35064,0.382647,0,0,3.3553,0,0,0,0,0.0292833,0,0,0.0364733,0,0,0.0657566,0,0,0,0,0,0,0,0,0,0,0,23.0579,351.409,0,9.66774e-005,0.004509,
3,29,24,0,0,0.221825,0,0,0,0.385211,0.735811,1.11052,0,0,0,2.45337,0,0,0,0,0.000906731,0,0,0.0299892,0,0,0.0308959,0,0,0,0,0,0,0,0,0,0,0,23.0557,351.409,0,9.66047e-005,0.004509,
3,30,1,0,0,0.221825,0,0,0,0.318218,0.728825,1.0505,0,0,0,2.31936,0,0,0,0,0,0,0,0.0283681,0,0,0.0283681,0,0,0,0,0,0,0,0,0,0,0,23.3646,351.409,0,0.00010558,0.004509,
3,30,2,0,0,0.221825,0,0,0,0.251224,0.725332,1.02048,0,0,0,2.21886,0,0,0,0,0.0245626,0,0,0.0275576,0,0,0.0521202,0,0,0,0,0,0,0,0,0,0,0,23.1665,351.409,0,0.00010049,0.004509,
3,30,3,0,0,0.221825,0,0,0,0.28472,0.725332,1.02048,0,0,0,2.25236,0,0,0,0,0.000451986,0,0,0.0275576,0,0,0.0280096,0,0,0,0,0,0,0,0,0,0,0,23.0712,351.409,0,9.72736e-005,0.004509,
3,30,4,0,0,0.221825,0,0,0,0.351715,0.718346,0.960451,0,0,0,2.25234,0,0,0,0,0,0,0,0.0259366,0,0,0.0259366,0,0,0,0,0,0,0,0,0,0,0,23.1017,351.409,0,9.87036e-005,0.004509,
3,30,5,0.000504894,0,0.221825,0,0,0,0.519197,0.732318,1.08051,0,0,0,2.55435,0.00042069,0,0,0,0.0135991,0,0,0.0291787,0,0,0.0431985,0,0,0,0,0,0,0,0,0,0,0,23.1991,351.409,0,9.91891e-005,0.004509,
3,30,6,0.0596102,0,0.221825,0,0,0,0.703426,0.753275,1.26059,0,0,0,2.99873,0.0496688,0,0,0,0.0608428,0,0,0.0340418,0,0,0.144553,0,0,0,0,0,0,0,0,0,0,0,23.4356,351.409,0,0.000105776,0.004509,
3,30,7,0.0463291,0,0.221825,0,0,0,0.686679,0.760261,1.32062,0,0,0,3.03572,0.0386025,0,0,0,0.571933,0,0,0.0356628,0,0,0.646198,0,0,0,0,0,0,0,0,0,0,0,23.4011,351.409,0,0.000104191,0.004509,
3,30,8,0.0168591,0,0.221825,0,0,0,0.56944,0.735811,1.11052,0,0,0,2.65446,0.0140474,0,0,0,0.317738,0,0,0.0299892,0,0,0.361775,0,0,0,0,0,0,0,0,0,0,0,17.8357,351.409,0,9.92406e-006,0.004509,
3,30,9,0,0,0.221825,0,0,0,0.4857,0.718346,0.960451,0,0,0,2.38632,0,0,0,0,0.417734,0,0,0.0259366,0,0,0.443671,0,0,0,0,0,0,0,0,0,0,0,16.2819,351.409,0,0,0.004509,
3,30,10,0,0,0.221825,0,0,0,0.452204,0.721839,0.990466,0,0,0,2.38633,0,0,0,0,0.0386152,0,0,0.0267471,0,0,0.0653623,0,0,0,0,0,0,0,0,0,0,0,16.0848,351.409,0,0,0.004509,
3,30,11,0,0,0.221825,0,0,0,0.418708,0.721839,0.990466,0,0,0,2.35284,0,0,0,0,0.0109784,0,0,0.0267471,0,0,0.0377255,0,0,0,0,0,0,0,0,0,0,0,16.0107,351.409,0,0,0.004509,
3,30,12,0,0,0.221825,0,0,0,0.351715,0.718346,0.960451,0,0,0,2.25234,0,0,0,0,0.039134,0,0,0.0259366,0,0,0.0650706,0,0,0,0,0,0,0,0,0,0,0,16.1807,351.409,0,0,0.004509,
3,30,13,0,0,0.221825,0,0,0,0.351715,0.721839,0.990466,0,0,0,2.28584,0,0,0,0,0.0129758,0,0,0.0267471,0,0,0.0397229,0,0,0,0,0,0,0,0,0,0,0,16.0269,351.409,0,0,0.004509,
3,30,14,0,0,0.221825,0,0,0,0.351715,0.728825,1.0505,0,0,0,2.35286,0,0,0,0,0.0429391,0,0,0.0283681,0,0,0.0713072,0,0,0,0,0,0,0,0,0,0,0,16.2154,351.409,0,0,0.004509,
3,30,15,0,0,0.221825,0,0,0,0.435454,0.735811,1.11052,0,0,0,2.50361,0,0,0,0,0.187115,0,0,0.0299892,0,0,0.217104,0,0,0,0,0,0,0,0,0,0,0,16.0359,351.409,0,0,0.004509,
3,30,16,0,0,0.221825,0,0,0,0.519197,0.760261,1.32062,0,0,0,2.8219,0,0,0,0,0.0275169,0,0,0.0356628,0,0,0.0631797,0,0,0,0,0,0,0,0,0,0,0,16.0656,351.409,0,0,0.004509,
3,30,17,0,0,0.221825,0,0,0,0.736923,0.791698,1.59075,0,0,0,3.3412,0,0,0,0,0.0347703,0,0,0.0429574,0,0,0.0777277,0,0,0,0,0,0,0,0,0,0,0,16.7518,351.409,0,0,0.004509,
3,30,18,0,0,0.221825,0,0,0,1.40685,0.809163,1.74082,0,0,0,4.17866,0,0,0,0,0.0418585,0,0,0.04701,0,0,0.0888685,0,0,0,0,0,0,0,0,0,0,0,22.8347,351.409,0,7.38304e-005,0.004509,
3,30,19,0,0,0.221825,0,0,0,1.9763,0.816149,1.80085,0,0,0,4.81512,0,0,0,0,0.0240711,0,0,0.0486311,0,0,0.0727022,0,0,0,0,0,0,0,0,0,0,0,23.5723,351.409,0,0.000110424,0.004509,
3,30,20,0,0,0.221825,0,0,0,1.89255,0.823135,1.86088,0.382647,0,0,5.18104,0,0,0,0,0.0298116,0,0,0.0502522,0,0,0.0800638,0,0,0,0,0,0,0,0,0,0,0,23.5264,351.409,0,0.00010956,0.004509,
3,30,21,0,0,0.221825,0,0,0,1.60783,0.816149,1.80085,0.382647,0,0,4.8293,0,0,0,0,0.0589777,0,0,0.0486311,0,0,0.107609,0,0,0,0,0,0,0,0,0,0,0,23.5153,351.409,0,0.000109441,0.004509,
3,30,22,0,0,0.221825,0,0,0,1.05514,0.788205,1.56074,0.382647,0,0,4.00855,0,0,0,0,0.0563192,0,0,0.042147,0,0,0.0984662,0,0,0,0,0,0,0,0,0,0,0,23.4376,351.409,0,0.000107241,0.004509,
3,30,23,0.0801533,0,0.221825,0,0,0,0.636433,0.763754,1.35064,0.382647,0,0,3.43545,0.0667856,0,0,0,0.0513087,0,0,0.0364733,0,0,0.154568,0,0,0,0,0,0,0,0,0,0,0,23.4281,351.409,0,0.000107166,0.004509,
3,30,24,0.128609,0,0.221825,0,0,0,0.385211,0.735811,1.11052,0,0,0,2.58198,0.10716,0,0,0,0.0177939,0,0,0.0299892,0,0,0.154943,0,0,0,0,0,0,0,0,0,0,0,23.4294,351.409,0,0.000106058,0.004509,
3,31,1,0.188301,0,0.221825,0,0,0,0.318218,0.728825,1.0505,0,0,0,2.50766,0.156897,0,0,0,0.069695,0,0,0.0283681,0,0,0.25496,0,0,0,0,0,0,0,0,0,0,0,24.7986,351.409,0,0.000158279,0.004509,
3,31,2,0.283929,0,0.221825,0,0,0,0.251224,0.725332,1.02048,0,0,0,2.50279,0.236577,0,0,0,0.000957454,0,0,0.0275576,0,0,0.265092,0,0,0,0,0,0,0,0,0,0,0,24.7952,351.409,0,0.000158346,0.004509,
3,31,3,0.414015,0,0.221825,0,0,0,0.28472,0.725332,1.02048,0,0,0,2.66637,0.344969,0,0,0,0,0,0,0.0275576,0,0,0.372527,0,0,0,0,0,0,0,0,0,0,0,24.8021,351.409,0,0.000158213,0.004509,
3,31,4,0.489566,0,0.221825,0,0,0,0.351715,0.718346,0.960451,0,0,0,2.7419,0.407919,0,0,0,0.0229972,0,0,0.0259366,0,0,0.456853,0,0,0,0,0,0,0,0,0,0,0,24.8051,351.409,0,0.000158292,0.004509,
3,31,5,0.475865,0,0.221825,0,0,0,0.519197,0.732318,1.08051,0,0,0,3.02971,0.396502,0,0,0,0.0570285,0,0,0.0291787,0,0,0.482709,0,0,0,0,0,0,0,0,0,0,0,24.8041,351.409,0,0.00015835,0.004509,
3,31,6,0.413455,0,0.221825,0,0,0,0.703426,0.753275,1.26059,0,0,0,3.35258,0.344501,0,0,0,0.423681,0,0,0.0340418,0,0,0.802224,0,0,0,0,0,0,0,0,0,0,0,24.8082,351.409,0,0.000158431,0.004509,
3,31,7,0.272639,0,0.221825,0,0,0,0.686679,0.760261,1.32062,0,0,0,3.26203,0.22717,0,0,0,0.104652,0,0,0.0356628,0,0,0.367485,0,0,0,0,0,0,0,0,0,0,0,24.8184,351.409,0,0.000158373,0.004509,
3,31,8,0.145616,0,0.221825,0,0,0,0.56944,0.735811,1.11052,0,0,0,2.78322,0.121331,0,0,0,0.597072,0,0,0.0299892,0,0,0.748392,0,0,0,0,0,0,0,0,0,0,0,20.1181,351.409,0,3.73667e-005,0.004509,
3,31,9,0.0299182,0,0.221825,0,0,0,0.4857,0.718346,0.960451,0,0,0,2.41624,0.0249286,0,0,0,0.383184,0,0,0.0259366,0,0,0.434049,0,0,0,0,0,0,0,0,0,0,0,18.3257,351.409,0,1.15941e-006,0.004509,
3,31,10,0,0,0.221825,0,0,0,0.452204,0.721839,0.990466,0,0,0,2.38633,0,0,0,0,0.135204,0,0,0.0267471,0,0,0.161951,0,0,0,0,0,0,0,0,0,0,0,18.073,351.409,0,1.07171e-006,0.004509,
3,31,11,0,0,0.221825,0,0,0,0.418708,0.721839,0.990466,0,0,0,2.35284,0,0,0,0,0.430473,0,0,0.0267471,0,0,0.45722,0,0,0,0,0,0,0,0,0,0,0,17.9696,351.409,0,1.06124e-006,0.004509,
3,31,12,0,0,0.221825,0,0,0,0.351715,0.718346,0.960451,0,0,0,2.25234,0,0,0,0,0.0751334,0,0,0.0259366,0,0,0.10107,0,0,0,0,0,0,0,0,0,0,0,17.9682,351.409,0,1.07862e-006,0.004509,
3,31,13,0,0,0.221825,0,0,0,0.351715,0.721839,0.990466,0,0,0,2.28584,0,0,0,0,0.108193,0,0,0.0267471,0,0,0.13494,0,0,0,0,0,0,0,0,0,0,0,17.9675,351.409,0,1.08346e-006,0.004509,
3,31,14,0,0,0.221825,0,0,0,0.351715,0.728825,1.0505,0,0,0,2.35286,0,0,0,0,0.365052,0,0,0.0283681,0,0,0.39342,0,0,0,0,0,0,0,0,0,0,0,17.978,351.409,0,1.07806e-006,0.004509,
3,31,15,0,0,0.221825,0,0,0,0.435454,0.735811,1.11052,0,0,0,2.50361,0,0,0,0,0.013487,0,0,0.0299892,0,0,0.0434762,0,0,0,0,0,0,0,0,0,0,0,18.0117,351.409,0,1.13696e-006,0.004509,
3,31,16,0,0,0.221825,0,0,0,0.519197,0.760261,1.32062,0,0,0,2.8219,0,0,0,0,0.0375015,0,0,0.0356628,0,0,0.0731643,0,0,0,0,0,0,0,0,0,0,0,18.261,351.409,0,1.19096e-005,0.004509,
3,31,17,0,0,0.221825,0,0,0,0.736923,0.791698,1.59075,0,0,0,3.3412,0,0,0,0,0.326773,0,0,0.0429574,0,0,0.36973,0,0,0,0,0,0,0,0,0,0,0,19.9321,351.409,0,5.84115e-005,0.004509,
3,31,18,0,0,0.221825,0,0,0,1.40685,0.809163,1.74082,0,0,0,4.17866,0,0,0,0,0.296025,0,0,0.04701,0,0,0.343035,0,0,0,0,0,0,0,0,0,0,0,25.7523,351.409,0,0.000178753,0.004509,
3,31,19,0,0,0.221825,0,0,0,1.9763,0.816149,1.80085,0,0,0,4.81512,0,0,0,0,0.19732,0,0,0.0486311,0,0,0.245951,0,0,0,0,0,0,0,0,0,0,0,25.7954,351.409,0,0.000179017,0.004509,
3,31,20,0,0,0.221825,0,0,0,1.89255,0.823135,1.86088,0.382647,0,0,5.18104,0,0,0,0,0.0790106,0,0,0.0502522,0,0,0.129263,0,0,0,0,0,0,0,0,0,0,0,25.7738,351.409,0,0.000178031,0.004509,
3,31,21,0,0,0.221825,0,0,0,1.60783,0.816149,1.80085,0.382647,0,0,4.8293,0,0,0,0,0.323011,0,0,0.0486311,0,0,0.371642,0,0,0,0,0,0,0,0,0,0,0,25.7615,351.409,0,0.000177666,0.004509,
3,31,22,0.0103193,0,0.221825,0,0,0,1.05514,0.788205,1.56074,0.382647,0,0,4.01887,0.0085983,0,0,0,0.0589557,0,0,0.042147,0,0,0.109701,0,0,0,0,0,0,0,0,0,0,0,25.7062,351.409,0,0.00017636,0.004509,
3,31,23,0.0870665,0,0.221825,0,0,0,0.636433,0.763754,1.35064,0.382647,0,0,3.44236,0.072546,0,0,0,0.0232983,0,0,0.0364733,0,0,0.132318,0,0,0,0,0,0,0,0,0,0,0,25.7037,351.409,0,0.000176386,0.004509,
3,31,24,0.117831,0,0.221825,0,0,0,0.385211,0.735811,1.11052,0,0,0,2.5712,0.0981793,0,0,0,0,0,0,0.0299892,0,0,0.128169,0,0,0,0,0,0,0,0,0,0,0,25.7041,351.409,0,0.000176308,0.004509,
4,1,1,0.157477,0,0.221825,0,0,0,0.318218,0.728825,1.0505,0,0,0,2.47684,0.131214,0,0,0,0.0418543,0,0,0.0283681,0,0,0.201436,0,0,0,0,0,0,0,0,0,0,0,22.9425,311.54,0,8.3959e-005,0.004509,
4,1,2,0.238632,0,0.221825,0,0,0,0.251224,0.725332,1.02048,0,0,0,2.45749,0.198834,0,0,0,0.0316394,0,0,0.0275576,0,0,0.258031,0,0,0,0,0,0,0,0,0,0,0,22.9446,311.54,0,8.39877e-005,0.004509,
4,1,3,0.294376,0,0.221825,0,0,0,0.28472,0.725332,1.02048,0,0,0,2.54673,0.245281,0,0,0,0,0,0,0.0275576,0,0,0.272839,0,0,0,0,0,0,0,0,0,0,0,22.9465,311.54,0,8.39945e-005,0.004509,
4,1,4,0.307916,0,0.221825,0,0,0,0.351715,0.718346,0.960451,0,0,0,2.56025,0.256563,0,0,0,0,0,0,0.0259366,0,0,0.2825,0,0,0,0,0,0,0,0,0,0,0,22.9469,311.54,0,8.40095e-005,0.004509,
4,1,5,0.307304,0,0.221825,0,0,0,0.519197,0.732318,1.08051,0,0,0,2.86115,0.256054,0,0,0,0,0,0,0.0291787,0,0,0.285233,0,0,0,0,0,0,0,0,0,0,0,22.966,311.54,0,8.40795e-005,0.004509,
4,1,6,0.309264,0,0.221825,0,0,0,0.703426,0.753275,1.26059,0,0,0,3.24839,0.257687,0,0,0,0.238906,0,0,0.0340418,0,0,0.530635,0,0,0,0,0,0,0,0,0,0,0,23.0108,311.54,0,8.46992e-005,0.004509,
4,1,7,0.133496,0,0.221825,0,0,0,0.686679,0.760261,1.32062,0,0,0,3.12288,0.111232,0,0,0,0.372282,0,0,0.0356628,0,0,0.519177,0,0,0,0,0,0,0,0,0,0,0,22.9563,311.54,0,8.37781e-005,0.004509,
4,1,8,0.00445791,0,0.221825,0,0,0,0.56944,0.735811,1.11052,0,0,0,2.64206,0.00371445,0,0,0,0.331795,0,0,0.0299892,0,0,0.365499,0,0,0,0,0,0,0,0,0,0,0,20.0119,311.54,0,2.64551e-005,0.004509,
4,1,9,0,0,0.221825,0,0,0,0.4857,0.718346,0.960451,0,0,0,2.38632,0,0,0,0,0.298171,0,0,0.0259366,0,0,0.324108,0,0,0,0,0,0,0,0,0,0,0,17.1441,311.54,0,1.30232e-006,0.004509,
4,1,10,0,0,0.221825,0,0,0,0.452204,0.721839,0.990466,0,0,0,2.38633,0,0,0,0,0.0204139,0,0,0.0267471,0,0,0.047161,0,0,0,0,0,0,0,0,0,0,0,16.7348,311.54,0,0,0.004509,
4,1,11,0,0,0.221825,0,0,0,0.418708,0.721839,0.990466,0,0,0,2.35284,0,0,0,0,0.120041,0,0,0.0267471,0,0,0.146788,0,0,0,0,0,0,0,0,0,0,0,16.7016,311.54,0,0,0.004509,
4,1,12,0,0,0.221825,0,0,0,0.351715,0.718346,0.960451,0,0,0,2.25234,0,0,0,0,0.0733567,0,0,0.0259366,0,0,0.0992933,0,0,0,0,0,0,0,0,0,0,0,17.021,311.54,0,0,0.004509,
4,1,13,0,0,0.221825,0,0,0,0.351715,0.721839,0.990466,0,0,0,2.28584,0,0,0,0,0.0369835,0,0,0.0267471,0,0,0.0637306,0,0,0,0,0,0,0,0,0,0,0,16.8221,311.54,0,0,0.004509,
4,1,14,0,0,0.221825,0,0,0,0.351715,0.728825,1.0505,0,0,0,2.35286,0,0,0,0,0.363454,0,0,0.0283681,0,0,0.391822,0,0,0,0,0,0,0,0,0,0,0,16.746,311.54,0,0,0.004509,
4,1,15,0,0,0.221825,0,0,0,0.435454,0.735811,1.11052,0,0,0,2.50361,0,0,0,0,0.196745,0,0,0.0299892,0,0,0.226734,0,0,0,0,0,0,0,0,0,0,0,16.7653,311.54,0,0,0.004509,
4,1,16,0,0,0.221825,0,0,0,0.519197,0.760261,1.32062,0,0,0,2.8219,0,0,0,0,0.0812731,0,0,0.0356628,0,0,0.116936,0,0,0,0,0,0,0,0,0,0,0,17.0129,311.54,0,0,0.004509,
4,1,17,0,0,0.221825,0,0,0,0.736923,0.791698,1.59075,0,0,0,3.3412,0,0,0,0,0.0788355,0,0,0.0429574,0,0,0.121793,0,0,0,0,0,0,0,0,0,0,0,18.5294,311.54,0,1.94365e-005,0.004509,
4,1,18,0,0,0.221825,0,0,0,1.40685,0.809163,1.74082,0,0,0,4.17866,0,0,0,0,0.234838,0,0,0.04701,0,0,0.281848,0,0,0,0,0,0,0,0,0,0,0,23.3145,311.54,0,8.94773e-005,0.004509,
4,1,19,0,0,0.221825,0,0,0,1.9763,0.816149,1.80085,0,0,0,4.81512,0,0,0,0,0.107562,0,0,0.0486311,0,0,0.156193,0,0,0,0,0,0,0,0,0,0,0,23.8515,311.54,0,0.000106777,0.004509,
4,1,20,0,0,0.221825,0,0,0,1.89255,0.823135,1.86088,0.382647,0,0,5.18104,0,0,0,0,0.167506,0,0,0.0502522,0,0,0.217758,0,0,0,0,0,0,0,0,0,0,0,23.737,311.54,0,0.000105157,0.004509,
4,1,21,0,0,0.221825,0,0,0,1.60783,0.816149,1.80085,0.382647,0,0,4.8293,0,0,0,0,0.1384,0,0,0.0486311,0,0,0.187031,0,0,0,0,0,0,0,0,0,0,0,23.5565,311.54,0,0.000100877,0.004509,
4,1,22,0,0,0.221825,0,0,0,1.05514,0.788205,1.56074,0.382647,0,0,4.00855,0,0,0,0,0.24829,0,0,0.042147,0,0,0.290437,0,0,0,0,0,0,0,0,0,0,0,23.1721,311.54,0,9.1582e-005,0.004509,
4,1,23,0,0,0.221825,0,0,0,0.636433,0.763754,1.35064,0.382647,0,0,3.3553,0,0,0,0,0.0357491,0,0,0.0364733,0,0,0.0722224,0,0,0,0,0,0,0,0,0,0,0,23.0293,311.54,0,8.60704e-005,0.004509,
4,1,24,0,0,0.221825,0,0,0,0.385211,0.735811,1.11052,0,0,0,2.45337,0,0,0,0,0,0,0,0.0299892,0,0,0.0299892,0,0,0,0,0,0,0,0,0,0,0,22.9945,311.54,0,8.49594e-005,0.004509,
4,2,1,0,0,0.221825,0,0,0,0.318218,0.728825,1.0505,0,0,0,2.31936,0,0,0,0,0,0,0,0.0283681,0,0,0.0283681,0,0,0,0,0,0,0,0,0,0,0,22.2795,311.54,0,6.69197e-005,0.004509,
4,2,2,0,0,0.221825,0,0,0,0.251224,0.725332,1.02048,0,0,0,2.21886,0,0,0,0,0.00175463,0,0,0.0275576,0,0,0.0293122,0,0,0,0,0,0,0,0,0,0,0,22.2726,311.54,0,6.69122e-005,0.004509,
4,2,3,0,0,0.221825,0,0,0,0.28472,0.725332,1.02048,0,0,0,2.25236,0,0,0,0,0,0,0,0.0275576,0,0,0.0275576,0,0,0,0,0,0,0,0,0,0,0,22.268,311.54,0,6.65673e-005,0.004509,
4,2,4,0,0,0.221825,0,0,0,0.351715,0.718346,0.960451,0,0,0,2.25234,0,0,0,0,0.00749096,0,0,0.0259366,0,0,0.0334276,0,0,0,0,0,0,0,0,0,0,0,22.2676,311.54,0,6.66851e-005,0.004509,
4,2,5,0,0,0.221825,0,0,0,0.519197,0.732318,1.08051,0,0,0,2.55385,0,0,0,0,0.0908665,0,0,0.0291787,0,0,0.120045,0,0,0,0,0,0,0,0,0,0,0,22.288,311.54,0,6.70743e-005,0.004509,
4,2,6,0,0,0.221825,0,0,0,0.703426,0.753275,1.26059,0,0,0,2.93912,0,0,0,0,0.0296,0,0,0.0340418,0,0,0.0636418,0,0,0,0,0,0,0,0,0,0,0,22.2967,311.54,0,6.72697e-005,0.004509,
4,2,7,0,0,0.221825,0,0,0,0.686679,0.760261,1.32062,0,0,0,2.98939,0,0,0,0,0.298524,0,0,0.0356628,0,0,0.334187,0,0,0,0,0,0,0,0,0,0,0,22.2139,311.54,0,6.53475e-005,0.004509,
4,2,8,0,0,0.221825,0,0,0,0.56944,0.735811,1.11052,0,0,0,2.6376,0,0,0,0,0.765175,0,0,0.0299892,0,0,0.795164,0,0,0,0,0,0,0,0,0,0,0,19.1077,311.54,0,1.58275e-005,0.004509,
4,2,9,0,0,0.221825,0,0,0,0.4857,0.718346,0.960451,0,0,0,2.38632,0,0,0,0,0.265829,0,0,0.0259366,0,0,0.291766,0,0,0,0,0,0,0,0,0,0,0,16.9996,311.54,0,0,0.004509,
4,2,10,0,0,0.221825,0,0,0,0.452204,0.721839,0.990466,0,0,0,2.38633,0,0,0,0,0.18309,0,0,0.0267471,0,0,0.209837,0,0,0,0,0,0,0,0,0,0,0,16.5902,311.54,0,0,0.004509,
4,2,11,0,0,0.221825,0,0,0,0.418708,0.721839,0.990466,0,0,0,2.35284,0,0,0,0,0.128446,0,0,0.0267471,0,0,0.155193,0,0,0,0,0,0,0,0,0,0,0,16.5634,311.54,0,0,0.004509,
4,2,12,0,0,0.221825,0,0,0,0.351715,0.718346,0.960451,0,0,0,2.25234,0,0,0,0,0.0208901,0,0,0.0259366,0,0,0.0468267,0,0,0,0,0,0,0,0,0,0,0,16.607,311.54,0,0,0.004509,
4,2,13,0,0,0.221825,0,0,0,0.351715,0.721839,0.990466,0,0,0,2.28584,0,0,0,0,0.0981536,0,0,0.0267471,0,0,0.124901,0,0,0,0,0,0,0,0,0,0,0,16.5894,311.54,0,0,0.004509,
4,2,14,0,0,0.221825,0,0,0,0.351715,0.728825,1.0505,0,0,0,2.35286,0,0,0,0,0.0909417,0,0,0.0283681,0,0,0.11931,0,0,0,0,0,0,0,0,0,0,0,16.6331,311.54,0,0,0.004509,
4,2,15,0,0,0.221825,0,0,0,0.435454,0.735811,1.11052,0,0,0,2.50361,0,0,0,0,0.154195,0,0,0.0299892,0,0,0.184184,0,0,0,0,0,0,0,0,0,0,0,16.6596,311.54,0,0,0.004509,
4,2,16,0,0,0.221825,0,0,0,0.519197,0.760261,1.32062,0,0,0,2.8219,0,0,0,0,0.150153,0,0,0.0356628,0,0,0.185816,0,0,0,0,0,0,0,0,0,0,0,16.6868,311.54,0,0,0.004509,
4,2,17,0,0,0.221825,0,0,0,0.736923,0.791698,1.59075,0,0,0,3.3412,0,0,0,0,0.0952991,0,0,0.0429574,0,0,0.138257,0,0,0,0,0,0,0,0,0,0,0,17.6774,311.54,0,1.3921e-006,0.004509,
4,2,18,0,0,0.221825,0,0,0,1.40685,0.809163,1.74082,0,0,0,4.17866,0,0,0,0,0.277257,0,0,0.04701,0,0,0.324267,0,0,0,0,0,0,0,0,0,0,0,21.8695,311.54,0,6.30878e-005,0.004509,
4,2,19,0,0,0.221825,0,0,0,1.9763,0.816149,1.80085,0,0,0,4.81512,0,0,0,0,0.164513,0,0,0.0486311,0,0,0.213144,0,0,0,0,0,0,0,0,0,0,0,21.9229,311.54,0,6.57105e-005,0.004509,
4,2,20,0,0,0.221825,0,0,0,1.89255,0.823135,1.86088,0.382647,0,0,5.18104,0,0,0,0,0.155621,0,0,0.0502522,0,0,0.205873,0,0,0,0,0,0,0,0,0,0,0,21.8994,311.54,0,6.54776e-005,0.004509,
4,2,21,0,0,0.221825,0,0,0,1.60783,0.816149,1.80085,0.382647,0,0,4.8293,0,0,0,0,0.0678032,0,0,0.0486311,0,0,0.116434,0,0,0,0,0,0,0,0,0,0,0,21.8821,311.54,0,6.52582e-005,0.004509,
4,2,22,0,0,0.221825,0,0,0,1.05514,0.788205,1.56074,0.382647,0,0,4.00855,0,0,0,0,0.0158602,0,0,0.042147,0,0,0.0580072,0,0,0,0,0,0,0,0,0,0,0,21.8374,311.54,0,6.29323e-005,0.004509,
4,2,23,0,0,0.221825,0,0,0,0.636433,0.763754,1.35064,0.382647,0,0,3.3553,0,0,0,0,0.0343344,0,0,0.0364733,0,0,0.0708077,0,0,0,0,0,0,0,0,0,0,0,21.8112,311.54,0,6.17488e-005,0.004509,
4,2,24,0,0,0.221825,0,0,0,0.385211,0.735811,1.11052,0,0,0,2.45337,0,0,0,0,0.0185334,0,0,0.0299892,0,0,0.0485226,0,0,0,0,0,0,0,0,0,0,0,21.795,311.54,0,6.08634e-005,0.004509,
4,3,1,0,0,0.221825,0,0,0,0.318218,0.728825,1.0505,0,0,0,2.31936,0,0,0,0,0.000855073,0,0,0.0283681,0,0,0.0292232,0,0,0,0,0,0,0,0,0,0,0,22.1527,311.54,0,7.27531e-005,0.004509,
4,3,2,0,0,0.221825,0,0,0,0.251224,0.725332,1.02048,0,0,0,2.21886,0,0,0,0,0.00190627,0,0,0.0275576,0,0,0.0294639,0,0,0,0,0,0,0,0,0,0,0,22.0895,311.54,0,7.18879e-005,0.004509,
4,3,3,0,0,0.221825,0,0,0,0.28472,0.725332,1.02048,0,0,0,2.25236,0,0,0,0,0.00132417,0,0,0.0275576,0,0,0.0288818,0,0,0,0,0,0,0,0,0,0,0,22.0606,311.54,0,7.17986e-005,0.004509,
4,3,4,0,0,0.221825,0,0,0,0.351715,0.718346,0.960451,0,0,0,2.25234,0,0,0,0,0.00113536,0,0,0.0259366,0,0,0.027072,0,0,0,0,0,0,0,0,0,0,0,22.0607,311.54,0,7.18889e-005,0.004509,
4,3,5,0,0,0.221825,0,0,0,0.519197,0.732318,1.08051,0,0,0,2.55385,0,0,0,0,0.000681727,0,0,0.0291787,0,0,0.0298604,0,0,0,0,0,0,0,0,0,0,0,22.1566,311.54,0,7.27327e-005,0.004509,
4,3,6,0,0,0.221825,0,0,0,0.703426,0.753275,1.26059,0,0,0,2.93912,0,0,0,0,0.0248325,0,0,0.0340418,0,0,0.0588743,0,0,0,0,0,0,0,0,0,0,0,22.1844,311.54,0,7.41963e-005,0.004509,
4,3,7,0,0,0.221825,0,0,0,0.686679,0.760261,1.32062,0,0,0,2.98939,0,0,0,0,0.0732729,0,0,0.0356628,0,0,0.108936,0,0,0,0,0,0,0,0,0,0,0,21.7799,311.54,0,7.16422e-005,0.004509,
4,3,8,0,0,0.221825,0,0,0,0.56944,0.735811,1.11052,0,0,0,2.6376,0,0,0,0,0.276975,0,0,0.0299892,0,0,0.306964,0,0,0,0,0,0,0,0,0,0,0,17.8078,311.54,0,0,0.004509,
4,3,9,0,0,0.221825,0,0,0,0.4857,0.718346,0.960451,0,0,0,2.38632,0,0,0,0,0.330836,0,0,0.0259366,0,0,0.356773,0,0,0,0,0,0,0,0,0,0,0,16.3659,311.54,0,0,0.004509,
4,3,10,0,0,0.221825,0,0,0,0.452204,0.721839,0.990466,0,0,0,2.38633,0,0,0,0,0.0575858,0,0,0.0267471,0,0,0.0843329,0,0,0,0,0,0,0,0,0,0,0,16.2468,311.54,0,0,0.004509,
4,3,11,0,0,0.221825,0,0,0,0.418708,0.721839,0.990466,0,0,0,2.35284,0,0,0,0,0.0103254,0,0,0.0267471,0,0,0.0370725,0,0,0,0,0,0,0,0,0,0,0,16.1016,311.54,0,0,0.004509,
4,3,12,0,0,0.221825,0,0,0,0.351715,0.718346,0.960451,0,0,0,2.25234,0,0,0,0,0.0289528,0,0,0.0259366,0,0,0.0548894,0,0,0,0,0,0,0,0,0,0,0,16.1329,311.54,0,0,0.004509,
4,3,13,0,0,0.221825,0,0,0,0.351715,0.721839,0.990466,0,0,0,2.28584,0,0,0,0,0.0175366,0,0,0.0267471,0,0,0.0442837,0,0,0,0,0,0,0,0,0,0,0,16.1698,311.54,0,0,0.004509,
4,3,14,0,0,0.221825,0,0,0,0.351715,0.728825,1.0505,0,0,0,2.35286,0,0,0,0,0.80611,0,0,0.0283681,0,0,0.834478,0,0,0,0,0,0,0,0,0,0,0,16.2983,311.54,0,0,0.004509,
4,3,15,0,0,0.221825,0,0,0,0.435454,0.735811,1.11052,0,0,0,2.50361,0,0,0,0,0.10727,0,0,0.0299892,0,0,0.137259,0,0,0,0,0,0,0,0,0,0,0,16.2928,311.54,0,0,0.004509,
4,3,16,0,0,0.221825,0,0,0,0.519197,0.760261,1.32062,0,0,0,2.8219,0,0,0,0,0.168144,0,0,0.0356628,0,0,0.203807,0,0,0,0,0,0,0,0,0,0,0,16.2662,311.54,0,0,0.004509,
4,3,17,0,0,0.221825,0,0,0,0.736923,0.791698,1.59075,0,0,0,3.3412,0,0,0,0,0.125348,0,0,0.0429574,0,0,0.168305,0,0,0,0,0,0,0,0,0,0,0,16.426,311.54,0,0,0.004509,
4,3,18,0,0,0.221825,0,0,0,1.40685,0.809163,1.74082,0,0,0,4.17866,0,0,0,0,0.0831363,0,0,0.04701,0,0,0.130146,0,0,0,0,0,0,0,0,0,0,0,21.559,311.54,0,6.45464e-005,0.004509,
4,3,19,0,0,0.221825,0,0,0,1.9763,0.816149,1.80085,0,0,0,4.81512,0,0,0,0,0.152236,0,0,0.0486311,0,0,0.200867,0,0,0,0,0,0,0,0,0,0,0,22.3382,311.54,0,7.71163e-005,0.004509,
4,3,20,0,0,0.221825,0,0,0,1.89255,0.823135,1.86088,0.382647,0,0,5.18104,0,0,0,0,0.0112193,0,0,0.0502522,0,0,0.0614715,0,0,0,0,0,0,0,0,0,0,0,22.3142,311.54,0,7.66266e-005,0.004509,
4,3,21,0,0,0.221825,0,0,0,1.60783,0.816149,1.80085,0.382647,0,0,4.8293,0,0,0,0,0.193645,0,0,0.0486311,0,0,0.242276,0,0,0,0,0,0,0,0,0,0,0,22.3151,311.54,0,7.66868e-005,0.004509,
4,3,22,0,0,0.221825,0,0,0,1.05514,0.788205,1.56074,0.382647,0,0,4.00855,0,0,0,0,0.0285597,0,0,0.042147,0,0,0.0707067,0,0,0,0,0,0,0,0,0,0,0,22.2886,311.54,0,7.598e-005,0.004509,
4,3,23,0,0,0.221825,0,0,0,0.636433,0.763754,1.35064,0.382647,0,0,3.3553,0,0,0,0,0.00930742,0,0,0.0364733,0,0,0.0457807,0,0,0,0,0,0,0,0,0,0,0,22.2783,311.54,0,7.53181e-005,0.004509,
4,3,24,0,0,0.221825,0,0,0,0.385211,0.735811,1.11052,0,0,0,2.45337,0,0,0,0,0.00337178,0,0,0.0299892,0,0,0.033361,0,0,0,0,0,0,0,0,0,0,0,22.249,311.54,0,7.51704e-005,0.004509,
4,4,1,0,0,0.221825,0,0,0,0.318218,0.728825,1.0505,0,0,0,2.31936,0,0,0,0,0,0,0,0.0283681,0,0,0.0283681,0,0,0,0,0,0,0,0,0,0,0,23.7697,311.54,0,0.000107793,0.004509,
4,4,2,0,0,0.221825,0,0,0,0.251224,0.725332,1.02048,0,0,0,2.21886,0,0,0,0,0.0138178,0,0,0.0275576,0,0,0.0413754,0,0,0,0,0,0,0,0,0,0,0,23.7703,311.54,0,0.000107671,0.004509,
4,4,3,0.049357,0,0.221825,0,0,0,0.28472,0.725332,1.02048,0,0,0,2.30171,0.0411254,0,0,0,0,0,0,0.0275576,0,0,0.068683,0,0,0,0,0,0,0,0,0,0,0,23.7731,311.54,0,0.000107731,0.004509,
4,4,4,0.130225,0,0.221825,0,0,0,0.351715,0.718346,0.960451,0,0,0,2.38256,0.108506,0,0,0,0,0,0,0.0259366,0,0,0.134443,0,0,0,0,0,0,0,0,0,0,0,23.7744,311.54,0,0.000107813,0.004509,
4,4,5,0.163356,0,0.221825,0,0,0,0.519197,0.732318,1.08051,0,0,0,2.71721,0.136112,0,0,0,0.00434403,0,0,0.0291787,0,0,0.169635,0,0,0,0,0,0,0,0,0,0,0,23.7763,311.54,0,0.00010866,0.004509,
4,4,6,0.156056,0,0.221825,0,0,0,0.703426,0.753275,1.26059,0,0,0,3.09518,0.13003,0,0,0,0.181633,0,0,0.0340418,0,0,0.345705,0,0,0,0,0,0,0,0,0,0,0,23.8061,311.54,0,0.000109224,0.004509,
4,4,7,0.0953977,0,0.221825,0,0,0,0.686679,0.760261,1.32062,0,0,0,3.08478,0.0794878,0,0,0,0.291445,0,0,0.0356628,0,0,0.406596,0,0,0,0,0,0,0,0,0,0,0,23.742,311.54,0,0.000108471,0.004509,
4,4,8,0.0408775,0,0.221825,0,0,0,0.56944,0.735811,1.11052,0,0,0,2.67848,0.0340601,0,0,0,0.30792,0,0,0.0299892,0,0,0.371969,0,0,0,0,0,0,0,0,0,0,0,18.9142,311.54,0,1.03177e-005,0.004509,
4,4,9,0.00237584,0,0.221825,0,0,0,0.4857,0.718346,0.960451,0,0,0,2.3887,0.0019796,0,0,0,0.417388,0,0,0.0259366,0,0,0.445304,0,0,0,0,0,0,0,0,0,0,0,16.8904,311.54,0,0,0.004509,
4,4,10,0,0,0.221825,0,0,0,0.452204,0.721839,0.990466,0,0,0,2.38633,0,0,0,0,0.675723,0,0,0.0267471,0,0,0.70247,0,0,0,0,0,0,0,0,0,0,0,16.702,311.54,0,0,0.004509,
4,4,11,0,0,0.221825,0,0,0,0.418708,0.721839,0.990466,0,0,0,2.35284,0,0,0,0,0.559334,0,0,0.0267471,0,0,0.586081,0,0,0,0,0,0,0,0,0,0,0,17.097,311.54,0,0,0.004509,
4,4,12,0,0,0.221825,0,0,0,0.351715,0.718346,0.960451,0,0,0,2.25234,0,0,0,0,0.178883,0,0,0.0259366,0,0,0.20482,0,0,0,0,0,0,0,0,0,0,0,16.9626,311.54,0,0,0.004509,
4,4,13,0,0,0.221825,0,0,0,0.351715,0.721839,0.990466,0,0,0,2.28584,0,0,0,0,0.401194,0,0,0.0267471,0,0,0.427941,0,0,0,0,0,0,0,0,0,0,0,17.2507,311.54,0,0,0.004509,
4,4,14,0,0,0.221825,0,0,0,0.351715,0.728825,1.0505,0,0,0,2.35286,0,0,0,0,0.0323566,0,0,0.0283681,0,0,0.0607247,0,0,0,0,0,0,0,0,0,0,0,17.2488,311.54,0,0,0.004509,
4,4,15,0,0,0.221825,0,0,0,0.435454,0.735811,1.11052,0,0,0,2.50361,0,0,0,0,0.0127418,0,0,0.0299892,0,0,0.042731,0,0,0,0,0,0,0,0,0,0,0,16.9276,311.54,0,0,0.004509,
4,4,16,0,0,0.221825,0,0,0,0.519197,0.760261,1.32062,0,0,0,2.8219,0,0,0,0,0.206805,0,0,0.0356628,0,0,0.242468,0,0,0,0,0,0,0,0,0,0,0,16.9619,311.54,0,0,0.004509,
4,4,17,0,0,0.221825,0,0,0,0.736923,0.791698,1.59075,0,0,0,3.3412,0,0,0,0,0.533918,0,0,0.0429574,0,0,0.576875,0,0,0,0,0,0,0,0,0,0,0,17.7459,311.54,0,2.22209e-006,0.004509,
4,4,18,0,0,0.221825,0,0,0,1.40685,0.809163,1.74082,0,0,0,4.17866,0,0,0,0,0.163323,0,0,0.04701,0,0,0.210333,0,0,0,0,0,0,0,0,0,0,0,23.1722,311.54,0,9.06946e-005,0.004509,
4,4,19,0,0,0.221825,0,0,0,1.9763,0.816149,1.80085,0,0,0,4.81512,0,0,0,0,0.117966,0,0,0.0486311,0,0,0.166597,0,0,0,0,0,0,0,0,0,0,0,24.3545,311.54,0,0.000122271,0.004509,
4,4,20,0,0,0.221825,0,0,0,1.89255,0.823135,1.86088,0.382647,0,0,5.18104,0,0,0,0,0.160956,0,0,0.0502522,0,0,0.211208,0,0,0,0,0,0,0,0,0,0,0,24.3438,311.54,0,0.000122183,0.004509,
4,4,21,0,0,0.221825,0,0,0,1.60783,0.816149,1.80085,0.382647,0,0,4.8293,0,0,0,0,0.11115,0,0,0.0486311,0,0,0.159781,0,0,0,0,0,0,0,0,0,0,0,24.3474,311.54,0,0.000122362,0.004509,
4,4,22,0,0,0.221825,0,0,0,1.05514,0.788205,1.56074,0.382647,0,0,4.00855,0,0,0,0,0.0318206,0,0,0.042147,0,0,0.0739676,0,0,0,0,0,0,0,0,0,0,0,24.1737,311.54,0,0.000118242,0.004509,
4,4,23,0,0,0.221825,0,0,0,0.636433,0.763754,1.35064,0.382647,0,0,3.3553,0,0,0,0,0.00371846,0,0,0.0364733,0,0,0.0401918,0,0,0,0,0,0,0,0,0,0,0,23.9783,311.54,0,0.000112757,0.004509,
4,4,24,0,0,0.221825,0,0,0,0.385211,0.735811,1.11052,0,0,0,2.45337,0,0,0,0,0.0101083,0,0,0.0299892,0,0,0.0400975,0,0,0,0,0,0,0,0,0,0,0,23.969,311.54,0,0.000112568,0.004509,
4,5,1,0,0,0.221825,0,0,0,0.318218,0.728825,1.0505,0,0,0,2.31936,0,0,0,0,0.00207263,0,0,0.0283681,0,0,0.0304407,0,0,0,0,0,0,0,0,0,0,0,23.0124,311.54,0,8.84769e-005,0.004509,
4,5,2,0,0,0.221825,0,0,0,0.251224,0.725332,1.02048,0,0,0,2.21886,0,0,0,0,0.0461098,0,0,0.0275576,0,0,0.0736674,0,0,0,0,0,0,0,0,0,0,0,23.0095,311.54,0,8.81709e-005,0.004509,
4,5,3,0,0,0.221825,0,0,0,0.28472,0.725332,1.02048,0,0,0,2.25236,0,0,0,0,0.0279708,0,0,0.0275576,0,0,0.0555284,0,0,0,0,0,0,0,0,0,0,0,23.0032,311.54,0,8.8196e-005,0.004509,
4,5,4,0.0627843,0,0.221825,0,0,0,0.351715,0.718346,0.960451,0,0,0,2.31512,0.0523134,0,0,0,0.00178809,0,0,0.0259366,0,0,0.0800381,0,0,0,0,0,0,0,0,0,0,0,23.0134,311.54,0,8.83244e-005,0.004509,
4,5,5,0.116003,0,0.221825,0,0,0,0.519197,0.732318,1.08051,0,0,0,2.66985,0.0966566,0,0,0,0.00167561,0,0,0.0291787,0,0,0.127511,0,0,0,0,0,0,0,0,0,0,0,23.0234,311.54,0,8.8703e-005,0.004509,
4,5,6,0.122919,0,0.221825,0,0,0,0.703426,0.753275,1.26059,0,0,0,3.06204,0.102419,0,0,0,0.00198989,0,0,0.0340418,0,0,0.138451,0,0,0,0,0,0,0,0,0,0,0,23.0422,311.54,0,8.89357e-005,0.004509,
4,5,7,0.0565152,0,0.221825,0,0,0,0.686679,0.760261,1.32062,0,0,0,3.0459,0.0470899,0,0,0,0.00976973,0,0,0.0356628,0,0,0.0925224,0,0,0,0,0,0,0,0,0,0,0,22.9072,311.54,0,8.82411e-005,0.004509,
4,5,8,0.00370217,0,0.221825,0,0,0,0.56944,0.735811,1.11052,0,0,0,2.6413,0.00308475,0,0,0,0.255985,0,0,0.0299892,0,0,0.289059,0,0,0,0,0,0,0,0,0,0,0,19.1124,311.54,0,1.69002e-005,0.004509,
4,5,9,0,0,0.221825,0,0,0,0.4857,0.718346,0.960451,0,0,0,2.38632,0,0,0,0,0.571878,0,0,0.0259366,0,0,0.597815,0,0,0,0,0,0,0,0,0,0,0,16.6896,311.54,0,0,0.004509,
4,5,10,0,0,0.221825,0,0,0,0.452204,0.721839,0.990466,0,0,0,2.38633,0,0,0,0,0.236154,0,0,0.0267471,0,0,0.262901,0,0,0,0,0,0,0,0,0,0,0,16.636,311.54,0,0,0.004509,
4,5,11,0,0,0.221825,0,0,0,0.418708,0.721839,0.990466,0,0,0,2.35284,0,0,0,0,0.431455,0,0,0.0267471,0,0,0.458202,0,0,0,0,0,0,0,0,0,0,0,16.6606,311.54,0,0,0.004509,
4,5,12,0,0,0.221825,0,0,0,0.351715,0.718346,0.960451,0,0,0,2.25234,0,0,0,0,0.0930429,0,0,0.0259366,0,0,0.11898,0,0,0,0,0,0,0,0,0,0,0,16.9377,311.54,0,0,0.004509,
4,5,13,0,0,0.221825,0,0,0,0.351715,0.721839,0.990466,0,0,0,2.28584,0,0,0,0,0.0870781,0,0,0.0267471,0,0,0.113825,0,0,0,0,0,0,0,0,0,0,0,16.9915,311.54,0,0,0.004509,
4,5,14,0,0,0.221825,0,0,0,0.351715,0.728825,1.0505,0,0,0,2.35286,0,0,0,0,0.182942,0,0,0.0283681,0,0,0.21131,0,0,0,0,0,0,0,0,0,0,0,16.7223,311.54,0,0,0.004509,
4,5,15,0,0,0.221825,0,0,0,0.435454,0.735811,1.11052,0,0,0,2.50361,0,0,0,0,0.132832,0,0,0.0299892,0,0,0.162821,0,0,0,0,0,0,0,0,0,0,0,16.7493,311.54,0,0,0.004509,
4,5,16,0,0,0.221825,0,0,0,0.519197,0.760261,1.32062,0,0,0,2.8219,0,0,0,0,0.193008,0,0,0.0356628,0,0,0.228671,0,0,0,0,0,0,0,0,0,0,0,16.7701,311.54,0,0,0.004509,
4,5,17,0,0,0.221825,0,0,0,0.736923,0.791698,1.59075,0,0,0,3.3412,0,0,0,0,0.22831,0,0,0.0429574,0,0,0.271267,0,0,0,0,0,0,0,0,0,0,0,17.4719,311.54,0,4.33115e-006,0.004509,
4,5,18,0,0,0.221825,0,0,0,1.40685,0.809163,1.74082,0,0,0,4.17866,0,0,0,0,0.382889,0,0,0.04701,0,0,0.429899,0,0,0,0,0,0,0,0,0,0,0,22.828,311.54,0,8.50029e-005,0.004509,
4,5,19,0,0,0.221825,0,0,0,1.9763,0.816149,1.80085,0,0,0,4.81512,0,0,0,0,0.262651,0,0,0.0486311,0,0,0.311282,0,0,0,0,0,0,0,0,0,0,0,23.0283,311.54,0,8.86136e-005,0.004509,
4,5,20,0,0,0.221825,0,0,0,1.89255,0.823135,1.86088,0.382647,0,0,5.18104,0,0,0,0,0.120698,0,0,0.0502522,0,0,0.17095,0,0,0,0,0,0,0,0,0,0,0,23.0257,311.54,0,8.82157e-005,0.004509,
4,5,21,0,0,0.221825,0,0,0,1.60783,0.816149,1.80085,0.382647,0,0,4.8293,0,0,0,0,0.196013,0,0,0.0486311,0,0,0.244644,0,0,0,0,0,0,0,0,0,0,0,22.9782,311.54,0,8.81126e-005,0.004509,
4,5,22,0,0,0.221825,0,0,0,1.05514,0.788205,1.56074,0.382647,0,0,4.00855,0,0,0,0,0.019412,0,0,0.042147,0,0,0.061559,0,0,0,0,0,0,0,0,0,0,0,22.9443,311.54,0,8.81548e-005,0.004509,
4,5,23,0,0,0.221825,0,0,0,0.636433,0.763754,1.35064,0.382647,0,0,3.3553,0,0,0,0,0.102955,0,0,0.0364733,0,0,0.139428,0,0,0,0,0,0,0,0,0,0,0,22.9366,311.54,0,8.74738e-005,0.004509,
4,5,24,0,0,0.221825,0,0,0,0.385211,0.735811,1.11052,0,0,0,2.45337,0,0,0,0,0.0609222,0,0,0.0299892,0,0,0.0909114,0,0,0,0,0,0,0,0,0,0,0,22.9191,311.54,0,8.72185e-005,0.004509,
4,6,1,0,0,0.221825,0,0,0,0.318218,0.728825,1.0505,0,0,0,2.31936,0,0,0,0,0.000515652,0,0,0.0283681,0,0,0.0288838,0,0,0,0,0,0,0,0,0,0,0,23.9346,311.54,0,0.000112416,0.004509,
4,6,2,0,0,0.221825,0,0,0,0.251224,0.725332,1.02048,0,0,0,2.21886,0,0,0,0,0,0,0,0.0275576,0,0,0.0275576,0,0,0,0,0,0,0,0,0,0,0,23.897,311.54,0,0.000112449,0.004509,
4,6,3,0,0,0.221825,0,0,0,0.28472,0.725332,1.02048,0,0,0,2.25236,0,0,0,0,0,0,0,0.0275576,0,0,0.0275576,0,0,0,0,0,0,0,0,0,0,0,23.8811,311.54,0,0.00011198,0.004509,
4,6,4,0,0,0.221825,0,0,0,0.351715,0.718346,0.960451,0,0,0,2.25234,0,0,0,0,0,0,0,0.0259366,0,0,0.0259366,0,0,0,0,0,0,0,0,0,0,0,23.8848,311.54,0,0.000112101,0.004509,
4,6,5,0,0,0.221825,0,0,0,0.519197,0.732318,1.08051,0,0,0,2.55385,0,0,0,0,0.0182158,0,0,0.0291787,0,0,0.0473945,0,0,0,0,0,0,0,0,0,0,0,23.9191,311.54,0,0.000112558,0.004509,
4,6,6,0,0,0.221825,0,0,0,0.703426,0.753275,1.26059,0,0,0,2.93912,0,0,0,0,0.277609,0,0,0.0340418,0,0,0.311651,0,0,0,0,0,0,0,0,0,0,0,23.9534,311.54,0,0.000112724,0.004509,
4,6,7,0,0,0.221825,0,0,0,0.686679,0.760261,1.32062,0,0,0,2.98939,0,0,0,0,0.437572,0,0,0.0356628,0,0,0.473235,0,0,0,0,0,0,0,0,0,0,0,23.9091,311.54,0,0.000111788,0.004509,
4,6,8,0,0,0.221825,0,0,0,0.56944,0.735811,1.11052,0,0,0,2.6376,0,0,0,0,0.230021,0,0,0.0299892,0,0,0.26001,0,0,0,0,0,0,0,0,0,0,0,20.7673,311.54,0,3.4133e-005,0.004509,
4,6,9,0,0,0.221825,0,0,0,0.4857,0.718346,0.960451,0,0,0,2.38632,0,0,0,0,0.134834,0,0,0.0259366,0,0,0.160771,0,0,0,0,0,0,0,0,0,0,0,18.0932,311.54,0,7.5337e-006,0.004509,
4,6,10,0,0,0.221825,0,0,0,0.452204,0.721839,0.990466,0,0,0,2.38633,0,0,0,0,0.0174083,0,0,0.0267471,0,0,0.0441554,0,0,0,0,0,0,0,0,0,0,0,17.2131,311.54,0,0,0.004509,
4,6,11,0,0,0.221825,0,0,0,0.418708,0.721839,0.990466,0,0,0,2.35284,0,0,0,0,0.234773,0,0,0.0267471,0,0,0.26152,0,0,0,0,0,0,0,0,0,0,0,17.2051,311.54,0,0,0.004509,
4,6,12,0,0,0.221825,0,0,0,0.351715,0.718346,0.960451,0,0,0,2.25234,0,0,0,0,0.235064,0,0,0.0259366,0,0,0.261001,0,0,0,0,0,0,0,0,0,0,0,17.263,311.54,0,0,0.004509,
4,6,13,0,0,0.221825,0,0,0,0.351715,0.721839,0.990466,0,0,0,2.28584,0,0,0,0,0.165564,0,0,0.0267471,0,0,0.192311,0,0,0,0,0,0,0,0,0,0,0,17.4089,311.54,0,0,0.004509,
4,6,14,0,0,0.221825,0,0,0,0.351715,0.728825,1.0505,0,0,0,2.35286,0,0,0,0,0.0564122,0,0,0.0283681,0,0,0.0847803,0,0,0,0,0,0,0,0,0,0,0,17.5583,311.54,0,0,0.004509,
4,6,15,0,0,0.221825,0,0,0,0.435454,0.735811,1.11052,0,0,0,2.50361,0,0,0,0,0.0508964,0,0,0.0299892,0,0,0.0808856,0,0,0,0,0,0,0,0,0,0,0,17.3613,311.54,0,0,0.004509,
4,6,16,0,0,0.221825,0,0,0,0.519197,0.760261,1.32062,0,0,0,2.8219,0,0,0,0,0.306495,0,0,0.0356628,0,0,0.342158,0,0,0,0,0,0,0,0,0,0,0,17.3208,311.54,0,0,0.004509,
4,6,17,0,0,0.221825,0,0,0,0.736923,0.791698,1.59075,0,0,0,3.3412,0,0,0,0,0.207355,0,0,0.0429574,0,0,0.250312,0,0,0,0,0,0,0,0,0,0,0,17.7856,311.54,0,0,0.004509,
4,6,18,0,0,0.221825,0,0,0,1.40685,0.809163,1.74082,0,0,0,4.17866,0,0,0,0,0.151154,0,0,0.04701,0,0,0.198164,0,0,0,0,0,0,0,0,0,0,0,23.9567,311.54,0,0.00011257,0.004509,
4,6,19,0,0,0.221825,0,0,0,1.9763,0.816149,1.80085,0,0,0,4.81512,0,0,0,0,0.0890794,0,0,0.0486311,0,0,0.13771,0,0,0,0,0,0,0,0,0,0,0,24.0603,311.54,0,0.000119015,0.004509,
4,6,20,0,0,0.221825,0,0,0,1.89255,0.823135,1.86088,0.382647,0,0,5.18104,0,0,0,0,0.216419,0,0,0.0502522,0,0,0.266671,0,0,0,0,0,0,0,0,0,0,0,24.0427,311.54,0,0.000118385,0.004509,
4,6,21,0,0,0.221825,0,0,0,1.60783,0.816149,1.80085,0.382647,0,0,4.8293,0,0,0,0,0.209492,0,0,0.0486311,0,0,0.258123,0,0,0,0,0,0,0,0,0,0,0,24.0417,311.54,0,0.000118403,0.004509,
4,6,22,0,0,0.221825,0,0,0,1.05514,0.788205,1.56074,0.382647,0,0,4.00855,0,0,0,0,0.018927,0,0,0.042147,0,0,0.061074,0,0,0,0,0,0,0,0,0,0,0,24.0217,311.54,0,0.000117122,0.004509,
4,6,23,0,0,0.221825,0,0,0,0.636433,0.763754,1.35064,0.382647,0,0,3.3553,0,0,0,0,0.04544,0,0,0.0364733,0,0,0.0819133,0,0,0,0,0,0,0,0,0,0,0,23.9711,311.54,0,0.000116004,0.004509,
4,6,24,0,0,0.221825,0,0,0,0.385211,0.735811,1.11052,0,0,0,2.45337,0,0,0,0,0.00278761,0,0,0.0299892,0,0,0.0327768,0,0,0,0,0,0,0,0,0,0,0,23.9574,311.54,0,0.000114066,0.004509,
4,7,1,0,0,0.221825,0,0,0,0.318218,0.728825,1.0505,0,0,0,2.31936,0,0,0,0,0.00145838,0,0,0.0283681,0,0,0.0298265,0,0,0,0,0,0,0,0,0,0,0,24.6785,311.54,0,0.000144345,0.004509,
4,7,2,0,0,0.221825,0,0,0,0.251224,0.725332,1.02048,0,0,0,2.21886,0,0,0,0,0.0128908,0,0,0.0275576,0,0,0.0404484,0,0,0,0,0,0,0,0,0,0,0,24.6664,311.54,0,0.000144292,0.004509,
4,7,3,0,0,0.221825,0,0,0,0.28472,0.725332,1.02048,0,0,0,2.25236,0,0,0,0,0.00607642,0,0,0.0275576,0,0,0.033634,0,0,0,0,0,0,0,0,0,0,0,24.6063,311.54,0,0.000143294,0.004509,
4,7,4,0,0,0.221825,0,0,0,0.351715,0.718346,0.960451,0,0,0,2.25234,0,0,0,0,0,0,0,0.0259366,0,0,0.0259366,0,0,0,0,0,0,0,0,0,0,0,24.6469,311.54,0,0.000144392,0.004509,
4,7,5,0,0,0.221825,0,0,0,0.519197,0.732318,1.08051,0,0,0,2.55385,0,0,0,0,0.109118,0,0,0.0291787,0,0,0.138297,0,0,0,0,0,0,0,0,0,0,0,24.6867,311.54,0,0.000144582,0.004509,
4,7,6,0,0,0.221825,0,0,0,0.703426,0.753275,1.26059,0,0,0,2.93912,0,0,0,0,0.0813303,0,0,0.0340418,0,0,0.115372,0,0,0,0,0,0,0,0,0,0,0,24.7012,311.54,0,0.000144754,0.004509,
4,7,7,0,0,0.221825,0,0,0,0.686679,0.760261,1.32062,0,0,0,2.98939,0,0,0,0,0.332481,0,0,0.0356628,0,0,0.368144,0,0,0,0,0,0,0,0,0,0,0,24.5409,311.54,0,0.000143278,0.004509,
4,7,8,0,0,0.221825,0,0,0,0.56944,0.735811,1.11052,0,0,0,2.6376,0,0,0,0,0.965141,0,0,0.0299892,0,0,0.99513,0,0,0,0,0,0,0,0,0,0,0,20.8673,311.54,0,3.60227e-005,0.004509,
4,7,9,0,0,0.221825,0,0,0,0.4857,0.718346,0.960451,0,0,0,2.38632,0,0,0,0,0.348551,0,0,0.0259366,0,0,0.374488,0,0,0,0,0,0,0,0,0,0,0,18.3566,311.54,0,4.4344e-006,0.004509,
4,7,10,0,0,0.221825,0,0,0,0.452204,0.721839,0.990466,0,0,0,2.38633,0,0,0,0,0.0312165,0,0,0.0267471,0,0,0.0579636,0,0,0,0,0,0,0,0,0,0,0,18.0574,311.54,0,1.10433e-006,0.004509,
4,7,11,0,0,0.221825,0,0,0,0.418708,0.721839,0.990466,0,0,0,2.35284,0,0,0,0,0.262804,0,0,0.0267471,0,0,0.289551,0,0,0,0,0,0,0,0,0,0,0,17.9355,311.54,0,0,0.004509,
4,7,12,0,0,0.221825,0,0,0,0.351715,0.718346,0.960451,0,0,0,2.25234,0,0,0,0,0.0588956,0,0,0.0259366,0,0,0.0848322,0,0,0,0,0,0,0,0,0,0,0,17.8888,311.54,0,0,0.004509,
4,7,13,0,0,0.221825,0,0,0,0.351715,0.721839,0.990466,0,0,0,2.28584,0,0,0,0,0.0163554,0,0,0.0267471,0,0,0.0431025,0,0,0,0,0,0,0,0,0,0,0,17.7983,311.54,0,0,0.004509,
4,7,14,0,0,0.221825,0,0,0,0.351715,0.728825,1.0505,0,0,0,2.35286,0,0,0,0,0.00667574,0,0,0.0283681,0,0,0.0350438,0,0,0,0,0,0,0,0,0,0,0,18.0313,311.54,0,0,0.004509,
4,7,15,0,0,0.221825,0,0,0,0.435454,0.735811,1.11052,0,0,0,2.50361,0,0,0,0,0.0209362,0,0,0.0299892,0,0,0.0509254,0,0,0,0,0,0,0,0,0,0,0,18.1222,311.54,0,0,0.004509,
4,7,16,0,0,0.221825,0,0,0,0.519197,0.760261,1.32062,0,0,0,2.8219,0,0,0,0,0.0341149,0,0,0.0356628,0,0,0.0697777,0,0,0,0,0,0,0,0,0,0,0,18.3692,311.54,0,0,0.004509,
4,7,17,0,0,0.221825,0,0,0,0.736923,0.791698,1.59075,0,0,0,3.3412,0,0,0,0,0.0301756,0,0,0.0429574,0,0,0.073133,0,0,0,0,0,0,0,0,0,0,0,20.2382,311.54,0,2.41319e-005,0.004509,
4,7,18,0,0,0.221825,0,0,0,1.40685,0.809163,1.74082,0,0,0,4.17866,0,0,0,0,0.478014,0,0,0.04701,0,0,0.525024,0,0,0,0,0,0,0,0,0,0,0,24.7685,311.54,0,0.000146181,0.004509,
4,7,19,0,0,0.221825,0,0,0,1.9763,0.816149,1.80085,0,0,0,4.81512,0,0,0,0,0.0244289,0,0,0.0486311,0,0,0.07306,0,0,0,0,0,0,0,0,0,0,0,24.8,311.54,0,0.000147089,0.004509,
4,7,20,0,0,0.221825,0,0,0,1.89255,0.823135,1.86088,0.382647,0,0,5.18104,0,0,0,0,0.335195,0,0,0.0502522,0,0,0.385447,0,0,0,0,0,0,0,0,0,0,0,24.78,311.54,0,0.000146281,0.004509,
4,7,21,0,0,0.221825,0,0,0,1.60783,0.816149,1.80085,0.382647,0,0,4.8293,0,0,0,0,0.141189,0,0,0.0486311,0,0,0.18982,0,0,0,0,0,0,0,0,0,0,0,24.779,311.54,0,0.000146341,0.004509,
4,7,22,0,0,0.221825,0,0,0,1.05514,0.788205,1.56074,0.382647,0,0,4.00855,0,0,0,0,0.0249702,0,0,0.042147,0,0,0.0671172,0,0,0,0,0,0,0,0,0,0,0,24.7236,311.54,0,0.00014481,0.004509,
4,7,23,0,0,0.221825,0,0,0,0.636433,0.763754,1.35064,0.382647,0,0,3.3553,0,0,0,0,0.00872616,0,0,0.0364733,0,0,0.0451995,0,0,0,0,0,0,0,0,0,0,0,24.702,311.54,0,0.000144565,0.004509,
4,7,24,0,0,0.221825,0,0,0,0.385211,0.735811,1.11052,0,0,0,2.45337,0,0,0,0,0.0124576,0,0,0.0299892,0,0,0.0424468,0,0,0,0,0,0,0,0,0,0,0,24.6872,311.54,0,0.00014457,0.004509,
4,8,1,0,0,0.221825,0,0,0,0.318218,0.728825,1.0505,0,0,0,2.31936,0,0,0,0,0,0,0,0.0283681,0,0,0.0283681,0,0,0,0,0,0,0,0,0,0,0,24.0158,311.54,0,0.000116031,0.004509,
4,8,2,0,0,0.221825,0,0,0,0.251224,0.725332,1.02048,0,0,0,2.21886,0,0,0,0,0.0132661,0,0,0.0275576,0,0,0.0408237,0,0,0,0,0,0,0,0,0,0,0,24.0109,311.54,0,0.000115985,0.004509,
4,8,3,0,0,0.221825,0,0,0,0.28472,0.725332,1.02048,0,0,0,2.25236,0,0,0,0,0.000485495,0,0,0.0275576,0,0,0.0280431,0,0,0,0,0,0,0,0,0,0,0,24.0127,311.54,0,0.000116096,0.004509,
4,8,4,0,0,0.221825,0,0,0,0.351715,0.718346,0.960451,0,0,0,2.25234,0,0,0,0,0,0,0,0.0259366,0,0,0.0259366,0,0,0,0,0,0,0,0,0,0,0,24.0214,311.54,0,0.000116181,0.004509,
4,8,5,0,0,0.221825,0,0,0,0.519197,0.732318,1.08051,0,0,0,2.55385,0,0,0,0,0.00136223,0,0,0.0291787,0,0,0.0305409,0,0,0,0,0,0,0,0,0,0,0,24.0292,311.54,0,0.000116243,0.004509,
4,8,6,0,0,0.221825,0,0,0,0.703426,0.753275,1.26059,0,0,0,2.93912,0,0,0,0,0.0947931,0,0,0.0340418,0,0,0.128835,0,0,0,0,0,0,0,0,0,0,0,24.0434,311.54,0,0.000116661,0.004509,
4,8,7,0,0,0.221825,0,0,0,0.686679,0.760261,1.32062,0,0,0,2.98939,0,0,0,0,0.942584,0,0,0.0356628,0,0,0.978247,0,0,0,0,0,0,0,0,0,0,0,24.0155,311.54,0,0.000115885,0.004509,
4,8,8,0,0,0.221825,0,0,0,0.56944,0.735811,1.11052,0,0,0,2.6376,0,0,0,0,0.10294,0,0,0.0299892,0,0,0.132929,0,0,0,0,0,0,0,0,0,0,0,19.92,311.54,0,2.51503e-005,0.004509,
4,8,9,0,0,0.221825,0,0,0,0.4857,0.718346,0.960451,0,0,0,2.38632,0,0,0,0,0.51061,0,0,0.0259366,0,0,0.536547,0,0,0,0,0,0,0,0,0,0,0,17.5904,311.54,0,0,0.004509,
4,8,10,0,0,0.221825,0,0,0,0.452204,0.721839,0.990466,0,0,0,2.38633,0,0,0,0,0.09661,0,0,0.0267471,0,0,0.123357,0,0,0,0,0,0,0,0,0,0,0,17.4278,311.54,0,0,0.004509,
4,8,11,0,0,0.221825,0,0,0,0.418708,0.721839,0.990466,0,0,0,2.35284,0,0,0,0,0.222737,0,0,0.0267471,0,0,0.249484,0,0,0,0,0,0,0,0,0,0,0,17.4329,311.54,0,0,0.004509,
4,8,12,0,0,0.221825,0,0,0,0.351715,0.718346,0.960451,0,0,0,2.25234,0,0,0,0,0.114567,0,0,0.0259366,0,0,0.140504,0,0,0,0,0,0,0,0,0,0,0,17.5575,311.54,0,0,0.004509,
4,8,13,0,0,0.221825,0,0,0,0.351715,0.721839,0.990466,0,0,0,2.28584,0,0,0,0,0.0236371,0,0,0.0267471,0,0,0.0503842,0,0,0,0,0,0,0,0,0,0,0,17.5467,311.54,0,0,0.004509,
4,8,14,0,0,0.221825,0,0,0,0.351715,0.728825,1.0505,0,0,0,2.35286,0,0,0,0,0.0129744,0,0,0.0283681,0,0,0.0413425,0,0,0,0,0,0,0,0,0,0,0,17.3986,311.54,0,0,0.004509,
4,8,15,0,0,0.221825,0,0,0,0.435454,0.735811,1.11052,0,0,0,2.50361,0,0,0,0,0.350265,0,0,0.0299892,0,0,0.380254,0,0,0,0,0,0,0,0,0,0,0,17.4423,311.54,0,0,0.004509,
4,8,16,0,0,0.221825,0,0,0,0.519197,0.760261,1.32062,0,0,0,2.8219,0,0,0,0,0.0539244,0,0,0.0356628,0,0,0.0895872,0,0,0,0,0,0,0,0,0,0,0,17.539,311.54,0,0,0.004509,
4,8,17,0,0,0.221825,0,0,0,0.736923,0.791698,1.59075,0,0,0,3.3412,0,0,0,0,0.252388,0,0,0.0429574,0,0,0.295345,0,0,0,0,0,0,0,0,0,0,0,18.5109,311.54,0,1.44327e-005,0.004509,
4,8,18,0,0,0.221825,0,0,0,1.40685,0.809163,1.74082,0,0,0,4.17866,0,0,0,0,0.275416,0,0,0.04701,0,0,0.322426,0,0,0,0,0,0,0,0,0,0,0,24.0762,311.54,0,0.000115895,0.004509,
4,8,19,0,0,0.221825,0,0,0,1.9763,0.816149,1.80085,0,0,0,4.81512,0,0,0,0,0.0531557,0,0,0.0486311,0,0,0.101787,0,0,0,0,0,0,0,0,0,0,0,24.275,311.54,0,0.00012047,0.004509,
4,8,20,0,0,0.221825,0,0,0,1.89255,0.823135,1.86088,0.382647,0,0,5.18104,0,0,0,0,0.253956,0,0,0.0502522,0,0,0.304208,0,0,0,0,0,0,0,0,0,0,0,24.2565,311.54,0,0.000119826,0.004509,
4,8,21,0,0,0.221825,0,0,0,1.60783,0.816149,1.80085,0.382647,0,0,4.8293,0,0,0,0,0.11507,0,0,0.0486311,0,0,0.163701,0,0,0,0,0,0,0,0,0,0,0,24.2574,311.54,0,0.000119852,0.004509,
4,8,22,0,0,0.221825,0,0,0,1.05514,0.788205,1.56074,0.382647,0,0,4.00855,0,0,0,0,0.0228888,0,0,0.042147,0,0,0.0650358,0,0,0,0,0,0,0,0,0,0,0,24.1696,311.54,0,0.000117167,0.004509,
4,8,23,0,0,0.221825,0,0,0,0.636433,0.763754,1.35064,0.382647,0,0,3.3553,0,0,0,0,0.063253,0,0,0.0364733,0,0,0.0997263,0,0,0,0,0,0,0,0,0,0,0,24.06,311.54,0,0.000116372,0.004509,
4,8,24,0,0,0.221825,0,0,0,0.385211,0.735811,1.11052,0,0,0,2.45337,0,0,0,0,0.0601339,0,0,0.0299892,0,0,0.0901231,0,0,0,0,0,0,0,0,0,0,0,24.0205,311.54,0,0.000115944,0.004509,
4,9,1,2.97638,0,0.221825,0,0,0,0.318218,0.728825,1.0505,0,0,0,5.29574,2.47998,0,0,0,0.00263856,0,0,0.0283681,0,0,2.51099,0,0,0,0,0,0,0,0,0,0,0,22.3587,311.54,0,7.77601e-005,0.004509,
4,9,2,2.80647,0,0.221825,0,0,0,0.251224,0.725332,1.02048,0,0,0,5.02533,2.33842,0,0,0,0.00347653,0,0,0.0275576,0,0,2.36945,0,0,0,0,0,0,0,0,0,0,0,22.3613,311.54,0,7.78551e-005,0.004509,
4,9,3,1.86569,0,0.221825,0,0,0,0.28472,0.725332,1.02048,0,0,0,4.11805,1.55454,0,0,0,0,0,0,0.0275576,0,0,1.5821,0,0,0,0,0,0,0,0,0,0,0,22.3628,311.54,0,7.78543e-005,0.004509,
4,9,4,1.50912,0,0.221825,0,0,0,0.351715,0.718346,0.960451,0,0,0,3.76146,1.25744,0,0,0,0.00680321,0,0,0.0259366,0,0,1.29018,0,0,0,0,0,0,0,0,0,0,0,22.365,311.54,0,7.7952e-005,0.004509,
4,9,5,1.33307,0,0.221825,0,0,0,0.519197,0.732318,1.08051,0,0,0,3.88692,1.11075,0,0,0,0.13385,0,0,0.0291787,0,0,1.27378,0,0,0,0,0,0,0,0,0,0,0,22.3797,311.54,0,7.80752e-005,0.004509,
4,9,6,1.13799,0,0.221825,0,0,0,0.703426,0.753275,1.26059,0,0,0,4.07711,0.948201,0,0,0,0.343298,0,0,0.0340418,0,0,1.32554,0,0,0,0,0,0,0,0,0,0,0,22.3875,311.54,0,7.84341e-005,0.004509,
4,9,7,0.819845,0,0.221825,0,0,0,0.686679,0.760261,1.32062,0,0,0,3.80923,0.683115,0,0,0,0.42786,0,0,0.0356628,0,0,1.14664,0,0,0,0,0,0,0,0,0,0,0,22.3463,311.54,0,7.77153e-005,0.004509,
4,9,8,0.562963,0,0.221825,0,0,0,0.56944,0.735811,1.11052,0,0,0,3.20056,0.469075,0,0,0,0.123367,0,0,0.0299892,0,0,0.622431,0,0,0,0,0,0,0,0,0,0,0,17.7413,311.54,0,6.39548e-006,0.004509,
4,9,9,0.411885,0,0.221825,0,0,0,0.4857,0.718346,0.960451,0,0,0,2.79821,0.343193,0,0,0,0.0463891,0,0,0.0259366,0,0,0.415519,0,0,0,0,0,0,0,0,0,0,0,16.2657,311.54,0,0,0.004509,
4,9,10,0.296791,0,0.221825,0,0,0,0.452204,0.721839,0.990466,0,0,0,2.68312,0.247293,0,0,0,0.166767,0,0,0.0267471,0,0,0.440807,0,0,0,0,0,0,0,0,0,0,0,16.1352,311.54,0,0,0.004509,
4,9,11,0.230316,0,0.221825,0,0,0,0.418708,0.721839,0.990466,0,0,0,2.58315,0.191905,0,0,0,0.162603,0,0,0.0267471,0,0,0.381255,0,0,0,0,0,0,0,0,0,0,0,16.1381,311.54,0,0,0.004509,
4,9,12,0.197373,0,0.221825,0,0,0,0.351715,0.718346,0.960451,0,0,0,2.44971,0.164456,0,0,0,0.175562,0,0,0.0259366,0,0,0.365955,0,0,0,0,0,0,0,0,0,0,0,16.1412,311.54,0,0,0.004509,
4,9,13,0.153735,0,0.221825,0,0,0,0.351715,0.721839,0.990466,0,0,0,2.43958,0.128096,0,0,0,0.0661268,0,0,0.0267471,0,0,0.22097,0,0,0,0,0,0,0,0,0,0,0,16.307,311.54,0,0,0.004509,
4,9,14,0.081119,0,0.221825,0,0,0,0.351715,0.728825,1.0505,0,0,0,2.43398,0.0675904,0,0,0,0.516154,0,0,0.0283681,0,0,0.612112,0,0,0,0,0,0,0,0,0,0,0,16.2926,311.54,0,0,0.004509,
4,9,15,0.0260974,0,0.221825,0,0,0,0.435454,0.735811,1.11052,0,0,0,2.52971,0.021745,0,0,0,0.185514,0,0,0.0299892,0,0,0.237248,0,0,0,0,0,0,0,0,0,0,0,16.3109,311.54,0,0,0.004509,
4,9,16,0.00859604,0,0.221825,0,0,0,0.519197,0.760261,1.32062,0,0,0,2.8305,0.00716243,0,0,0,0.229105,0,0,0.0356628,0,0,0.27193,0,0,0,0,0,0,0,0,0,0,0,16.1041,311.54,0,0,0.004509,
4,9,17,0,0,0.221825,0,0,0,0.736923,0.791698,1.59075,0,0,0,3.3412,0,0,0,0,0.0735996,0,0,0.0429574,0,0,0.116557,0,0,0,0,0,0,0,0,0,0,0,16.5085,311.54,0,0,0.004509,
4,9,18,0,0,0.221825,0,0,0,1.40685,0.809163,1.74082,0,0,0,4.17866,0,0,0,0,0.111439,0,0,0.04701,0,0,0.158449,0,0,0,0,0,0,0,0,0,0,0,20.6978,311.54,0,4.63967e-005,0.004509,
4,9,19,0.0412708,0,0.221825,0,0,0,1.9763,0.816149,1.80085,0,0,0,4.85639,0.0343879,0,0,0,0.253712,0,0,0.0486311,0,0,0.336731,0,0,0,0,0,0,0,0,0,0,0,22.1472,311.54,0,7.65665e-005,0.004509,
4,9,20,0.0974235,0,0.221825,0,0,0,1.89255,0.823135,1.86088,0.382647,0,0,5.27846,0.0811756,0,0,0,0.123752,0,0,0.0502522,0,0,0.25518,0,0,0,0,0,0,0,0,0,0,0,22.1332,311.54,0,7.61469e-005,0.004509,
4,9,21,0.200098,0,0.221825,0,0,0,1.60783,0.816149,1.80085,0.382647,0,0,5.0294,0.166727,0,0,0,0.119373,0,0,0.0486311,0,0,0.334731,0,0,0,0,0,0,0,0,0,0,0,22.133,311.54,0,7.61127e-005,0.004509,
4,9,22,0.319812,0,0.221825,0,0,0,1.05514,0.788205,1.56074,0.382647,0,0,4.32837,0.266476,0,0,0,0.0372926,0,0,0.042147,0,0,0.345916,0,0,0,0,0,0,0,0,0,0,0,22.1171,311.54,0,7.53809e-005,0.004509,
4,9,23,0.422626,0,0.221825,0,0,0,0.636433,0.763754,1.35064,0.382647,0,0,3.77792,0.352141,0,0,0,0.0298852,0,0,0.0364733,0,0,0.4185,0,0,0,0,0,0,0,0,0,0,0,22.0864,311.54,0,7.50437e-005,0.004509,
4,9,24,0.495727,0,0.221825,0,0,0,0.385211,0.735811,1.11052,0,0,0,2.9491,0.413053,0,0,0,0.0201565,0,0,0.0299892,0,0,0.463199,0,0,0,0,0,0,0,0,0,0,0,22.0541,311.54,0,7.41408e-005,0.004509,
4,10,1,0.55529,0,0.221825,0,0,0,0.318218,0.728825,1.0505,0,0,0,2.87465,0.462682,0,0,0,0.0447044,0,0,0.0283681,0,0,0.535755,0,0,0,0,0,0,0,0,0,0,0,22.4627,311.54,0,7.82596e-005,0.004509,
4,10,2,0.621984,0,0.221825,0,0,0,0.251224,0.725332,1.02048,0,0,0,2.84085,0.518252,0,0,0,0.0331319,0,0,0.0275576,0,0,0.578942,0,0,0,0,0,0,0,0,0,0,0,22.4658,311.54,0,7.82008e-005,0.004509,
4,10,3,0.694839,0,0.221825,0,0,0,0.28472,0.725332,1.02048,0,0,0,2.9472,0.578958,0,0,0,0.000671811,0,0,0.0275576,0,0,0.607187,0,0,0,0,0,0,0,0,0,0,0,22.4677,311.54,0,7.80512e-005,0.004509,
4,10,4,0.76119,0,0.221825,0,0,0,0.351715,0.718346,0.960451,0,0,0,3.01353,0.634242,0,0,0,0.00620057,0,0,0.0259366,0,0,0.666379,0,0,0,0,0,0,0,0,0,0,0,22.4695,311.54,0,7.83732e-005,0.004509,
4,10,5,0.778634,0,0.221825,0,0,0,0.519197,0.732318,1.08051,0,0,0,3.33248,0.648777,0,0,0,0.134026,0,0,0.0291787,0,0,0.811982,0,0,0,0,0,0,0,0,0,0,0,22.5099,311.54,0,7.86886e-005,0.004509,
4,10,6,0.723479,0,0.221825,0,0,0,0.703426,0.753275,1.26059,0,0,0,3.6626,0.602821,0,0,0,0.0435818,0,0,0.0340418,0,0,0.680445,0,0,0,0,0,0,0,0,0,0,0,22.5521,311.54,0,7.9419e-005,0.004509,
4,10,7,0.493567,0,0.221825,0,0,0,0.686679,0.760261,1.32062,0,0,0,3.48295,0.411252,0,0,0,0.345197,0,0,0.0356628,0,0,0.792112,0,0,0,0,0,0,0,0,0,0,0,22.4389,311.54,0,7.8184e-005,0.004509,
4,10,8,0.285497,0,0.221825,0,0,0,0.56944,0.735811,1.11052,0,0,0,2.9231,0.237883,0,0,0,0.709086,0,0,0.0299892,0,0,0.976958,0,0,0,0,0,0,0,0,0,0,0,17.978,311.54,0,2.48609e-006,0.004509,
4,10,9,0.150453,0,0.221825,0,0,0,0.4857,0.718346,0.960451,0,0,0,2.53678,0.125361,0,0,0,0.470636,0,0,0.0259366,0,0,0.621934,0,0,0,0,0,0,0,0,0,0,0,17.3405,311.54,0,0,0.004509,
4,10,10,0.0401583,0,0.221825,0,0,0,0.452204,0.721839,0.990466,0,0,0,2.42649,0.0334607,0,0,0,0.271444,0,0,0.0267471,0,0,0.331652,0,0,0,0,0,0,0,0,0,0,0,16.4071,311.54,0,0,0.004509,
4,10,11,0.00283727,0,0.221825,0,0,0,0.418708,0.721839,0.990466,0,0,0,2.35567,0.00236408,0,0,0,0.175891,0,0,0.0267471,0,0,0.205002,0,0,0,0,0,0,0,0,0,0,0,16.094,311.54,0,0,0.004509,
4,10,12,0,0,0.221825,0,0,0,0.351715,0.718346,0.960451,0,0,0,2.25234,0,0,0,0,0.0602368,0,0,0.0259366,0,0,0.0861734,0,0,0,0,0,0,0,0,0,0,0,16.1107,311.54,0,0,0.004509,
4,10,13,0,0,0.221825,0,0,0,0.351715,0.721839,0.990466,0,0,0,2.28584,0,0,0,0,0.0231233,0,0,0.0267471,0,0,0.0498704,0,0,0,0,0,0,0,0,0,0,0,16.1087,311.54,0,0,0.004509,
4,10,14,0,0,0.221825,0,0,0,0.351715,0.728825,1.0505,0,0,0,2.35286,0,0,0,0,0.163642,0,0,0.0283681,0,0,0.19201,0,0,0,0,0,0,0,0,0,0,0,16.1185,311.54,0,0,0.004509,
4,10,15,0,0,0.221825,0,0,0,0.435454,0.735811,1.11052,0,0,0,2.50361,0,0,0,0,0.262738,0,0,0.0299892,0,0,0.292727,0,0,0,0,0,0,0,0,0,0,0,16.1018,311.54,0,0,0.004509,
4,10,16,0,0,0.221825,0,0,0,0.519197,0.760261,1.32062,0,0,0,2.8219,0,0,0,0,0.253271,0,0,0.0356628,0,0,0.288934,0,0,0,0,0,0,0,0,0,0,0,16.3722,311.54,0,0,0.004509,
4,10,17,0,0,0.221825,0,0,0,0.736923,0.791698,1.59075,0,0,0,3.3412,0,0,0,0,0.120361,0,0,0.0429574,0,0,0.163318,0,0,0,0,0,0,0,0,0,0,0,17.5495,311.54,0,0,0.004509,
4,10,18,0,0,0.221825,0,0,0,1.40685,0.809163,1.74082,0,0,0,4.17866,0,0,0,0,0.136469,0,0,0.04701,0,0,0.183479,0,0,0,0,0,0,0,0,0,0,0,20.9334,311.54,0,4.60554e-005,0.004509,
4,10,19,0,0,0.221825,0,0,0,1.9763,0.816149,1.80085,0,0,0,4.81512,0,0,0,0,0.0640411,0,0,0.0486311,0,0,0.112672,0,0,0,0,0,0,0,0,0,0,0,22.7184,311.54,0,8.28625e-005,0.004509,
4,10,20,0,0,0.221825,0,0,0,1.89255,0.823135,1.86088,0.382647,0,0,5.18104,0,0,0,0,0.240099,0,0,0.0502522,0,0,0.290351,0,0,0,0,0,0,0,0,0,0,0,22.7038,311.54,0,8.24221e-005,0.004509,
4,10,21,0,0,0.221825,0,0,0,1.60783,0.816149,1.80085,0.382647,0,0,4.8293,0,0,0,0,0.437472,0,0,0.0486311,0,0,0.486103,0,0,0,0,0,0,0,0,0,0,0,22.7041,311.54,0,8.22686e-005,0.004509,
4,10,22,0,0,0.221825,0,0,0,1.05514,0.788205,1.56074,0.382647,0,0,4.00855,0,0,0,0,0.255689,0,0,0.042147,0,0,0.297836,0,0,0,0,0,0,0,0,0,0,0,22.6703,311.54,0,8.13394e-005,0.004509,
4,10,23,0,0,0.221825,0,0,0,0.636433,0.763754,1.35064,0.382647,0,0,3.3553,0,0,0,0,0.0170233,0,0,0.0364733,0,0,0.0534966,0,0,0,0,0,0,0,0,0,0,0,22.6285,311.54,0,8.08514e-005,0.004509,
4,10,24,0.100707,0,0.221825,0,0,0,0.385211,0.735811,1.11052,0,0,0,2.55408,0.0839116,0,0,0,0.00243066,0,0,0.0299892,0,0,0.116331,0,0,0,0,0,0,0,0,0,0,0,22.5886,311.54,0,8.03669e-005,0.004509,
4,11,1,0.163098,0,0.221825,0,0,0,0.318218,0.728825,1.0505,0,0,0,2.48246,0.135897,0,0,0,0,0,0,0.0283681,0,0,0.164265,0,0,0,0,0,0,0,0,0,0,0,23.675,311.54,0,0.000112137,0.004509,
4,11,2,0.223014,0,0.221825,0,0,0,0.251224,0.725332,1.02048,0,0,0,2.44188,0.185821,0,0,0,0.0138123,0,0,0.0275576,0,0,0.227191,0,0,0,0,0,0,0,0,0,0,0,23.6764,311.54,0,0.000112123,0.004509,
4,11,3,0.294091,0,0.221825,0,0,0,0.28472,0.725332,1.02048,0,0,0,2.54645,0.245045,0,0,0,0,0,0,0.0275576,0,0,0.272603,0,0,0,0,0,0,0,0,0,0,0,23.6764,311.54,0,0.000112167,0.004509,
4,11,4,0.427954,0,0.221825,0,0,0,0.351715,0.718346,0.960451,0,0,0,2.68029,0.356583,0,0,0,0,0,0,0.0259366,0,0,0.38252,0,0,0,0,0,0,0,0,0,0,0,23.6807,311.54,0,0.000112298,0.004509,
4,11,5,0.481676,0,0.221825,0,0,0,0.519197,0.732318,1.08051,0,0,0,3.03553,0.401346,0,0,0,0.00254626,0,0,0.0291787,0,0,0.433071,0,0,0,0,0,0,0,0,0,0,0,23.7272,311.54,0,0.000112662,0.004509,
4,11,6,0.483376,0,0.221825,0,0,0,0.703426,0.753275,1.26059,0,0,0,3.4225,0.402761,0,0,0,0.0255846,0,0,0.0340418,0,0,0.462387,0,0,0,0,0,0,0,0,0,0,0,23.7571,311.54,0,0.000113292,0.004509,
4,11,7,0.42075,0,0.221825,0,0,0,0.686679,0.760261,1.32062,0,0,0,3.41014,0.350579,0,0,0,0.070486,0,0,0.0356628,0,0,0.456728,0,0,0,0,0,0,0,0,0,0,0,23.7347,311.54,0,0.000112737,0.004509,
4,11,8,0.182059,0,0.221825,0,0,0,0.56944,0.735811,1.11052,0,0,0,2.81966,0.151696,0,0,0,0.191772,0,0,0.0299892,0,0,0.373457,0,0,0,0,0,0,0,0,0,0,0,21.6244,311.54,0,5.06734e-005,0.004509,
4,11,9,0.0919261,0,0.221825,0,0,0,0.4857,0.718346,0.960451,0,0,0,2.47825,0.0765952,0,0,0,0.481798,0,0,0.0259366,0,0,0.58433,0,0,0,0,0,0,0,0,0,0,0,17.482,311.54,0,3.96672e-007,0.004509,
4,11,10,0.0116508,0,0.221825,0,0,0,0.452204,0.721839,0.990466,0,0,0,2.39798,0.00970771,0,0,0,1.03768,0,0,0.0267471,0,0,1.07413,0,0,0,0,0,0,0,0,0,0,0,16.9677,311.54,0,0,0.004509,
4,11,11,0,0,0.221825,0,0,0,0.418708,0.721839,0.990466,0,0,0,2.35284,0,0,0,0,0.521188,0,0,0.0267471,0,0,0.547935,0,0,0,0,0,0,0,0,0,0,0,16.5275,311.54,0,0,0.004509,
4,11,12,0,0,0.221825,0,0,0,0.351715,0.718346,0.960451,0,0,0,2.25234,0,0,0,0,0.113267,0,0,0.0259366,0,0,0.139204,0,0,0,0,0,0,0,0,0,0,0,16.8065,311.54,0,0,0.004509,
4,11,13,0,0,0.221825,0,0,0,0.351715,0.721839,0.990466,0,0,0,2.28584,0,0,0,0,0.122706,0,0,0.0267471,0,0,0.149453,0,0,0,0,0,0,0,0,0,0,0,17.0685,311.54,0,0,0.004509,
4,11,14,0,0,0.221825,0,0,0,0.351715,0.728825,1.0505,0,0,0,2.35286,0,0,0,0,0.0760725,0,0,0.0283681,0,0,0.104441,0,0,0,0,0,0,0,0,0,0,0,16.6534,311.54,0,0,0.004509,
4,11,15,0,0,0.221825,0,0,0,0.435454,0.735811,1.11052,0,0,0,2.50361,0,0,0,0,0.139008,0,0,0.0299892,0,0,0.168997,0,0,0,0,0,0,0,0,0,0,0,16.8326,311.54,0,0,0.004509,
4,11,16,0,0,0.221825,0,0,0,0.519197,0.760261,1.32062,0,0,0,2.8219,0,0,0,0,0.225136,0,0,0.0356628,0,0,0.260799,0,0,0,0,0,0,0,0,0,0,0,16.9285,311.54,0,0,0.004509,
4,11,17,0,0,0.221825,0,0,0,0.736923,0.791698,1.59075,0,0,0,3.3412,0,0,0,0,0.321006,0,0,0.0429574,0,0,0.363963,0,0,0,0,0,0,0,0,0,0,0,17.544,311.54,0,1.49317e-006,0.004509,
4,11,18,0,0,0.221825,0,0,0,1.40685,0.809163,1.74082,0,0,0,4.17866,0,0,0,0,0.24865,0,0,0.04701,0,0,0.29566,0,0,0,0,0,0,0,0,0,0,0,23.5772,311.54,0,0.0001104,0.004509,
4,11,19,0,0,0.221825,0,0,0,1.9763,0.816149,1.80085,0,0,0,4.81512,0,0,0,0,0.165401,0,0,0.0486311,0,0,0.214032,0,0,0,0,0,0,0,0,0,0,0,24.1279,311.54,0,0.000124214,0.004509,
4,11,20,0,0,0.221825,0,0,0,1.89255,0.823135,1.86088,0.382647,0,0,5.18104,0,0,0,0,0.21717,0,0,0.0502522,0,0,0.267422,0,0,0,0,0,0,0,0,0,0,0,24.13,311.54,0,0.00012425,0.004509,
4,11,21,0,0,0.221825,0,0,0,1.60783,0.816149,1.80085,0.382647,0,0,4.8293,0,0,0,0,0.0634373,0,0,0.0486311,0,0,0.112068,0,0,0,0,0,0,0,0,0,0,0,24.1293,311.54,0,0.000124325,0.004509,
4,11,22,0,0,0.221825,0,0,0,1.05514,0.788205,1.56074,0.382647,0,0,4.00855,0,0,0,0,0.0633573,0,0,0.042147,0,0,0.105504,0,0,0,0,0,0,0,0,0,0,0,24.0529,311.54,0,0.000123209,0.004509,
4,11,23,0,0,0.221825,0,0,0,0.636433,0.763754,1.35064,0.382647,0,0,3.3553,0,0,0,0,0.049054,0,0,0.0364733,0,0,0.0855273,0,0,0,0,0,0,0,0,0,0,0,23.9935,311.54,0,0.000121469,0.004509,
4,11,24,0,0,0.221825,0,0,0,0.385211,0.735811,1.11052,0,0,0,2.45337,0,0,0,0,0.00501372,0,0,0.0299892,0,0,0.0350029,0,0,0,0,0,0,0,0,0,0,0,23.9433,311.54,0,0.000120304,0.004509,
4,12,1,0.0284177,0,0.221825,0,0,0,0.318218,0.728825,1.0505,0,0,0,2.34778,0.0236783,0,0,0,0.00121456,0,0,0.0283681,0,0,0.053261,0,0,0,0,0,0,0,0,0,0,0,22.8135,311.54,0,8.70471e-005,0.004509,
4,12,2,0.146399,0,0.221825,0,0,0,0.251224,0.725332,1.02048,0,0,0,2.36526,0.121983,0,0,0,0.0111274,0,0,0.0275576,0,0,0.160668,0,0,0,0,0,0,0,0,0,0,0,22.8167,311.54,0,8.70951e-005,0.004509,
4,12,3,0.189071,0,0.221825,0,0,0,0.28472,0.725332,1.02048,0,0,0,2.44143,0.157539,0,0,0,0.00103216,0,0,0.0275576,0,0,0.186129,0,0,0,0,0,0,0,0,0,0,0,22.8189,311.54,0,8.71438e-005,0.004509,
4,12,4,0.240729,0,0.221825,0,0,0,0.351715,0.718346,0.960451,0,0,0,2.49307,0.200582,0,0,0,0.00121456,0,0,0.0259366,0,0,0.227733,0,0,0,0,0,0,0,0,0,0,0,22.8285,311.54,0,8.72127e-005,0.004509,
4,12,5,0.283188,0,0.221825,0,0,0,0.519197,0.732318,1.08051,0,0,0,2.83704,0.235959,0,0,0,0.0327882,0,0,0.0291787,0,0,0.297926,0,0,0,0,0,0,0,0,0,0,0,22.8431,311.54,0,8.73609e-005,0.004509,
4,12,6,0.308324,0,0.221825,0,0,0,0.703426,0.753275,1.26059,0,0,0,3.24745,0.256904,0,0,0,0.141637,0,0,0.0340418,0,0,0.432583,0,0,0,0,0,0,0,0,0,0,0,22.9106,311.54,0,8.82553e-005,0.004509,
4,12,7,0.197743,0,0.221825,0,0,0,0.686679,0.760261,1.32062,0,0,0,3.18713,0.164764,0,0,0,0.295159,0,0,0.0356628,0,0,0.495586,0,0,0,0,0,0,0,0,0,0,0,22.8209,311.54,0,8.71652e-005,0.004509,
4,12,8,0.0547904,0,0.221825,0,0,0,0.56944,0.735811,1.11052,0,0,0,2.69239,0.0456526,0,0,0,0.291234,0,0,0.0299892,0,0,0.366876,0,0,0,0,0,0,0,0,0,0,0,18.5034,311.54,0,2.30016e-005,0.004509,
4,12,9,0.00413549,0,0.221825,0,0,0,0.4857,0.718346,0.960451,0,0,0,2.39046,0.0034458,0,0,0,0.635487,0,0,0.0259366,0,0,0.664869,0,0,0,0,0,0,0,0,0,0,0,16.4614,311.54,0,0,0.004509,
4,12,10,0,0,0.221825,0,0,0,0.452204,0.721839,0.990466,0,0,0,2.38633,0,0,0,0,0.588759,0,0,0.0267471,0,0,0.615506,0,0,0,0,0,0,0,0,0,0,0,16.1617,311.54,0,0,0.004509,
4,12,11,0,0,0.221825,0,0,0,0.418708,0.721839,0.990466,0,0,0,2.35284,0,0,0,0,0.133272,0,0,0.0267471,0,0,0.160019,0,0,0,0,0,0,0,0,0,0,0,16.1909,311.54,0,0,0.004509,
4,12,12,0,0,0.221825,0,0,0,0.351715,0.718346,0.960451,0,0,0,2.25234,0,0,0,0,0.441344,0,0,0.0259366,0,0,0.467281,0,0,0,0,0,0,0,0,0,0,0,16.0548,311.54,0,0,0.004509,
4,12,13,0,0,0.221825,0,0,0,0.351715,0.721839,0.990466,0,0,0,2.28584,0,0,0,0,0.312174,0,0,0.0267471,0,0,0.338921,0,0,0,0,0,0,0,0,0,0,0,16.0832,311.54,0,0,0.004509,
4,12,14,0,0,0.221825,0,0,0,0.351715,0.728825,1.0505,0,0,0,2.35286,0,0,0,0,0.237762,0,0,0.0283681,0,0,0.26613,0,0,0,0,0,0,0,0,0,0,0,16.2562,311.54,0,0,0.004509,
4,12,15,0,0,0.221825,0,0,0,0.435454,0.735811,1.11052,0,0,0,2.50361,0,0,0,0,0.0924363,0,0,0.0299892,0,0,0.122425,0,0,0,0,0,0,0,0,0,0,0,16.1234,311.54,0,0,0.004509,
4,12,16,0,0,0.221825,0,0,0,0.519197,0.760261,1.32062,0,0,0,2.8219,0,0,0,0,0.404521,0,0,0.0356628,0,0,0.440184,0,0,0,0,0,0,0,0,0,0,0,16.0505,311.54,0,0,0.004509,
4,12,17,0,0,0.221825,0,0,0,0.736923,0.791698,1.59075,0,0,0,3.3412,0,0,0,0,0.66348,0,0,0.0429574,0,0,0.706437,0,0,0,0,0,0,0,0,0,0,0,16.7179,311.54,0,2.79686e-006,0.004509,
4,12,18,0,0,0.221825,0,0,0,1.40685,0.809163,1.74082,0,0,0,4.17866,0,0,0,0,0.168212,0,0,0.04701,0,0,0.215222,0,0,0,0,0,0,0,0,0,0,0,22.6282,311.54,0,8.30818e-005,0.004509,
4,12,19,0,0,0.221825,0,0,0,1.9763,0.816149,1.80085,0,0,0,4.81512,0,0,0,0,0.11618,0,0,0.0486311,0,0,0.164811,0,0,0,0,0,0,0,0,0,0,0,22.8872,311.54,0,8.87543e-005,0.004509,
4,12,20,0,0,0.221825,0,0,0,1.89255,0.823135,1.86088,0.382647,0,0,5.18104,0,0,0,0,0.103959,0,0,0.0502522,0,0,0.154211,0,0,0,0,0,0,0,0,0,0,0,22.8864,311.54,0,8.87579e-005,0.004509,
4,12,21,0,0,0.221825,0,0,0,1.60783,0.816149,1.80085,0.382647,0,0,4.8293,0,0,0,0,0.19524,0,0,0.0486311,0,0,0.243871,0,0,0,0,0,0,0,0,0,0,0,22.8568,311.54,0,8.85055e-005,0.004509,
4,12,22,0,0,0.221825,0,0,0,1.05514,0.788205,1.56074,0.382647,0,0,4.00855,0,0,0,0,0.0920436,0,0,0.042147,0,0,0.134191,0,0,0,0,0,0,0,0,0,0,0,22.836,311.54,0,8.82972e-005,0.004509,
4,12,23,0,0,0.221825,0,0,0,0.636433,0.763754,1.35064,0.382647,0,0,3.3553,0,0,0,0,0.0997282,0,0,0.0364733,0,0,0.136201,0,0,0,0,0,0,0,0,0,0,0,22.82,311.54,0,8.73338e-005,0.004509,
4,12,24,0,0,0.221825,0,0,0,0.385211,0.735811,1.11052,0,0,0,2.45337,0,0,0,0,0.000987566,0,0,0.0299892,0,0,0.0309768,0,0,0,0,0,0,0,0,0,0,0,22.8093,311.54,0,8.70853e-005,0.004509,
4,13,1,0,0,0.221825,0,0,0,0.318218,0.728825,1.0505,0,0,0,2.31936,0,0,0,0,0.0366665,0,0,0.0283681,0,0,0.0650346,0,0,0,0,0,0,0,0,0,0,0,23.0799,311.54,0,9.53849e-005,0.004509,
4,13,2,0.0162397,0,0.221825,0,0,0,0.251224,0.725332,1.02048,0,0,0,2.2351,0.0135313,0,0,0,0.0169153,0,0,0.0275576,0,0,0.0580042,0,0,0,0,0,0,0,0,0,0,0,23.0826,311.54,0,9.5419e-005,0.004509,
4,13,3,0.0899572,0,0.221825,0,0,0,0.28472,0.725332,1.02048,0,0,0,2.34232,0.0749546,0,0,0,0,0,0,0.0275576,0,0,0.102512,0,0,0,0,0,0,0,0,0,0,0,23.076,311.54,0,9.5453e-005,0.004509,
4,13,4,0.131314,0,0.221825,0,0,0,0.351715,0.718346,0.960451,0,0,0,2.38365,0.109414,0,0,0,0,0,0,0.0259366,0,0,0.135351,0,0,0,0,0,0,0,0,0,0,0,23.0901,311.54,0,9.55156e-005,0.004509,
4,13,5,0.156683,0,0.221825,0,0,0,0.519197,0.732318,1.08051,0,0,0,2.71053,0.130552,0,0,0,0.0081826,0,0,0.0291787,0,0,0.167913,0,0,0,0,0,0,0,0,0,0,0,23.0919,311.54,0,9.55618e-005,0.004509,
4,13,6,0.158615,0,0.221825,0,0,0,0.703426,0.753275,1.26059,0,0,0,3.09774,0.132162,0,0,0,0.0725431,0,0,0.0340418,0,0,0.238747,0,0,0,0,0,0,0,0,0,0,0,23.1404,311.54,0,9.59225e-005,0.004509,
4,13,7,0.119446,0,0.221825,0,0,0,0.686679,0.760261,1.32062,0,0,0,3.10883,0.0995253,0,0,0,0.142382,0,0,0.0356628,0,0,0.27757,0,0,0,0,0,0,0,0,0,0,0,23.0335,311.54,0,9.51722e-005,0.004509,
4,13,8,0.0769138,0,0.221825,0,0,0,0.56944,0.735811,1.11052,0,0,0,2.71451,0.0640865,0,0,0,0.0421431,0,0,0.0299892,0,0,0.136219,0,0,0,0,0,0,0,0,0,0,0,19.7358,311.54,0,3.51025e-005,0.004509,
4,13,9,0.0502456,0,0.221825,0,0,0,0.4857,0.718346,0.960451,0,0,0,2.43657,0.0418658,0,0,0,0.0588408,0,0,0.0259366,0,0,0.126643,0,0,0,0,0,0,0,0,0,0,0,17.4521,311.54,0,1.3836e-005,0.004509,
4,13,10,0.0293271,0,0.221825,0,0,0,0.452204,0.721839,0.990466,0,0,0,2.41566,0.024436,0,0,0,0.0141931,0,0,0.0267471,0,0,0.0653762,0,0,0,0,0,0,0,0,0,0,0,17.091,311.54,0,0,0.004509,
4,13,11,0.00854472,0,0.221825,0,0,0,0.418708,0.721839,0.990466,0,0,0,2.36138,0.00711967,0,0,0,0.00612379,0,0,0.0267471,0,0,0.0399906,0,0,0,0,0,0,0,0,0,0,0,16.9748,311.54,0,0,0.004509,
4,13,12,0,0,0.221825,0,0,0,0.351715,0.718346,0.960451,0,0,0,2.25234,0,0,0,0,0.0216831,0,0,0.0259366,0,0,0.0476197,0,0,0,0,0,0,0,0,0,0,0,17.0027,311.54,0,0,0.004509,
4,13,13,0,0,0.221825,0,0,0,0.351715,0.721839,0.990466,0,0,0,2.28584,0,0,0,0,0.0231715,0,0,0.0267471,0,0,0.0499186,0,0,0,0,0,0,0,0,0,0,0,17.0129,311.54,0,0,0.004509,
4,13,14,0,0,0.221825,0,0,0,0.351715,0.728825,1.0505,0,0,0,2.35286,0,0,0,0,0.412461,0,0,0.0283681,0,0,0.440829,0,0,0,0,0,0,0,0,0,0,0,17.184,311.54,0,0,0.004509,
4,13,15,0,0,0.221825,0,0,0,0.435454,0.735811,1.11052,0,0,0,2.50361,0,0,0,0,0.0993548,0,0,0.0299892,0,0,0.129344,0,0,0,0,0,0,0,0,0,0,0,17.0119,311.54,0,0,0.004509,
4,13,16,0,0,0.221825,0,0,0,0.519197,0.760261,1.32062,0,0,0,2.8219,0,0,0,0,0.0556411,0,0,0.0356628,0,0,0.0913039,0,0,0,0,0,0,0,0,0,0,0,17.0282,311.54,0,0,0.004509,
4,13,17,0,0,0.221825,0,0,0,0.736923,0.791698,1.59075,0,0,0,3.3412,0,0,0,0,0.0640257,0,0,0.0429574,0,0,0.106983,0,0,0,0,0,0,0,0,0,0,0,17.4628,311.54,0,0,0.004509,
4,13,18,0.0109757,0,0.221825,0,0,0,1.40685,0.809163,1.74082,0,0,0,4.18964,0.00914523,0,0,0,0.0544147,0,0,0.04701,0,0,0.11057,0,0,0,0,0,0,0,0,0,0,0,23.1345,311.54,0,9.67837e-005,0.004509,
4,13,19,0.0423165,0,0.221825,0,0,0,1.9763,0.816149,1.80085,0,0,0,4.85744,0.0352592,0,0,0,0.188481,0,0,0.0486311,0,0,0.272371,0,0,0,0,0,0,0,0,0,0,0,23.2281,311.54,0,9.7626e-005,0.004509,
4,13,20,0.0822222,0,0.221825,0,0,0,1.89255,0.823135,1.86088,0.382647,0,0,5.26326,0.0685094,0,0,0,0.0454502,0,0,0.0502522,0,0,0.164212,0,0,0,0,0,0,0,0,0,0,0,23.2074,311.54,0,9.70716e-005,0.004509,
4,13,21,0.123258,0,0.221825,0,0,0,1.60783,0.816149,1.80085,0.382647,0,0,4.95256,0.102702,0,0,0,0.110674,0,0,0.0486311,0,0,0.262007,0,0,0,0,0,0,0,0,0,0,0,23.1557,311.54,0,9.70619e-005,0.004509,
4,13,22,0.187949,0,0.221825,0,0,0,1.05514,0.788205,1.56074,0.382647,0,0,4.1965,0.156604,0,0,0,0.19463,0,0,0.042147,0,0,0.393381,0,0,0,0,0,0,0,0,0,0,0,23.1083,311.54,0,9.61084e-005,0.004509,
4,13,23,0.333453,0,0.221825,0,0,0,0.636433,0.763754,1.35064,0.382647,0,0,3.68875,0.277842,0,0,0,0.00747201,0,0,0.0364733,0,0,0.321787,0,0,0,0,0,0,0,0,0,0,0,23.0896,311.54,0,9.57172e-005,0.004509,
4,13,24,0.418083,0,0.221825,0,0,0,0.385211,0.735811,1.11052,0,0,0,2.87145,0.348357,0,0,0,0,0,0,0.0299892,0,0,0.378346,0,0,0,0,0,0,0,0,0,0,0,23.0901,311.54,0,9.55837e-005,0.004509,
4,14,1,0.460278,0,0.221825,0,0,0,0.318218,0.728825,1.0505,0,0,0,2.77964,0.383515,0,0,0,0,0,0,0.0283681,0,0,0.411883,0,0,0,0,0,0,0,0,0,0,0,24.1823,311.54,0,0.000121406,0.004509,
4,14,2,0.52177,0,0.221825,0,0,0,0.251224,0.725332,1.02048,0,0,0,2.74063,0.434753,0,0,0,0.0109271,0,0,0.0275576,0,0,0.473238,0,0,0,0,0,0,0,0,0,0,0,24.1581,311.54,0,0.000121441,0.004509,
4,14,3,0.578675,0,0.221825,0,0,0,0.28472,0.725332,1.02048,0,0,0,2.83103,0.482166,0,0,0,0,0,0,0.0275576,0,0,0.509724,0,0,0,0,0,0,0,0,0,0,0,24.1581,311.54,0,0.000121485,0.004509,
4,14,4,0.617307,0,0.221825,0,0,0,0.351715,0.718346,0.960451,0,0,0,2.86964,0.514355,0,0,0,0,0,0,0.0259366,0,0,0.540292,0,0,0,0,0,0,0,0,0,0,0,24.186,311.54,0,0.000121711,0.004509,
4,14,5,0.608968,0,0.221825,0,0,0,0.519197,0.732318,1.08051,0,0,0,3.16282,0.507407,0,0,0,0,0,0,0.0291787,0,0,0.536586,0,0,0,0,0,0,0,0,0,0,0,24.2142,311.54,0,0.000122109,0.004509,
4,14,6,0.538886,0,0.221825,0,0,0,0.703426,0.753275,1.26059,0,0,0,3.47801,0.449013,0,0,0,0.123409,0,0,0.0340418,0,0,0.606464,0,0,0,0,0,0,0,0,0,0,0,24.2314,311.54,0,0.00012239,0.004509,
4,14,7,0.372937,0,0.221825,0,0,0,0.686679,0.760261,1.32062,0,0,0,3.36232,0.310741,0,0,0,0.588787,0,0,0.0356628,0,0,0.935191,0,0,0,0,0,0,0,0,0,0,0,23.9667,311.54,0,0.000119686,0.004509,
4,14,8,0.224742,0,0.221825,0,0,0,0.56944,0.735811,1.11052,0,0,0,2.86234,0.187261,0,0,0,0.550452,0,0,0.0299892,0,0,0.767702,0,0,0,0,0,0,0,0,0,0,0,19.4107,311.54,0,2.33439e-005,0.004509,
4,14,9,0.110464,0,0.221825,0,0,0,0.4857,0.718346,0.960451,0,0,0,2.49679,0.0920414,0,0,0,0.24492,0,0,0.0259366,0,0,0.362898,0,0,0,0,0,0,0,0,0,0,0,17.0851,311.54,0,0,0.004509,
4,14,10,0.0205684,0,0.221825,0,0,0,0.452204,0.721839,0.990466,0,0,0,2.4069,0.0171381,0,0,0,0.00848252,0,0,0.0267471,0,0,0.0523677,0,0,0,0,0,0,0,0,0,0,0,16.7859,311.54,0,0,0.004509,
4,14,11,0,0,0.221825,0,0,0,0.418708,0.721839,0.990466,0,0,0,2.35284,0,0,0,0,0.0184567,0,0,0.0267471,0,0,0.0452038,0,0,0,0,0,0,0,0,0,0,0,16.8129,311.54,0,0,0.004509,
4,14,12,0,0,0.221825,0,0,0,0.351715,0.718346,0.960451,0,0,0,2.25234,0,0,0,0,0.244535,0,0,0.0259366,0,0,0.270472,0,0,0,0,0,0,0,0,0,0,0,16.8564,311.54,0,0,0.004509,
4,14,13,0,0,0.221825,0,0,0,0.351715,0.721839,0.990466,0,0,0,2.28584,0,0,0,0,0.0833889,0,0,0.0267471,0,0,0.110136,0,0,0,0,0,0,0,0,0,0,0,17.1859,311.54,0,0,0.004509,
4,14,14,0,0,0.221825,0,0,0,0.351715,0.728825,1.0505,0,0,0,2.35286,0,0,0,0,0.3766,0,0,0.0283681,0,0,0.404968,0,0,0,0,0,0,0,0,0,0,0,17.058,311.54,0,0,0.004509,
4,14,15,0,0,0.221825,0,0,0,0.435454,0.735811,1.11052,0,0,0,2.50361,0,0,0,0,0.192984,0,0,0.0299892,0,0,0.222973,0,0,0,0,0,0,0,0,0,0,0,16.9458,311.54,0,0,0.004509,
4,14,16,0,0,0.221825,0,0,0,0.519197,0.760261,1.32062,0,0,0,2.8219,0,0,0,0,0.210339,0,0,0.0356628,0,0,0.246002,0,0,0,0,0,0,0,0,0,0,0,16.8473,311.54,0,0,0.004509,
4,14,17,0,0,0.221825,0,0,0,0.736923,0.791698,1.59075,0,0,0,3.3412,0,0,0,0,0.270952,0,0,0.0429574,0,0,0.313909,0,0,0,0,0,0,0,0,0,0,0,17.7433,311.54,0,0,0.004509,
4,14,18,0,0,0.221825,0,0,0,1.40685,0.809163,1.74082,0,0,0,4.17866,0,0,0,0,0.168789,0,0,0.04701,0,0,0.215799,0,0,0,0,0,0,0,0,0,0,0,24.1257,311.54,0,0.000122049,0.004509,
4,14,19,0,0,0.221825,0,0,0,1.9763,0.816149,1.80085,0,0,0,4.81512,0,0,0,0,0.253528,0,0,0.0486311,0,0,0.302159,0,0,0,0,0,0,0,0,0,0,0,24.3063,311.54,0,0.000126514,0.004509,
4,14,20,0,0,0.221825,0,0,0,1.89255,0.823135,1.86088,0.382647,0,0,5.18104,0,0,0,0,0.159231,0,0,0.0502522,0,0,0.209483,0,0,0,0,0,0,0,0,0,0,0,24.2933,311.54,0,0.000125937,0.004509,
4,14,21,0,0,0.221825,0,0,0,1.60783,0.816149,1.80085,0.382647,0,0,4.8293,0,0,0,0,0.229058,0,0,0.0486311,0,0,0.277689,0,0,0,0,0,0,0,0,0,0,0,24.2952,311.54,0,0.000126008,0.004509,
4,14,22,0,0,0.221825,0,0,0,1.05514,0.788205,1.56074,0.382647,0,0,4.00855,0,0,0,0,0.0192019,0,0,0.042147,0,0,0.0613489,0,0,0,0,0,0,0,0,0,0,0,24.2712,311.54,0,0.000123508,0.004509,
4,14,23,0,0,0.221825,0,0,0,0.636433,0.763754,1.35064,0.382647,0,0,3.3553,0,0,0,0,0.0462451,0,0,0.0364733,0,0,0.0827184,0,0,0,0,0,0,0,0,0,0,0,24.2461,311.54,0,0.000123265,0.004509,
4,14,24,0.0123328,0,0.221825,0,0,0,0.385211,0.735811,1.11052,0,0,0,2.4657,0.010276,0,0,0,0.016383,0,0,0.0299892,0,0,0.0566482,0,0,0,0,0,0,0,0,0,0,0,24.2416,311.54,0,0.00012316,0.004509,
4,15,1,0.103055,0,0.221825,0,0,0,0.318218,0.728825,1.0505,0,0,0,2.42242,0.0858678,0,0,0,0,0,0,0.0283681,0,0,0.114236,0,0,0,0,0,0,0,0,0,0,0,22.9597,311.54,0,9.61315e-005,0.004509,
4,15,2,0.179519,0,0.221825,0,0,0,0.251224,0.725332,1.02048,0,0,0,2.39838,0.14958,0,0,0,0.00685182,0,0,0.0275576,0,0,0.183989,0,0,0,0,0,0,0,0,0,0,0,22.9499,311.54,0,9.59018e-005,0.004509,
4,15,3,0.249487,0,0.221825,0,0,0,0.28472,0.725332,1.02048,0,0,0,2.50185,0.207879,0,0,0,0.000447747,0,0,0.0275576,0,0,0.235884,0,0,0,0,0,0,0,0,0,0,0,22.9509,311.54,0,9.59102e-005,0.004509,
4,15,4,0.371131,0,0.221825,0,0,0,0.351715,0.718346,0.960451,0,0,0,2.62347,0.309236,0,0,0,0.000481069,0,0,0.0259366,0,0,0.335654,0,0,0,0,0,0,0,0,0,0,0,22.9629,311.54,0,9.59687e-005,0.004509,
4,15,5,0.434722,0,0.221825,0,0,0,0.519197,0.732318,1.08051,0,0,0,2.98857,0.36222,0,0,0,0.00125632,0,0,0.0291787,0,0,0.392655,0,0,0,0,0,0,0,0,0,0,0,23.0057,311.54,0,9.68335e-005,0.004509,
4,15,6,0.407597,0,0.221825,0,0,0,0.703426,0.753275,1.26059,0,0,0,3.34672,0.339621,0,0,0,0.0124873,0,0,0.0340418,0,0,0.38615,0,0,0,0,0,0,0,0,0,0,0,23.0123,311.54,0,9.68653e-005,0.004509,
4,15,7,0.215714,0,0.221825,0,0,0,0.686679,0.760261,1.32062,0,0,0,3.2051,0.179738,0,0,0,0.332139,0,0,0.0356628,0,0,0.54754,0,0,0,0,0,0,0,0,0,0,0,22.9369,311.54,0,9.56288e-005,0.004509,
4,15,8,0.0628998,0,0.221825,0,0,0,0.56944,0.735811,1.11052,0,0,0,2.7005,0.0524095,0,0,0,0.190842,0,0,0.0299892,0,0,0.273241,0,0,0,0,0,0,0,0,0,0,0,18.9567,311.54,0,1.82558e-005,0.004509,
4,15,9,0.00397852,0,0.221825,0,0,0,0.4857,0.718346,0.960451,0,0,0,2.3903,0.003315,0,0,0,0.837411,0,0,0.0259366,0,0,0.866663,0,0,0,0,0,0,0,0,0,0,0,16.8223,311.54,0,0,0.004509,
4,15,10,0,0,0.221825,0,0,0,0.452204,0.721839,0.990466,0,0,0,2.38633,0,0,0,0,0.366953,0,0,0.0267471,0,0,0.3937,0,0,0,0,0,0,0,0,0,0,0,16.5922,311.54,0,0,0.004509,
4,15,11,0,0,0.221825,0,0,0,0.418708,0.721839,0.990466,0,0,0,2.35284,0,0,0,0,0.0351437,0,0,0.0267471,0,0,0.0618908,0,0,0,0,0,0,0,0,0,0,0,16.6046,311.54,0,0,0.004509,
4,15,12,0,0,0.221825,0,0,0,0.351715,0.718346,0.960451,0,0,0,2.25234,0,0,0,0,0.162967,0,0,0.0259366,0,0,0.188904,0,0,0,0,0,0,0,0,0,0,0,16.7826,311.54,0,0,0.004509,
4,15,13,0,0,0.221825,0,0,0,0.351715,0.721839,0.990466,0,0,0,2.28584,0,0,0,0,0.0476919,0,0,0.0267471,0,0,0.074439,0,0,0,0,0,0,0,0,0,0,0,16.7369,311.54,0,0,0.004509,
4,15,14,0,0,0.221825,0,0,0,0.351715,0.728825,1.0505,0,0,0,2.35286,0,0,0,0,0.195714,0,0,0.0283681,0,0,0.224082,0,0,0,0,0,0,0,0,0,0,0,16.7514,311.54,0,0,0.004509,
4,15,15,0,0,0.221825,0,0,0,0.435454,0.735811,1.11052,0,0,0,2.50361,0,0,0,0,0.0400098,0,0,0.0299892,0,0,0.069999,0,0,0,0,0,0,0,0,0,0,0,16.6244,311.54,0,0,0.004509,
4,15,16,0,0,0.221825,0,0,0,0.519197,0.760261,1.32062,0,0,0,2.8219,0,0,0,0,0.202942,0,0,0.0356628,0,0,0.238605,0,0,0,0,0,0,0,0,0,0,0,16.8661,311.54,0,0,0.004509,
4,15,17,0,0,0.221825,0,0,0,0.736923,0.791698,1.59075,0,0,0,3.3412,0,0,0,0,0.220422,0,0,0.0429574,0,0,0.263379,0,0,0,0,0,0,0,0,0,0,0,17.5307,311.54,0,2.38858e-006,0.004509,
4,15,18,0,0,0.221825,0,0,0,1.40685,0.809163,1.74082,0,0,0,4.17866,0,0,0,0,0.217387,0,0,0.04701,0,0,0.264397,0,0,0,0,0,0,0,0,0,0,0,22.9773,311.54,0,9.51968e-005,0.004509,
4,15,19,0,0,0.221825,0,0,0,1.9763,0.816149,1.80085,0,0,0,4.81512,0,0,0,0,0.0353187,0,0,0.0486311,0,0,0.0839498,0,0,0,0,0,0,0,0,0,0,0,23.4282,311.54,0,0.000104283,0.004509,
4,15,20,0,0,0.221825,0,0,0,1.89255,0.823135,1.86088,0.382647,0,0,5.18104,0,0,0,0,0.0632794,0,0,0.0502522,0,0,0.113532,0,0,0,0,0,0,0,0,0,0,0,23.3859,311.54,0,0.000103834,0.004509,
4,15,21,0,0,0.221825,0,0,0,1.60783,0.816149,1.80085,0.382647,0,0,4.8293,0,0,0,0,0.254634,0,0,0.0486311,0,0,0.303265,0,0,0,0,0,0,0,0,0,0,0,23.3447,311.54,0,0.000103618,0.004509,
4,15,22,0,0,0.221825,0,0,0,1.05514,0.788205,1.56074,0.382647,0,0,4.00855,0,0,0,0,0.105512,0,0,0.042147,0,0,0.147659,0,0,0,0,0,0,0,0,0,0,0,23.2062,311.54,0,0.000100131,0.004509,
4,15,23,0,0,0.221825,0,0,0,0.636433,0.763754,1.35064,0.382647,0,0,3.3553,0,0,0,0,0.103154,0,0,0.0364733,0,0,0.139627,0,0,0,0,0,0,0,0,0,0,0,22.9935,311.54,0,9.62868e-005,0.004509,
4,15,24,0,0,0.221825,0,0,0,0.385211,0.735811,1.11052,0,0,0,2.45337,0,0,0,0,0.0171502,0,0,0.0299892,0,0,0.0471394,0,0,0,0,0,0,0,0,0,0,0,22.9907,311.54,0,9.62422e-005,0.004509,
4,16,1,0,0,0.221825,0,0,0,0.318218,0.728825,1.0505,0,0,0,2.31936,0,0,0,0,0,0,0,0.0283681,0,0,0.0283681,0,0,0,0,0,0,0,0,0,0,0,22.2819,311.54,0,7.16754e-005,0.004509,
4,16,2,0,0,0.221825,0,0,0,0.251224,0.725332,1.02048,0,0,0,2.21886,0,0,0,0,0,0,0,0.0275576,0,0,0.0275576,0,0,0,0,0,0,0,0,0,0,0,22.2764,311.54,0,7.14533e-005,0.004509,
4,16,3,0,0,0.221825,0,0,0,0.28472,0.725332,1.02048,0,0,0,2.25236,0,0,0,0,0,0,0,0.0275576,0,0,0.0275576,0,0,0,0,0,0,0,0,0,0,0,22.2743,311.54,0,7.14033e-005,0.004509,
4,16,4,0.00162057,0,0.221825,0,0,0,0.351715,0.718346,0.960451,0,0,0,2.25396,0.00135029,0,0,0,0,0,0,0.0259366,0,0,0.0272869,0,0,0,0,0,0,0,0,0,0,0,22.2684,311.54,0,7.15797e-005,0.004509,
4,16,5,0.0670844,0,0.221825,0,0,0,0.519197,0.732318,1.08051,0,0,0,2.62093,0.0558965,0,0,0,0.047305,0,0,0.0291787,0,0,0.13238,0,0,0,0,0,0,0,0,0,0,0,22.3048,311.54,0,7.21978e-005,0.004509,
4,16,6,0.0541603,0,0.221825,0,0,0,0.703426,0.753275,1.26059,0,0,0,2.99328,0.0451276,0,0,0,1.05728,0,0,0.0340418,0,0,1.13645,0,0,0,0,0,0,0,0,0,0,0,22.3819,311.54,0,7.40958e-005,0.004509,
4,16,7,0.00473115,0,0.221825,0,0,0,0.686679,0.760261,1.32062,0,0,0,2.99412,0.00394213,0,0,0,0.210867,0,0,0.0356628,0,0,0.250472,0,0,0,0,0,0,0,0,0,0,0,22.1209,311.54,0,6.9798e-005,0.004509,
4,16,8,0,0,0.221825,0,0,0,0.56944,0.735811,1.11052,0,0,0,2.6376,0,0,0,0,0.294421,0,0,0.0299892,0,0,0.32441,0,0,0,0,0,0,0,0,0,0,0,18.0784,311.54,0,7.82064e-006,0.004509,
4,16,9,0,0,0.221825,0,0,0,0.4857,0.718346,0.960451,0,0,0,2.38632,0,0,0,0,0.647208,0,0,0.0259366,0,0,0.673145,0,0,0,0,0,0,0,0,0,0,0,16.5976,311.54,0,0,0.004509,
4,16,10,0,0,0.221825,0,0,0,0.452204,0.721839,0.990466,0,0,0,2.38633,0,0,0,0,0.389804,0,0,0.0267471,0,0,0.416551,0,0,0,0,0,0,0,0,0,0,0,16.2715,311.54,0,0,0.004509,
4,16,11,0,0,0.221825,0,0,0,0.418708,0.721839,0.990466,0,0,0,2.35284,0,0,0,0,0.112335,0,0,0.0267471,0,0,0.139082,0,0,0,0,0,0,0,0,0,0,0,16.2847,311.54,0,0,0.004509,
4,16,12,0,0,0.221825,0,0,0,0.351715,0.718346,0.960451,0,0,0,2.25234,0,0,0,0,0.244847,0,0,0.0259366,0,0,0.270784,0,0,0,0,0,0,0,0,0,0,0,16.5303,311.54,0,0,0.004509,
4,16,13,0,0,0.221825,0,0,0,0.351715,0.721839,0.990466,0,0,0,2.28584,0,0,0,0,0.146159,0,0,0.0267471,0,0,0.172906,0,0,0,0,0,0,0,0,0,0,0,16.479,311.54,0,0,0.004509,
4,16,14,0,0,0.221825,0,0,0,0.351715,0.728825,1.0505,0,0,0,2.35286,0,0,0,0,0.217626,0,0,0.0283681,0,0,0.245994,0,0,0,0,0,0,0,0,0,0,0,16.6399,311.54,0,0,0.004509,
4,16,15,0,0,0.221825,0,0,0,0.435454,0.735811,1.11052,0,0,0,2.50361,0,0,0,0,0.107234,0,0,0.0299892,0,0,0.137223,0,0,0,0,0,0,0,0,0,0,0,16.462,311.54,0,0,0.004509,
4,16,16,0,0,0.221825,0,0,0,0.519197,0.760261,1.32062,0,0,0,2.8219,0,0,0,0,0.0997,0,0,0.0356628,0,0,0.135363,0,0,0,0,0,0,0,0,0,0,0,16.712,311.54,0,0,0.004509,
4,16,17,0,0,0.221825,0,0,0,0.736923,0.791698,1.59075,0,0,0,3.3412,0,0,0,0,0.0989666,0,0,0.0429574,0,0,0.141924,0,0,0,0,0,0,0,0,0,0,0,17.3567,311.54,0,0,0.004509,
4,16,18,0,0,0.221825,0,0,0,1.40685,0.809163,1.74082,0,0,0,4.17866,0,0,0,0,0.34461,0,0,0.04701,0,0,0.39162,0,0,0,0,0,0,0,0,0,0,0,22.187,311.54,0,7.1941e-005,0.004509,
4,16,19,0,0,0.221825,0,0,0,1.9763,0.816149,1.80085,0,0,0,4.81512,0,0,0,0,0.494962,0,0,0.0486311,0,0,0.543593,0,0,0,0,0,0,0,0,0,0,0,22.8625,311.54,0,8.12668e-005,0.004509,
4,16,20,0,0,0.221825,0,0,0,1.89255,0.823135,1.86088,0.382647,0,0,5.18104,0,0,0,0,0.304822,0,0,0.0502522,0,0,0.355074,0,0,0,0,0,0,0,0,0,0,0,22.8165,311.54,0,7.92611e-005,0.004509,
4,16,21,0,0,0.221825,0,0,0,1.60783,0.816149,1.80085,0.382647,0,0,4.8293,0,0,0,0,0.0937618,0,0,0.0486311,0,0,0.142393,0,0,0,0,0,0,0,0,0,0,0,22.6454,311.54,0,7.61274e-005,0.004509,
4,16,22,0,0,0.221825,0,0,0,1.05514,0.788205,1.56074,0.382647,0,0,4.00855,0,0,0,0,0.0249316,0,0,0.042147,0,0,0.0670786,0,0,0,0,0,0,0,0,0,0,0,22.3822,311.54,0,7.34691e-005,0.004509,
4,16,23,0,0,0.221825,0,0,0,0.636433,0.763754,1.35064,0.382647,0,0,3.3553,0,0,0,0,0.230704,0,0,0.0364733,0,0,0.267177,0,0,0,0,0,0,0,0,0,0,0,22.3088,311.54,0,7.29907e-005,0.004509,
4,16,24,0,0,0.221825,0,0,0,0.385211,0.735811,1.11052,0,0,0,2.45337,0,0,0,0,0.0020263,0,0,0.0299892,0,0,0.0320155,0,0,0,0,0,0,0,0,0,0,0,22.2414,311.54,0,7.16076e-005,0.004509,
4,17,1,0,0,0.221825,0,0,0,0.318218,0.728825,1.0505,0,0,0,2.31936,0,0,0,0,0.000467714,0,0,0.0283681,0,0,0.0288358,0,0,0,0,0,0,0,0,0,0,0,22.2093,311.54,0,7.14413e-005,0.004509,
4,17,2,0,0,0.221825,0,0,0,0.251224,0.725332,1.02048,0,0,0,2.21886,0,0,0,0,0.01186,0,0,0.0275576,0,0,0.0394176,0,0,0,0,0,0,0,0,0,0,0,22.1523,311.54,0,6.99165e-005,0.004509,
4,17,3,0,0,0.221825,0,0,0,0.28472,0.725332,1.02048,0,0,0,2.25236,0,0,0,0,0,0,0,0.0275576,0,0,0.0275576,0,0,0,0,0,0,0,0,0,0,0,22.1225,311.54,0,6.92275e-005,0.004509,
4,17,4,0,0,0.221825,0,0,0,0.351715,0.718346,0.960451,0,0,0,2.25234,0,0,0,0,0,0,0,0.0259366,0,0,0.0259366,0,0,0,0,0,0,0,0,0,0,0,22.1264,311.54,0,6.90907e-005,0.004509,
4,17,5,0,0,0.221825,0,0,0,0.519197,0.732318,1.08051,0,0,0,2.55385,0,0,0,0,0.0261996,0,0,0.0291787,0,0,0.0553783,0,0,0,0,0,0,0,0,0,0,0,22.173,311.54,0,6.97338e-005,0.004509,
4,17,6,0,0,0.221825,0,0,0,0.703426,0.753275,1.26059,0,0,0,2.93912,0,0,0,0,0.21955,0,0,0.0340418,0,0,0.253592,0,0,0,0,0,0,0,0,0,0,0,22.216,311.54,0,7.13005e-005,0.004509,
4,17,7,0,0,0.221825,0,0,0,0.686679,0.760261,1.32062,0,0,0,2.98939,0,0,0,0,0.199527,0,0,0.0356628,0,0,0.23519,0,0,0,0,0,0,0,0,0,0,0,21.4776,311.54,0,4.5032e-005,0.004509,
4,17,8,0,0,0.221825,0,0,0,0.56944,0.735811,1.11052,0,0,0,2.6376,0,0,0,0,0.506477,0,0,0.0299892,0,0,0.536466,0,0,0,0,0,0,0,0,0,0,0,17.662,311.54,0,5.6465e-006,0.004509,
4,17,9,0,0,0.221825,0,0,0,0.4857,0.718346,0.960451,0,0,0,2.38632,0,0,0,0,0.264099,0,0,0.0259366,0,0,0.290036,0,0,0,0,0,0,0,0,0,0,0,16.457,311.54,0,0,0.004509,
4,17,10,0,0,0.221825,0,0,0,0.452204,0.721839,0.990466,0,0,0,2.38633,0,0,0,0,0.140719,0,0,0.0267471,0,0,0.167466,0,0,0,0,0,0,0,0,0,0,0,16.2368,311.54,0,0,0.004509,
4,17,11,0,0,0.221825,0,0,0,0.418708,0.721839,0.990466,0,0,0,2.35284,0,0,0,0,0.044086,0,0,0.0267471,0,0,0.0708331,0,0,0,0,0,0,0,0,0,0,0,16.1947,311.54,0,0,0.004509,
4,17,12,0,0,0.221825,0,0,0,0.351715,0.718346,0.960451,0,0,0,2.25234,0,0,0,0,0.0999043,0,0,0.0259366,0,0,0.125841,0,0,0,0,0,0,0,0,0,0,0,16.3889,311.54,0,0,0.004509,
4,17,13,0,0,0.221825,0,0,0,0.351715,0.721839,0.990466,0,0,0,2.28584,0,0,0,0,0.0239253,0,0,0.0267471,0,0,0.0506724,0,0,0,0,0,0,0,0,0,0,0,16.2318,311.54,0,0,0.004509,
4,17,14,0,0,0.221825,0,0,0,0.351715,0.728825,1.0505,0,0,0,2.35286,0,0,0,0,0.0270661,0,0,0.0283681,0,0,0.0554342,0,0,0,0,0,0,0,0,0,0,0,16.2184,311.54,0,0,0.004509,
4,17,15,0,0,0.221825,0,0,0,0.435454,0.735811,1.11052,0,0,0,2.50361,0,0,0,0,0.0999198,0,0,0.0299892,0,0,0.129909,0,0,0,0,0,0,0,0,0,0,0,16.3373,311.54,0,0,0.004509,
4,17,16,0,0,0.221825,0,0,0,0.519197,0.760261,1.32062,0,0,0,2.8219,0,0,0,0,0.106675,0,0,0.0356628,0,0,0.142338,0,0,0,0,0,0,0,0,0,0,0,16.4122,311.54,0,0,0.004509,
4,17,17,0,0,0.221825,0,0,0,0.736923,0.791698,1.59075,0,0,0,3.3412,0,0,0,0,0.123235,0,0,0.0429574,0,0,0.166192,0,0,0,0,0,0,0,0,0,0,0,17.1567,311.54,0,0,0.004509,
4,17,18,0,0,0.221825,0,0,0,1.40685,0.809163,1.74082,0,0,0,4.17866,0,0,0,0,0.165392,0,0,0.04701,0,0,0.212402,0,0,0,0,0,0,0,0,0,0,0,22.2384,311.54,0,7.22792e-005,0.004509,
4,17,19,0,0,0.221825,0,0,0,1.9763,0.816149,1.80085,0,0,0,4.81512,0,0,0,0,0.0387796,0,0,0.0486311,0,0,0.0874107,0,0,0,0,0,0,0,0,0,0,0,22.3731,311.54,0,7.35967e-005,0.004509,
4,17,20,0,0,0.221825,0,0,0,1.89255,0.823135,1.86088,0.382647,0,0,5.18104,0,0,0,0,0.042531,0,0,0.0502522,0,0,0.0927832,0,0,0,0,0,0,0,0,0,0,0,22.3085,311.54,0,7.31995e-005,0.004509,
4,17,21,0,0,0.221825,0,0,0,1.60783,0.816149,1.80085,0.382647,0,0,4.8293,0,0,0,0,0.0457119,0,0,0.0486311,0,0,0.094343,0,0,0,0,0,0,0,0,0,0,0,22.3003,311.54,0,7.32641e-005,0.004509,
4,17,22,0,0,0.221825,0,0,0,1.05514,0.788205,1.56074,0.382647,0,0,4.00855,0,0,0,0,0.0102067,0,0,0.042147,0,0,0.0523537,0,0,0,0,0,0,0,0,0,0,0,22.2304,311.54,0,7.23802e-005,0.004509,
4,17,23,0,0,0.221825,0,0,0,0.636433,0.763754,1.35064,0.382647,0,0,3.3553,0,0,0,0,0.0448922,0,0,0.0364733,0,0,0.0813655,0,0,0,0,0,0,0,0,0,0,0,22.2065,311.54,0,7.17196e-005,0.004509,
4,17,24,0,0,0.221825,0,0,0,0.385211,0.735811,1.11052,0,0,0,2.45337,0,0,0,0,0,0,0,0.0299892,0,0,0.0299892,0,0,0,0,0,0,0,0,0,0,0,22.1749,311.54,0,7.12812e-005,0.004509,
4,18,1,0,0,0.221825,0,0,0,0.318218,0.728825,1.0505,0,0,0,2.31936,0,0,0,0,0,0,0,0.0283681,0,0,0.0283681,0,0,0,0,0,0,0,0,0,0,0,23.8476,311.54,0,0.000121797,0.004509,
4,18,2,0,0,0.221825,0,0,0,0.251224,0.725332,1.02048,0,0,0,2.21886,0,0,0,0,0,0,0,0.0275576,0,0,0.0275576,0,0,0,0,0,0,0,0,0,0,0,23.8128,311.54,0,0.000121743,0.004509,
4,18,3,0,0,0.221825,0,0,0,0.28472,0.725332,1.02048,0,0,0,2.25236,0,0,0,0,0,0,0,0.0275576,0,0,0.0275576,0,0,0,0,0,0,0,0,0,0,0,23.7933,311.54,0,0.000121568,0.004509,
4,18,4,0,0,0.221825,0,0,0,0.351715,0.718346,0.960451,0,0,0,2.25234,0,0,0,0,0,0,0,0.0259366,0,0,0.0259366,0,0,0,0,0,0,0,0,0,0,0,23.7947,311.54,0,0.000121621,0.004509,
4,18,5,0,0,0.221825,0,0,0,0.519197,0.732318,1.08051,0,0,0,2.55385,0,0,0,0,0.00330927,0,0,0.0291787,0,0,0.032488,0,0,0,0,0,0,0,0,0,0,0,23.8255,311.54,0,0.000121707,0.004509,
4,18,6,0,0,0.221825,0,0,0,0.703426,0.753275,1.26059,0,0,0,2.93912,0,0,0,0,0.0181134,0,0,0.0340418,0,0,0.0521552,0,0,0,0,0,0,0,0,0,0,0,23.8563,311.54,0,0.000121944,0.004509,
4,18,7,0,0,0.221825,0,0,0,0.686679,0.760261,1.32062,0,0,0,2.98939,0,0,0,0,0.330048,0,0,0.0356628,0,0,0.365711,0,0,0,0,0,0,0,0,0,0,0,23.2658,311.54,0,0.000111479,0.004509,
4,18,8,0,0,0.221825,0,0,0,0.56944,0.735811,1.11052,0,0,0,2.6376,0,0,0,0,0.253876,0,0,0.0299892,0,0,0.283865,0,0,0,0,0,0,0,0,0,0,0,20.2889,311.54,0,3.75011e-005,0.004509,
4,18,9,0,0,0.221825,0,0,0,0.4857,0.718346,0.960451,0,0,0,2.38632,0,0,0,0,0.873511,0,0,0.0259366,0,0,0.899448,0,0,0,0,0,0,0,0,0,0,0,18.7054,311.54,0,1.22323e-005,0.004509,
4,18,10,0,0,0.221825,0,0,0,0.452204,0.721839,0.990466,0,0,0,2.38633,0,0,0,0,0.131424,0,0,0.0267471,0,0,0.158171,0,0,0,0,0,0,0,0,0,0,0,18.3836,311.54,0,0,0.004509,
4,18,11,0,0,0.221825,0,0,0,0.418708,0.721839,0.990466,0,0,0,2.35284,0,0,0,0,0.0845824,0,0,0.0267471,0,0,0.11133,0,0,0,0,0,0,0,0,0,0,0,18.3767,311.54,0,0,0.004509,
4,18,12,0,0,0.221825,0,0,0,0.351715,0.718346,0.960451,0,0,0,2.25234,0,0,0,0,0.323519,0,0,0.0259366,0,0,0.349456,0,0,0,0,0,0,0,0,0,0,0,18.3514,311.54,0,0,0.004509,
4,18,13,0,0,0.221825,0,0,0,0.351715,0.721839,0.990466,0,0,0,2.28584,0,0,0,0,0.137752,0,0,0.0267471,0,0,0.164499,0,0,0,0,0,0,0,0,0,0,0,18.3499,311.54,0,0,0.004509,
4,18,14,0,0,0.221825,0,0,0,0.351715,0.728825,1.0505,0,0,0,2.35286,0,0,0,0,0.175357,0,0,0.0283681,0,0,0.203725,0,0,0,0,0,0,0,0,0,0,0,18.4628,311.54,0,0,0.004509,
4,18,15,0,0,0.221825,0,0,0,0.435454,0.735811,1.11052,0,0,0,2.50361,0,0,0,0,0.0385347,0,0,0.0299892,0,0,0.0685239,0,0,0,0,0,0,0,0,0,0,0,18.4165,311.54,0,0,0.004509,
4,18,16,0,0,0.221825,0,0,0,0.519197,0.760261,1.32062,0,0,0,2.8219,0,0,0,0,0.0336215,0,0,0.0356628,0,0,0.0692843,0,0,0,0,0,0,0,0,0,0,0,18.5218,311.54,0,2.99058e-006,0.004509,
4,18,17,0,0,0.221825,0,0,0,0.736923,0.791698,1.59075,0,0,0,3.3412,0,0,0,0,0.448324,0,0,0.0429574,0,0,0.491281,0,0,0,0,0,0,0,0,0,0,0,19.2123,311.54,0,1.5806e-005,0.004509,
4,18,18,0,0,0.221825,0,0,0,1.40685,0.809163,1.74082,0,0,0,4.17866,0,0,0,0,0.14542,0,0,0.04701,0,0,0.19243,0,0,0,0,0,0,0,0,0,0,0,23.9425,311.54,0,0.000121923,0.004509,
4,18,19,0,0,0.221825,0,0,0,1.9763,0.816149,1.80085,0,0,0,4.81512,0,0,0,0,0.0273002,0,0,0.0486311,0,0,0.0759313,0,0,0,0,0,0,0,0,0,0,0,24.048,311.54,0,0.000125191,0.004509,
4,18,20,0,0,0.221825,0,0,0,1.89255,0.823135,1.86088,0.382647,0,0,5.18104,0,0,0,0,0.077553,0,0,0.0502522,0,0,0.127805,0,0,0,0,0,0,0,0,0,0,0,24.0444,311.54,0,0.000125035,0.004509,
4,18,21,0,0,0.221825,0,0,0,1.60783,0.816149,1.80085,0.382647,0,0,4.8293,0,0,0,0,0.116742,0,0,0.0486311,0,0,0.165373,0,0,0,0,0,0,0,0,0,0,0,24.0088,311.54,0,0.000123281,0.004509,
4,18,22,0,0,0.221825,0,0,0,1.05514,0.788205,1.56074,0.382647,0,0,4.00855,0,0,0,0,0.00585434,0,0,0.042147,0,0,0.0480013,0,0,0,0,0,0,0,0,0,0,0,23.9564,311.54,0,0.000122668,0.004509,
4,18,23,0,0,0.221825,0,0,0,0.636433,0.763754,1.35064,0.382647,0,0,3.3553,0,0,0,0,0.00088488,0,0,0.0364733,0,0,0.0373582,0,0,0,0,0,0,0,0,0,0,0,23.9427,311.54,0,0.000122339,0.004509,
4,18,24,0,0,0.221825,0,0,0,0.385211,0.735811,1.11052,0,0,0,2.45337,0,0,0,0,0,0,0,0.0299892,0,0,0.0299892,0,0,0,0,0,0,0,0,0,0,0,23.9405,311.54,0,0.00012201,0.004509,
4,19,1,0,0,0.221825,0,0,0,0.318218,0.728825,1.0505,0,0,0,2.31936,0,0,0,0,0,0,0,0.0283681,0,0,0.0283681,0,0,0,0,0,0,0,0,0,0,0,24.2283,311.54,0,0.000125056,0.004509,
4,19,2,0,0,0.221825,0,0,0,0.251224,0.725332,1.02048,0,0,0,2.21886,0,0,0,0,0,0,0,0.0275576,0,0,0.0275576,0,0,0,0,0,0,0,0,0,0,0,24.2265,311.54,0,0.00012514,0.004509,
4,19,3,0,0,0.221825,0,0,0,0.28472,0.725332,1.02048,0,0,0,2.25236,0,0,0,0,0.000264493,0,0,0.0275576,0,0,0.0278221,0,0,0,0,0,0,0,0,0,0,0,24.2273,311.54,0,0.000124902,0.004509,
4,19,4,0,0,0.221825,0,0,0,0.351715,0.718346,0.960451,0,0,0,2.25234,0,0,0,0,0,0,0,0.0259366,0,0,0.0259366,0,0,0,0,0,0,0,0,0,0,0,24.2287,311.54,0,0.00012516,0.004509,
4,19,5,0,0,0.221825,0,0,0,0.519197,0.732318,1.08051,0,0,0,2.55385,0,0,0,0,0.00660923,0,0,0.0291787,0,0,0.0357879,0,0,0,0,0,0,0,0,0,0,0,24.2294,311.54,0,0.000125279,0.004509,
4,19,6,0,0,0.221825,0,0,0,0.703426,0.753275,1.26059,0,0,0,2.93912,0,0,0,0,0.0679162,0,0,0.0340418,0,0,0.101958,0,0,0,0,0,0,0,0,0,0,0,24.2386,311.54,0,0.000125368,0.004509,
4,19,7,0,0,0.221825,0,0,0,0.686679,0.760261,1.32062,0,0,0,2.98939,0,0,0,0,0.27501,0,0,0.0356628,0,0,0.310673,0,0,0,0,0,0,0,0,0,0,0,23.5568,311.54,0,0.000117275,0.004509,
4,19,8,0,0,0.221825,0,0,0,0.56944,0.735811,1.11052,0,0,0,2.6376,0,0,0,0,0.206837,0,0,0.0299892,0,0,0.236826,0,0,0,0,0,0,0,0,0,0,0,20.3273,311.54,0,4.05022e-005,0.004509,
4,19,9,0,0,0.221825,0,0,0,0.4857,0.718346,0.960451,0,0,0,2.38632,0,0,0,0,0.250818,0,0,0.0259366,0,0,0.276755,0,0,0,0,0,0,0,0,0,0,0,17.9072,311.54,0,1.28948e-005,0.004509,
4,19,10,0,0,0.221825,0,0,0,0.452204,0.721839,0.990466,0,0,0,2.38633,0,0,0,0,0.333714,0,0,0.0267471,0,0,0.360461,0,0,0,0,0,0,0,0,0,0,0,17.6095,311.54,0,4.17653e-006,0.004509,
4,19,11,0,0,0.221825,0,0,0,0.418708,0.721839,0.990466,0,0,0,2.35284,0,0,0,0,0.106701,0,0,0.0267471,0,0,0.133448,0,0,0,0,0,0,0,0,0,0,0,17.4848,311.54,0,0,0.004509,
4,19,12,0,0,0.221825,0,0,0,0.351715,0.718346,0.960451,0,0,0,2.25234,0,0,0,0,0.0952352,0,0,0.0259366,0,0,0.121172,0,0,0,0,0,0,0,0,0,0,0,17.4792,311.54,0,0,0.004509,
4,19,13,0,0,0.221825,0,0,0,0.351715,0.721839,0.990466,0,0,0,2.28584,0,0,0,0,0.0930033,0,0,0.0267471,0,0,0.11975,0,0,0,0,0,0,0,0,0,0,0,17.4997,311.54,0,0,0.004509,
4,19,14,0,0,0.221825,0,0,0,0.351715,0.728825,1.0505,0,0,0,2.35286,0,0,0,0,0.0782284,0,0,0.0283681,0,0,0.106597,0,0,0,0,0,0,0,0,0,0,0,17.4271,311.54,0,0,0.004509,
4,19,15,0,0,0.221825,0,0,0,0.435454,0.735811,1.11052,0,0,0,2.50361,0,0,0,0,0.051837,0,0,0.0299892,0,0,0.0818262,0,0,0,0,0,0,0,0,0,0,0,17.389,311.54,0,0,0.004509,
4,19,16,0,0,0.221825,0,0,0,0.519197,0.760261,1.32062,0,0,0,2.8219,0,0,0,0,0.0174823,0,0,0.0356628,0,0,0.0531451,0,0,0,0,0,0,0,0,0,0,0,17.6114,311.54,0,0,0.004509,
4,19,17,0,0,0.221825,0,0,0,0.736923,0.791698,1.59075,0,0,0,3.3412,0,0,0,0,0.396446,0,0,0.0429574,0,0,0.439403,0,0,0,0,0,0,0,0,0,0,0,18.3327,311.54,0,1.85346e-005,0.004509,
4,19,18,0,0,0.221825,0,0,0,1.40685,0.809163,1.74082,0,0,0,4.17866,0,0,0,0,0.365742,0,0,0.04701,0,0,0.412752,0,0,0,0,0,0,0,0,0,0,0,24.181,311.54,0,0.000122642,0.004509,
4,19,19,0,0,0.221825,0,0,0,1.9763,0.816149,1.80085,0,0,0,4.81512,0,0,0,0,0.0613005,0,0,0.0486311,0,0,0.109932,0,0,0,0,0,0,0,0,0,0,0,24.4493,311.54,0,0.000128739,0.004509,
4,19,20,0,0,0.221825,0,0,0,1.89255,0.823135,1.86088,0.382647,0,0,5.18104,0,0,0,0,0.314955,0,0,0.0502522,0,0,0.365207,0,0,0,0,0,0,0,0,0,0,0,24.4303,311.54,0,0.000128898,0.004509,
4,19,21,0,0,0.221825,0,0,0,1.60783,0.816149,1.80085,0.382647,0,0,4.8293,0,0,0,0,0.367687,0,0,0.0486311,0,0,0.416318,0,0,0,0,0,0,0,0,0,0,0,24.4143,311.54,0,0.000127968,0.004509,
4,19,22,0,0,0.221825,0,0,0,1.05514,0.788205,1.56074,0.382647,0,0,4.00855,0,0,0,0,0.0136784,0,0,0.042147,0,0,0.0558254,0,0,0,0,0,0,0,0,0,0,0,24.3678,311.54,0,0.000127935,0.004509,
4,19,23,0,0,0.221825,0,0,0,0.636433,0.763754,1.35064,0.382647,0,0,3.3553,0,0,0,0,0.000274417,0,0,0.0364733,0,0,0.0367477,0,0,0,0,0,0,0,0,0,0,0,24.2987,311.54,0,0.000127386,0.004509,
4,19,24,0,0,0.221825,0,0,0,0.385211,0.735811,1.11052,0,0,0,2.45337,0,0,0,0,0,0,0,0.0299892,0,0,0.0299892,0,0,0,0,0,0,0,0,0,0,0,24.2838,311.54,0,0.000126606,0.004509,
4,20,1,0,0,0.221825,0,0,0,0.318218,0.728825,1.0505,0,0,0,2.31936,0,0,0,0,0,0,0,0.0283681,0,0,0.0283681,0,0,0,0,0,0,0,0,0,0,0,23.2826,311.54,0,9.27595e-005,0.004509,
4,20,2,0,0,0.221825,0,0,0,0.251224,0.725332,1.02048,0,0,0,2.21886,0,0,0,0,0.00187159,0,0,0.0275576,0,0,0.0294292,0,0,0,0,0,0,0,0,0,0,0,23.235,311.54,0,9.18236e-005,0.004509,
4,20,3,0,0,0.221825,0,0,0,0.28472,0.725332,1.02048,0,0,0,2.25236,0,0,0,0,0,0,0,0.0275576,0,0,0.0275576,0,0,0,0,0,0,0,0,0,0,0,23.2325,311.54,0,9.18946e-005,0.004509,
4,20,4,0,0,0.221825,0,0,0,0.351715,0.718346,0.960451,0,0,0,2.25234,0,0,0,0,0.0134332,0,0,0.0259366,0,0,0.0393698,0,0,0,0,0,0,0,0,0,0,0,23.2498,311.54,0,9.19777e-005,0.004509,
4,20,5,0,0,0.221825,0,0,0,0.519197,0.732318,1.08051,0,0,0,2.55385,0,0,0,0,0.170387,0,0,0.0291787,0,0,0.199566,0,0,0,0,0,0,0,0,0,0,0,23.2588,311.54,0,9.21977e-005,0.004509,
4,20,6,0,0,0.221825,0,0,0,0.703426,0.753275,1.26059,0,0,0,2.93912,0,0,0,0,0.0921071,0,0,0.0340418,0,0,0.126149,0,0,0,0,0,0,0,0,0,0,0,23.284,311.54,0,9.38216e-005,0.004509,
4,20,7,0,0,0.221825,0,0,0,0.686679,0.760261,1.32062,0,0,0,2.98939,0,0,0,0,0.546394,0,0,0.0356628,0,0,0.582057,0,0,0,0,0,0,0,0,0,0,0,23.1351,311.54,0,9.11956e-005,0.004509,
4,20,8,0,0,0.221825,0,0,0,0.56944,0.735811,1.11052,0,0,0,2.6376,0,0,0,0,0.440684,0,0,0.0299892,0,0,0.470673,0,0,0,0,0,0,0,0,0,0,0,20.4217,311.54,0,2.56402e-005,0.004509,
4,20,9,0,0,0.221825,0,0,0,0.4857,0.718346,0.960451,0,0,0,2.38632,0,0,0,0,0.211052,0,0,0.0259366,0,0,0.236989,0,0,0,0,0,0,0,0,0,0,0,18.8276,311.54,0,5.03868e-006,0.004509,
4,20,10,0,0,0.221825,0,0,0,0.452204,0.721839,0.990466,0,0,0,2.38633,0,0,0,0,0.163628,0,0,0.0267471,0,0,0.190375,0,0,0,0,0,0,0,0,0,0,0,17.8893,311.54,0,0,0.004509,
4,20,11,0,0,0.221825,0,0,0,0.418708,0.721839,0.990466,0,0,0,2.35284,0,0,0,0,0.0158595,0,0,0.0267471,0,0,0.0426066,0,0,0,0,0,0,0,0,0,0,0,17.7235,311.54,0,0,0.004509,
4,20,12,0,0,0.221825,0,0,0,0.351715,0.718346,0.960451,0,0,0,2.25234,0,0,0,0,0.0201597,0,0,0.0259366,0,0,0.0460963,0,0,0,0,0,0,0,0,0,0,0,17.7123,311.54,0,0,0.004509,
4,20,13,0,0,0.221825,0,0,0,0.351715,0.721839,0.990466,0,0,0,2.28584,0,0,0,0,0.0148726,0,0,0.0267471,0,0,0.0416197,0,0,0,0,0,0,0,0,0,0,0,17.7078,311.54,0,0,0.004509,
4,20,14,0,0,0.221825,0,0,0,0.351715,0.728825,1.0505,0,0,0,2.35286,0,0,0,0,0.385714,0,0,0.0283681,0,0,0.414082,0,0,0,0,0,0,0,0,0,0,0,17.73,311.54,0,0,0.004509,
4,20,15,0,0,0.221825,0,0,0,0.435454,0.735811,1.11052,0,0,0,2.50361,0,0,0,0,0.147163,0,0,0.0299892,0,0,0.177152,0,0,0,0,0,0,0,0,0,0,0,17.6972,311.54,0,0,0.004509,
4,20,16,0,0,0.221825,0,0,0,0.519197,0.760261,1.32062,0,0,0,2.8219,0,0,0,0,0.137868,0,0,0.0356628,0,0,0.173531,0,0,0,0,0,0,0,0,0,0,0,17.7632,311.54,0,0,0.004509,
4,20,17,0,0,0.221825,0,0,0,0.736923,0.791698,1.59075,0,0,0,3.3412,0,0,0,0,0.136861,0,0,0.0429574,0,0,0.179818,0,0,0,0,0,0,0,0,0,0,0,18.3602,311.54,0,3.03606e-006,0.004509,
4,20,18,0,0,0.221825,0,0,0,1.40685,0.809163,1.74082,0,0,0,4.17866,0,0,0,0,0.0904624,0,0,0.04701,0,0,0.137472,0,0,0,0,0,0,0,0,0,0,0,23.1973,311.54,0,9.25658e-005,0.004509,
4,20,19,0,0,0.221825,0,0,0,1.9763,0.816149,1.80085,0,0,0,4.81512,0,0,0,0,0.0856113,0,0,0.0486311,0,0,0.134242,0,0,0,0,0,0,0,0,0,0,0,23.3354,311.54,0,9.49314e-005,0.004509,
4,20,20,0,0,0.221825,0,0,0,1.89255,0.823135,1.86088,0.382647,0,0,5.18104,0,0,0,0,0.0766936,0,0,0.0502522,0,0,0.126946,0,0,0,0,0,0,0,0,0,0,0,23.3055,311.54,0,9.39403e-005,0.004509,
4,20,21,0,0,0.221825,0,0,0,1.60783,0.816149,1.80085,0.382647,0,0,4.8293,0,0,0,0,0.141452,0,0,0.0486311,0,0,0.190083,0,0,0,0,0,0,0,0,0,0,0,23.3013,311.54,0,9.37711e-005,0.004509,
4,20,22,0,0,0.221825,0,0,0,1.05514,0.788205,1.56074,0.382647,0,0,4.00855,0,0,0,0,0.0220118,0,0,0.042147,0,0,0.0641588,0,0,0,0,0,0,0,0,0,0,0,23.2411,311.54,0,9.23017e-005,0.004509,
4,20,23,0,0,0.221825,0,0,0,0.636433,0.763754,1.35064,0.382647,0,0,3.3553,0,0,0,0,0.0341287,0,0,0.0364733,0,0,0.070602,0,0,0,0,0,0,0,0,0,0,0,23.1796,311.54,0,9.1737e-005,0.004509,
4,20,24,0,0,0.221825,0,0,0,0.385211,0.735811,1.11052,0,0,0,2.45337,0,0,0,0,0.00151405,0,0,0.0299892,0,0,0.0315033,0,0,0,0,0,0,0,0,0,0,0,23.1619,311.54,0,9.14602e-005,0.004509,
4,21,1,0,0,0.221825,0,0,0,0.318218,0.728825,1.0505,0,0,0,2.31936,0,0,0,0,0.000907193,0,0,0.0283681,0,0,0.0292753,0,0,0,0,0,0,0,0,0,0,0,22.873,311.54,0,8.96367e-005,0.004509,
4,21,2,0,0,0.221825,0,0,0,0.251224,0.725332,1.02048,0,0,0,2.21886,0,0,0,0,0,0,0,0.0275576,0,0,0.0275576,0,0,0,0,0,0,0,0,0,0,0,22.8718,311.54,0,8.9706e-005,0.004509,
4,21,3,0,0,0.221825,0,0,0,0.28472,0.725332,1.02048,0,0,0,2.25236,0,0,0,0,0.00141236,0,0,0.0275576,0,0,0.02897,0,0,0,0,0,0,0,0,0,0,0,22.8726,311.54,0,8.97254e-005,0.004509,
4,21,4,0,0,0.221825,0,0,0,0.351715,0.718346,0.960451,0,0,0,2.25234,0,0,0,0,0.00121097,0,0,0.0259366,0,0,0.0271476,0,0,0,0,0,0,0,0,0,0,0,22.8741,311.54,0,8.97827e-005,0.004509,
4,21,5,0,0,0.221825,0,0,0,0.519197,0.732318,1.08051,0,0,0,2.55385,0,0,0,0,0.0675267,0,0,0.0291787,0,0,0.0967054,0,0,0,0,0,0,0,0,0,0,0,22.8769,311.54,0,8.98256e-005,0.004509,
4,21,6,0,0,0.221825,0,0,0,0.703426,0.753275,1.26059,0,0,0,2.93912,0,0,0,0,0.211052,0,0,0.0340418,0,0,0.245094,0,0,0,0,0,0,0,0,0,0,0,22.8955,311.54,0,9.0348e-005,0.004509,
4,21,7,0,0,0.221825,0,0,0,0.686679,0.760261,1.32062,0,0,0,2.98939,0,0,0,0,0.203527,0,0,0.0356628,0,0,0.23919,0,0,0,0,0,0,0,0,0,0,0,22.5192,311.54,0,8.24725e-005,0.004509,
4,21,8,0,0,0.221825,0,0,0,0.56944,0.735811,1.11052,0,0,0,2.6376,0,0,0,0,0.513974,0,0,0.0299892,0,0,0.543963,0,0,0,0,0,0,0,0,0,0,0,18.1671,311.54,0,1.20146e-005,0.004509,
4,21,9,0,0,0.221825,0,0,0,0.4857,0.718346,0.960451,0,0,0,2.38632,0,0,0,0,0.161096,0,0,0.0259366,0,0,0.187033,0,0,0,0,0,0,0,0,0,0,0,17.0068,311.54,0,7.73351e-007,0.004509,
4,21,10,0,0,0.221825,0,0,0,0.452204,0.721839,0.990466,0,0,0,2.38633,0,0,0,0,0.0717258,0,0,0.0267471,0,0,0.0984729,0,0,0,0,0,0,0,0,0,0,0,16.7209,311.54,0,0,0.004509,
4,21,11,0,0,0.221825,0,0,0,0.418708,0.721839,0.990466,0,0,0,2.35284,0,0,0,0,0.112083,0,0,0.0267471,0,0,0.13883,0,0,0,0,0,0,0,0,0,0,0,16.6818,311.54,0,0,0.004509,
4,21,12,0,0,0.221825,0,0,0,0.351715,0.718346,0.960451,0,0,0,2.25234,0,0,0,0,0.0199905,0,0,0.0259366,0,0,0.0459271,0,0,0,0,0,0,0,0,0,0,0,16.7994,311.54,0,0,0.004509,
4,21,13,0,0,0.221825,0,0,0,0.351715,0.721839,0.990466,0,0,0,2.28584,0,0,0,0,0.0168718,0,0,0.0267471,0,0,0.0436189,0,0,0,0,0,0,0,0,0,0,0,16.9786,311.54,0,0,0.004509,
4,21,14,0,0,0.221825,0,0,0,0.351715,0.728825,1.0505,0,0,0,2.35286,0,0,0,0,0.344203,0,0,0.0283681,0,0,0.372571,0,0,0,0,0,0,0,0,0,0,0,16.7523,311.54,0,0,0.004509,
4,21,15,0,0,0.221825,0,0,0,0.435454,0.735811,1.11052,0,0,0,2.50361,0,0,0,0,0.0904525,0,0,0.0299892,0,0,0.120442,0,0,0,0,0,0,0,0,0,0,0,16.7388,311.54,0,0,0.004509,
4,21,16,0,0,0.221825,0,0,0,0.519197,0.760261,1.32062,0,0,0,2.8219,0,0,0,0,0.0526509,0,0,0.0356628,0,0,0.0883137,0,0,0,0,0,0,0,0,0,0,0,16.878,311.54,0,0,0.004509,
4,21,17,0,0,0.221825,0,0,0,0.736923,0.791698,1.59075,0,0,0,3.3412,0,0,0,0,0.0726247,0,0,0.0429574,0,0,0.115582,0,0,0,0,0,0,0,0,0,0,0,17.18,311.54,0,0,0.004509,
4,21,18,0,0,0.221825,0,0,0,1.40685,0.809163,1.74082,0,0,0,4.17866,0,0,0,0,0.246337,0,0,0.04701,0,0,0.293347,0,0,0,0,0,0,0,0,0,0,0,21.9151,311.54,0,7.31847e-005,0.004509,
4,21,19,0,0,0.221825,0,0,0,1.9763,0.816149,1.80085,0,0,0,4.81512,0,0,0,0,0.203729,0,0,0.0486311,0,0,0.25236,0,0,0,0,0,0,0,0,0,0,0,23.0448,311.54,0,9.3639e-005,0.004509,
4,21,20,0,0,0.221825,0,0,0,1.89255,0.823135,1.86088,0.382647,0,0,5.18104,0,0,0,0,0.155528,0,0,0.0502522,0,0,0.20578,0,0,0,0,0,0,0,0,0,0,0,23.0147,311.54,0,9.31792e-005,0.004509,
4,21,21,0,0,0.221825,0,0,0,1.60783,0.816149,1.80085,0.382647,0,0,4.8293,0,0,0,0,0.0229018,0,0,0.0486311,0,0,0.0715329,0,0,0,0,0,0,0,0,0,0,0,23.0108,311.54,0,9.27948e-005,0.004509,
4,21,22,0,0,0.221825,0,0,0,1.05514,0.788205,1.56074,0.382647,0,0,4.00855,0,0,0,0,0.0101957,0,0,0.042147,0,0,0.0523427,0,0,0,0,0,0,0,0,0,0,0,22.9588,311.54,0,9.12157e-005,0.004509,
4,21,23,0,0,0.221825,0,0,0,0.636433,0.763754,1.35064,0.382647,0,0,3.3553,0,0,0,0,0.0140819,0,0,0.0364733,0,0,0.0505552,0,0,0,0,0,0,0,0,0,0,0,22.9121,311.54,0,9.05486e-005,0.004509,
4,21,24,0,0,0.221825,0,0,0,0.385211,0.735811,1.11052,0,0,0,2.45337,0,0,0,0,0.0051828,0,0,0.0299892,0,0,0.035172,0,0,0,0,0,0,0,0,0,0,0,22.8822,311.54,0,9.03992e-005,0.004509,
4,22,1,0,0,0.221825,0,0,0,0.318218,0.728825,1.0505,0,0,0,2.31936,0,0,0,0,0.0836232,0,0,0.0283681,0,0,0.111991,0,0,0,0,0,0,0,0,0,0,0,23.0077,311.54,0,9.996e-005,0.004509,
4,22,2,0,0,0.221825,0,0,0,0.251224,0.725332,1.02048,0,0,0,2.21886,0,0,0,0,0.0520238,0,0,0.0275576,0,0,0.0795814,0,0,0,0,0,0,0,0,0,0,0,23.0052,311.54,0,9.99402e-005,0.004509,
4,22,3,0,0,0.221825,0,0,0,0.28472,0.725332,1.02048,0,0,0,2.25236,0,0,0,0,0,0,0,0.0275576,0,0,0.0275576,0,0,0,0,0,0,0,0,0,0,0,22.9738,311.54,0,9.99662e-005,0.004509,
4,22,4,0,0,0.221825,0,0,0,0.351715,0.718346,0.960451,0,0,0,2.25234,0,0,0,0,0,0,0,0.0259366,0,0,0.0259366,0,0,0,0,0,0,0,0,0,0,0,22.9948,311.54,0,0.000100072,0.004509,
4,22,5,0,0,0.221825,0,0,0,0.519197,0.732318,1.08051,0,0,0,2.55385,0,0,0,0,0.0536987,0,0,0.0291787,0,0,0.0828774,0,0,0,0,0,0,0,0,0,0,0,23.0133,311.54,0,0.000100106,0.004509,
4,22,6,0,0,0.221825,0,0,0,0.703426,0.753275,1.26059,0,0,0,2.93912,0,0,0,0,0.10086,0,0,0.0340418,0,0,0.134902,0,0,0,0,0,0,0,0,0,0,0,23.0131,311.54,0,0.000100134,0.004509,
4,22,7,0,0,0.221825,0,0,0,0.686679,0.760261,1.32062,0,0,0,2.98939,0,0,0,0,0.249412,0,0,0.0356628,0,0,0.285075,0,0,0,0,0,0,0,0,0,0,0,22.2893,311.54,0,8.3463e-005,0.004509,
4,22,8,0,0,0.221825,0,0,0,0.56944,0.735811,1.11052,0,0,0,2.6376,0,0,0,0,0.191091,0,0,0.0299892,0,0,0.22108,0,0,0,0,0,0,0,0,0,0,0,18.6169,311.54,0,1.81119e-005,0.004509,
4,22,9,0,0,0.221825,0,0,0,0.4857,0.718346,0.960451,0,0,0,2.38632,0,0,0,0,0.488146,0,0,0.0259366,0,0,0.514083,0,0,0,0,0,0,0,0,0,0,0,16.8443,311.54,0,6.15877e-007,0.004509,
4,22,10,0,0,0.221825,0,0,0,0.452204,0.721839,0.990466,0,0,0,2.38633,0,0,0,0,0.124852,0,0,0.0267471,0,0,0.151599,0,0,0,0,0,0,0,0,0,0,0,16.6293,311.54,0,6.19091e-007,0.004509,
4,22,11,0,0,0.221825,0,0,0,0.418708,0.721839,0.990466,0,0,0,2.35284,0,0,0,0,0.122892,0,0,0.0267471,0,0,0.149639,0,0,0,0,0,0,0,0,0,0,0,16.5715,311.54,0,1.69409e-007,0.004509,
4,22,12,0,0,0.221825,0,0,0,0.351715,0.718346,0.960451,0,0,0,2.25234,0,0,0,0,0.0901486,0,0,0.0259366,0,0,0.116085,0,0,0,0,0,0,0,0,0,0,0,16.4803,311.54,0,0,0.004509,
4,22,13,0,0,0.221825,0,0,0,0.351715,0.721839,0.990466,0,0,0,2.28584,0,0,0,0,0.0706611,0,0,0.0267471,0,0,0.0974082,0,0,0,0,0,0,0,0,0,0,0,16.6023,311.54,0,0,0.004509,
4,22,14,0,0,0.221825,0,0,0,0.351715,0.728825,1.0505,0,0,0,2.35286,0,0,0,0,0.509689,0,0,0.0283681,0,0,0.538057,0,0,0,0,0,0,0,0,0,0,0,16.5951,311.54,0,0,0.004509,
4,22,15,0,0,0.221825,0,0,0,0.435454,0.735811,1.11052,0,0,0,2.50361,0,0,0,0,0.257276,0,0,0.0299892,0,0,0.287265,0,0,0,0,0,0,0,0,0,0,0,16.6135,311.54,0,0,0.004509,
4,22,16,0,0,0.221825,0,0,0,0.519197,0.760261,1.32062,0,0,0,2.8219,0,0,0,0,0.0599297,0,0,0.0356628,0,0,0.0955925,0,0,0,0,0,0,0,0,0,0,0,16.8994,311.54,0,1.02888e-007,0.004509,
4,22,17,0,0,0.221825,0,0,0,0.736923,0.791698,1.59075,0,0,0,3.3412,0,0,0,0,0.179356,0,0,0.0429574,0,0,0.222313,0,0,0,0,0,0,0,0,0,0,0,18.8575,311.54,0,2.10074e-005,0.004509,
4,22,18,0,0,0.221825,0,0,0,1.40685,0.809163,1.74082,0,0,0,4.17866,0,0,0,0,0.253244,0,0,0.04701,0,0,0.300254,0,0,0,0,0,0,0,0,0,0,0,23.1484,311.54,0,0.000102796,0.004509,
4,22,19,0,0,0.221825,0,0,0,1.9763,0.816149,1.80085,0,0,0,4.81512,0,0,0,0,0.226226,0,0,0.0486311,0,0,0.274857,0,0,0,0,0,0,0,0,0,0,0,23.1707,311.54,0,0.000104264,0.004509,
4,22,20,0,0,0.221825,0,0,0,1.89255,0.823135,1.86088,0.382647,0,0,5.18104,0,0,0,0,0.171881,0,0,0.0502522,0,0,0.222133,0,0,0,0,0,0,0,0,0,0,0,23.1466,311.54,0,0.000103584,0.004509,
4,22,21,0,0,0.221825,0,0,0,1.60783,0.816149,1.80085,0.382647,0,0,4.8293,0,0,0,0,0.0455322,0,0,0.0486311,0,0,0.0941633,0,0,0,0,0,0,0,0,0,0,0,23.1412,311.54,0,0.000103233,0.004509,
4,22,22,0,0,0.221825,0,0,0,1.05514,0.788205,1.56074,0.382647,0,0,4.00855,0,0,0,0,0.416461,0,0,0.042147,0,0,0.458608,0,0,0,0,0,0,0,0,0,0,0,23.1131,311.54,0,0.000101822,0.004509,
4,22,23,0,0,0.221825,0,0,0,0.636433,0.763754,1.35064,0.382647,0,0,3.3553,0,0,0,0,0.0450112,0,0,0.0364733,0,0,0.0814845,0,0,0,0,0,0,0,0,0,0,0,23.0329,311.54,0,0.000100538,0.004509,
4,22,24,0,0,0.221825,0,0,0,0.385211,0.735811,1.11052,0,0,0,2.45337,0,0,0,0,0,0,0,0.0299892,0,0,0.0299892,0,0,0,0,0,0,0,0,0,0,0,23.0115,311.54,0,0.000100308,0.004509,
4,23,1,0,0,0.221825,0,0,0,0.318218,0.728825,1.0505,0,0,0,2.31936,0,0,0,0,0.000349628,0,0,0.0283681,0,0,0.0287177,0,0,0,0,0,0,0,0,0,0,0,22.2828,311.54,0,7.46328e-005,0.004509,
4,23,2,0,0,0.221825,0,0,0,0.251224,0.725332,1.02048,0,0,0,2.21886,0,0,0,0,0,0,0,0.0275576,0,0,0.0275576,0,0,0,0,0,0,0,0,0,0,0,22.2704,311.54,0,7.4507e-005,0.004509,
4,23,3,0,0,0.221825,0,0,0,0.28472,0.725332,1.02048,0,0,0,2.25236,0,0,0,0,0.00596136,0,0,0.0275576,0,0,0.033519,0,0,0,0,0,0,0,0,0,0,0,22.2858,311.54,0,7.46795e-005,0.004509,
4,23,4,0,0,0.221825,0,0,0,0.351715,0.718346,0.960451,0,0,0,2.25234,0,0,0,0,0,0,0,0.0259366,0,0,0.0259366,0,0,0,0,0,0,0,0,0,0,0,22.3077,311.54,0,7.48002e-005,0.004509,
4,23,5,0,0,0.221825,0,0,0,0.519197,0.732318,1.08051,0,0,0,2.55385,0,0,0,0,0.0993148,0,0,0.0291787,0,0,0.128494,0,0,0,0,0,0,0,0,0,0,0,22.3459,311.54,0,7.48296e-005,0.004509,
4,23,6,0,0,0.221825,0,0,0,0.703426,0.753275,1.26059,0,0,0,2.93912,0,0,0,0,0.475925,0,0,0.0340418,0,0,0.509967,0,0,0,0,0,0,0,0,0,0,0,22.3717,311.54,0,7.50696e-005,0.004509,
4,23,7,0,0,0.221825,0,0,0,0.686679,0.760261,1.32062,0,0,0,2.98939,0,0,0,0,0.209892,0,0,0.0356628,0,0,0.245555,0,0,0,0,0,0,0,0,0,0,0,22.044,311.54,0,7.14037e-005,0.004509,
4,23,8,0,0,0.221825,0,0,0,0.56944,0.735811,1.11052,0,0,0,2.6376,0,0,0,0,0.0780117,0,0,0.0299892,0,0,0.108001,0,0,0,0,0,0,0,0,0,0,0,18.3654,311.54,0,3.30834e-005,0.004509,
4,23,9,0,0,0.221825,0,0,0,0.4857,0.718346,0.960451,0,0,0,2.38632,0,0,0,0,0.0322313,0,0,0.0259366,0,0,0.0581679,0,0,0,0,0,0,0,0,0,0,0,16.6571,311.54,0,1.48706e-007,0.004509,
4,23,10,0,0,0.221825,0,0,0,0.452204,0.721839,0.990466,0,0,0,2.38633,0,0,0,0,0.0141595,0,0,0.0267471,0,0,0.0409066,0,0,0,0,0,0,0,0,0,0,0,16.3264,311.54,0,0,0.004509,
4,23,11,0,0,0.221825,0,0,0,0.418708,0.721839,0.990466,0,0,0,2.35284,0,0,0,0,0.0858265,0,0,0.0267471,0,0,0.112574,0,0,0,0,0,0,0,0,0,0,0,16.2805,311.54,0,0,0.004509,
4,23,12,0,0,0.221825,0,0,0,0.351715,0.718346,0.960451,0,0,0,2.25234,0,0,0,0,0.123356,0,0,0.0259366,0,0,0.149293,0,0,0,0,0,0,0,0,0,0,0,16.2877,311.54,0,0,0.004509,
4,23,13,0,0,0.221825,0,0,0,0.351715,0.721839,0.990466,0,0,0,2.28584,0,0,0,0,0.0906075,0,0,0.0267471,0,0,0.117355,0,0,0,0,0,0,0,0,0,0,0,16.3229,311.54,0,0,0.004509,
4,23,14,0,0,0.221825,0,0,0,0.351715,0.728825,1.0505,0,0,0,2.35286,0,0,0,0,0.0428558,0,0,0.0283681,0,0,0.0712239,0,0,0,0,0,0,0,0,0,0,0,16.3241,311.54,0,0,0.004509,
4,23,15,0,0,0.221825,0,0,0,0.435454,0.735811,1.11052,0,0,0,2.50361,0,0,0,0,0.0643703,0,0,0.0299892,0,0,0.0943595,0,0,0,0,0,0,0,0,0,0,0,16.3297,311.54,0,0,0.004509,
4,23,16,0,0,0.221825,0,0,0,0.519197,0.760261,1.32062,0,0,0,2.8219,0,0,0,0,0.0227122,0,0,0.0356628,0,0,0.058375,0,0,0,0,0,0,0,0,0,0,0,16.6106,311.54,0,0,0.004509,
4,23,17,0,0,0.221825,0,0,0,0.736923,0.791698,1.59075,0,0,0,3.3412,0,0,0,0,0.0483057,0,0,0.0429574,0,0,0.0912631,0,0,0,0,0,0,0,0,0,0,0,17.4188,311.54,0,1.1227e-005,0.004509,
4,23,18,0,0,0.221825,0,0,0,1.40685,0.809163,1.74082,0,0,0,4.17866,0,0,0,0,0.23539,0,0,0.04701,0,0,0.2824,0,0,0,0,0,0,0,0,0,0,0,22.2973,311.54,0,7.47832e-005,0.004509,
4,23,19,0,0,0.221825,0,0,0,1.9763,0.816149,1.80085,0,0,0,4.81512,0,0,0,0,0.152395,0,0,0.0486311,0,0,0.201026,0,0,0,0,0,0,0,0,0,0,0,22.7298,311.54,0,8.20619e-005,0.004509,
4,23,20,0,0,0.221825,0,0,0,1.89255,0.823135,1.86088,0.382647,0,0,5.18104,0,0,0,0,0.497504,0,0,0.0502522,0,0,0.547756,0,0,0,0,0,0,0,0,0,0,0,22.7001,311.54,0,8.07408e-005,0.004509,
4,23,21,0,0,0.221825,0,0,0,1.60783,0.816149,1.80085,0.382647,0,0,4.8293,0,0,0,0,0.101037,0,0,0.0486311,0,0,0.149668,0,0,0,0,0,0,0,0,0,0,0,22.6846,311.54,0,8.05204e-005,0.004509,
4,23,22,0,0,0.221825,0,0,0,1.05514,0.788205,1.56074,0.382647,0,0,4.00855,0,0,0,0,0.145053,0,0,0.042147,0,0,0.1872,0,0,0,0,0,0,0,0,0,0,0,22.5373,311.54,0,7.7838e-005,0.004509,
4,23,23,0,0,0.221825,0,0,0,0.636433,0.763754,1.35064,0.382647,0,0,3.3553,0,0,0,0,0.0771073,0,0,0.0364733,0,0,0.113581,0,0,0,0,0,0,0,0,0,0,0,22.436,311.54,0,7.66109e-005,0.004509,
4,23,24,0,0,0.221825,0,0,0,0.385211,0.735811,1.11052,0,0,0,2.45337,0,0,0,0,0.000952033,0,0,0.0299892,0,0,0.0309412,0,0,0,0,0,0,0,0,0,0,0,22.3772,311.54,0,7.58618e-005,0.004509,
4,24,1,0,0,0.221825,0,0,0,0.318218,0.728825,1.0505,0,0,0,2.31936,0,0,0,0,0.0405798,0,0,0.0283681,0,0,0.0689479,0,0,0,0,0,0,0,0,0,0,0,21.7937,311.54,0,6.37137e-005,0.004509,
4,24,2,0,0,0.221825,0,0,0,0.251224,0.725332,1.02048,0,0,0,2.21886,0,0,0,0,0.0201893,0,0,0.0275576,0,0,0.0477469,0,0,0,0,0,0,0,0,0,0,0,21.7952,311.54,0,6.36848e-005,0.004509,
4,24,3,0,0,0.221825,0,0,0,0.28472,0.725332,1.02048,0,0,0,2.25236,0,0,0,0,0.000475314,0,0,0.0275576,0,0,0.0280329,0,0,0,0,0,0,0,0,0,0,0,21.7966,311.54,0,6.37826e-005,0.004509,
4,24,4,0,0,0.221825,0,0,0,0.351715,0.718346,0.960451,0,0,0,2.25234,0,0,0,0,0,0,0,0.0259366,0,0,0.0259366,0,0,0,0,0,0,0,0,0,0,0,21.8039,311.54,0,6.38728e-005,0.004509,
4,24,5,0,0,0.221825,0,0,0,0.519197,0.732318,1.08051,0,0,0,2.55385,0,0,0,0,0.0322489,0,0,0.0291787,0,0,0.0614276,0,0,0,0,0,0,0,0,0,0,0,21.8069,311.54,0,6.428e-005,0.004509,
4,24,6,0,0,0.221825,0,0,0,0.703426,0.753275,1.26059,0,0,0,2.93912,0,0,0,0,0.206994,0,0,0.0340418,0,0,0.241036,0,0,0,0,0,0,0,0,0,0,0,21.8184,311.54,0,6.43794e-005,0.004509,
4,24,7,0,0,0.221825,0,0,0,0.686679,0.760261,1.32062,0,0,0,2.98939,0,0,0,0,0.311836,0,0,0.0356628,0,0,0.347499,0,0,0,0,0,0,0,0,0,0,0,21.5714,311.54,0,6.04109e-005,0.004509,
4,24,8,0,0,0.221825,0,0,0,0.56944,0.735811,1.11052,0,0,0,2.6376,0,0,0,0,0.730451,0,0,0.0299892,0,0,0.76044,0,0,0,0,0,0,0,0,0,0,0,17.5988,311.54,0,1.00815e-005,0.004509,
4,24,9,0,0,0.221825,0,0,0,0.4857,0.718346,0.960451,0,0,0,2.38632,0,0,0,0,0.221068,0,0,0.0259366,0,0,0.247005,0,0,0,0,0,0,0,0,0,0,0,16.5547,311.54,0,0,0.004509,
4,24,10,0,0,0.221825,0,0,0,0.452204,0.721839,0.990466,0,0,0,2.38633,0,0,0,0,0.195166,0,0,0.0267471,0,0,0.221913,0,0,0,0,0,0,0,0,0,0,0,16.3619,311.54,0,0,0.004509,
4,24,11,0,0,0.221825,0,0,0,0.418708,0.721839,0.990466,0,0,0,2.35284,0,0,0,0,0.143143,0,0,0.0267471,0,0,0.16989,0,0,0,0,0,0,0,0,0,0,0,16.3152,311.54,0,0,0.004509,
4,24,12,0,0,0.221825,0,0,0,0.351715,0.718346,0.960451,0,0,0,2.25234,0,0,0,0,0.169819,0,0,0.0259366,0,0,0.195756,0,0,0,0,0,0,0,0,0,0,0,16.311,311.54,0,0,0.004509,
4,24,13,0,0,0.221825,0,0,0,0.351715,0.721839,0.990466,0,0,0,2.28584,0,0,0,0,0.12735,0,0,0.0267471,0,0,0.154097,0,0,0,0,0,0,0,0,0,0,0,16.3015,311.54,0,0,0.004509,
4,24,14,0,0,0.221825,0,0,0,0.351715,0.728825,1.0505,0,0,0,2.35286,0,0,0,0,0.0621827,0,0,0.0283681,0,0,0.0905508,0,0,0,0,0,0,0,0,0,0,0,16.3315,311.54,0,0,0.004509,
4,24,15,0,0,0.221825,0,0,0,0.435454,0.735811,1.11052,0,0,0,2.50361,0,0,0,0,0.121657,0,0,0.0299892,0,0,0.151646,0,0,0,0,0,0,0,0,0,0,0,16.3319,311.54,0,0,0.004509,
4,24,16,0,0,0.221825,0,0,0,0.519197,0.760261,1.32062,0,0,0,2.8219,0,0,0,0,0.173412,0,0,0.0356628,0,0,0.209075,0,0,0,0,0,0,0,0,0,0,0,16.4702,311.54,0,0,0.004509,
4,24,17,0,0,0.221825,0,0,0,0.736923,0.791698,1.59075,0,0,0,3.3412,0,0,0,0,0.162495,0,0,0.0429574,0,0,0.205452,0,0,0,0,0,0,0,0,0,0,0,16.7154,311.54,0,0,0.004509,
4,24,18,0,0,0.221825,0,0,0,1.40685,0.809163,1.74082,0,0,0,4.17866,0,0,0,0,0.425298,0,0,0.04701,0,0,0.472308,0,0,0,0,0,0,0,0,0,0,0,20.6692,311.54,0,4.75753e-005,0.004509,
4,24,19,0,0,0.221825,0,0,0,1.9763,0.816149,1.80085,0,0,0,4.81512,0,0,0,0,0.252705,0,0,0.0486311,0,0,0.301336,0,0,0,0,0,0,0,0,0,0,0,21.812,311.54,0,6.43618e-005,0.004509,
4,24,20,0,0,0.221825,0,0,0,1.89255,0.823135,1.86088,0.382647,0,0,5.18104,0,0,0,0,0.350624,0,0,0.0502522,0,0,0.400876,0,0,0,0,0,0,0,0,0,0,0,21.7906,311.54,0,6.41076e-005,0.004509,
4,24,21,0,0,0.221825,0,0,0,1.60783,0.816149,1.80085,0.382647,0,0,4.8293,0,0,0,0,0.135361,0,0,0.0486311,0,0,0.183992,0,0,0,0,0,0,0,0,0,0,0,21.7729,311.54,0,6.41027e-005,0.004509,
4,24,22,0,0,0.221825,0,0,0,1.05514,0.788205,1.56074,0.382647,0,0,4.00855,0,0,0,0,0.27975,0,0,0.042147,0,0,0.321897,0,0,0,0,0,0,0,0,0,0,0,21.7475,311.54,0,6.34782e-005,0.004509,
4,24,23,0,0,0.221825,0,0,0,0.636433,0.763754,1.35064,0.382647,0,0,3.3553,0,0,0,0,0.683562,0,0,0.0364733,0,0,0.720035,0,0,0,0,0,0,0,0,0,0,0,21.7262,311.54,0,6.25775e-005,0.004509,
4,24,24,0,0,0.221825,0,0,0,0.385211,0.735811,1.11052,0,0,0,2.45337,0,0,0,0,0.0625053,0,0,0.0299892,0,0,0.0924945,0,0,0,0,0,0,0,0,0,0,0,21.727,311.54,0,6.25393e-005,0.004509,
4,25,1,0,0,0.221825,0,0,0,0.318218,0.728825,1.0505,0,0,0,2.31936,0,0,0,0,0.0286658,0,0,0.0283681,0,0,0.0570339,0,0,0,0,0,0,0,0,0,0,0,22.0633,311.54,0,6.8848e-005,0.004509,
4,25,2,0,0,0.221825,0,0,0,0.251224,0.725332,1.02048,0,0,0,2.21886,0,0,0,0,0.0716807,0,0,0.0275576,0,0,0.0992383,0,0,0,0,0,0,0,0,0,0,0,22.0428,311.54,0,6.83073e-005,0.004509,
4,25,3,0,0,0.221825,0,0,0,0.28472,0.725332,1.02048,0,0,0,2.25236,0,0,0,0,0.0492641,0,0,0.0275576,0,0,0.0768217,0,0,0,0,0,0,0,0,0,0,0,22.0359,311.54,0,6.79219e-005,0.004509,
4,25,4,0,0,0.221825,0,0,0,0.351715,0.718346,0.960451,0,0,0,2.25234,0,0,0,0,0,0,0,0.0259366,0,0,0.0259366,0,0,0,0,0,0,0,0,0,0,0,22.0338,311.54,0,6.81894e-005,0.004509,
4,25,5,0,0,0.221825,0,0,0,0.519197,0.732318,1.08051,0,0,0,2.55385,0,0,0,0,0.00138922,0,0,0.0291787,0,0,0.0305679,0,0,0,0,0,0,0,0,0,0,0,22.0436,311.54,0,6.85442e-005,0.004509,
4,25,6,0,0,0.221825,0,0,0,0.703426,0.753275,1.26059,0,0,0,2.93912,0,0,0,0,0.000277844,0,0,0.0340418,0,0,0.0343196,0,0,0,0,0,0,0,0,0,0,0,22.0456,311.54,0,6.88846e-005,0.004509,
4,25,7,0,0,0.221825,0,0,0,0.686679,0.760261,1.32062,0,0,0,2.98939,0,0,0,0,0.269461,0,0,0.0356628,0,0,0.305124,0,0,0,0,0,0,0,0,0,0,0,21.5892,311.54,0,6.21028e-005,0.004509,
4,25,8,0,0,0.221825,0,0,0,0.56944,0.735811,1.11052,0,0,0,2.6376,0,0,0,0,0.734044,0,0,0.0299892,0,0,0.764033,0,0,0,0,0,0,0,0,0,0,0,18.6081,311.54,0,1.69388e-005,0.004509,
4,25,9,0,0,0.221825,0,0,0,0.4857,0.718346,0.960451,0,0,0,2.38632,0,0,0,0,0.784004,0,0,0.0259366,0,0,0.809941,0,0,0,0,0,0,0,0,0,0,0,17.1542,311.54,0,2.88204e-007,0.004509,
4,25,10,0,0,0.221825,0,0,0,0.452204,0.721839,0.990466,0,0,0,2.38633,0,0,0,0,0.401487,0,0,0.0267471,0,0,0.428234,0,0,0,0,0,0,0,0,0,0,0,16.6836,311.54,0,0,0.004509,
4,25,11,0,0,0.221825,0,0,0,0.418708,0.721839,0.990466,0,0,0,2.35284,0,0,0,0,0.269172,0,0,0.0267471,0,0,0.295919,0,0,0,0,0,0,0,0,0,0,0,16.6774,311.54,0,0,0.004509,
4,25,12,0,0,0.221825,0,0,0,0.351715,0.718346,0.960451,0,0,0,2.25234,0,0,0,0,0.0328256,0,0,0.0259366,0,0,0.0587622,0,0,0,0,0,0,0,0,0,0,0,16.6831,311.54,0,0,0.004509,
4,25,13,0,0,0.221825,0,0,0,0.351715,0.721839,0.990466,0,0,0,2.28584,0,0,0,0,0.13859,0,0,0.0267471,0,0,0.165337,0,0,0,0,0,0,0,0,0,0,0,16.6025,311.54,0,0,0.004509,
4,25,14,0,0,0.221825,0,0,0,0.351715,0.728825,1.0505,0,0,0,2.35286,0,0,0,0,0.187114,0,0,0.0283681,0,0,0.215482,0,0,0,0,0,0,0,0,0,0,0,16.5835,311.54,0,0,0.004509,
4,25,15,0,0,0.221825,0,0,0,0.435454,0.735811,1.11052,0,0,0,2.50361,0,0,0,0,0.248927,0,0,0.0299892,0,0,0.278916,0,0,0,0,0,0,0,0,0,0,0,16.6026,311.54,0,0,0.004509,
4,25,16,0,0,0.221825,0,0,0,0.519197,0.760261,1.32062,0,0,0,2.8219,0,0,0,0,0.106955,0,0,0.0356628,0,0,0.142618,0,0,0,0,0,0,0,0,0,0,0,16.6485,311.54,0,0,0.004509,
4,25,17,0,0,0.221825,0,0,0,0.736923,0.791698,1.59075,0,0,0,3.3412,0,0,0,0,0.13276,0,0,0.0429574,0,0,0.175717,0,0,0,0,0,0,0,0,0,0,0,16.8513,311.54,0,0,0.004509,
4,25,18,0,0,0.221825,0,0,0,1.40685,0.809163,1.74082,0,0,0,4.17866,0,0,0,0,0.186012,0,0,0.04701,0,0,0.233022,0,0,0,0,0,0,0,0,0,0,0,19.7645,311.54,0,2.88464e-005,0.004509,
4,25,19,0,0,0.221825,0,0,0,1.9763,0.816149,1.80085,0,0,0,4.81512,0,0,0,0,0.368318,0,0,0.0486311,0,0,0.416949,0,0,0,0,0,0,0,0,0,0,0,22.2604,311.54,0,7.09178e-005,0.004509,
4,25,20,0,0,0.221825,0,0,0,1.89255,0.823135,1.86088,0.382647,0,0,5.18104,0,0,0,0,0.285762,0,0,0.0502522,0,0,0.336014,0,0,0,0,0,0,0,0,0,0,0,22.2571,311.54,0,7.07847e-005,0.004509,
4,25,21,0,0,0.221825,0,0,0,1.60783,0.816149,1.80085,0.382647,0,0,4.8293,0,0,0,0,0.196222,0,0,0.0486311,0,0,0.244853,0,0,0,0,0,0,0,0,0,0,0,22.1707,311.54,0,7.05479e-005,0.004509,
4,25,22,0,0,0.221825,0,0,0,1.05514,0.788205,1.56074,0.382647,0,0,4.00855,0,0,0,0,0.00213786,0,0,0.042147,0,0,0.0442849,0,0,0,0,0,0,0,0,0,0,0,22.1646,311.54,0,7.05594e-005,0.004509,
4,25,23,0,0,0.221825,0,0,0,0.636433,0.763754,1.35064,0.382647,0,0,3.3553,0,0,0,0,0.0616821,0,0,0.0364733,0,0,0.0981554,0,0,0,0,0,0,0,0,0,0,0,22.1459,311.54,0,6.99452e-005,0.004509,
4,25,24,0,0,0.221825,0,0,0,0.385211,0.735811,1.11052,0,0,0,2.45337,0,0,0,0,0.0600389,0,0,0.0299892,0,0,0.0900281,0,0,0,0,0,0,0,0,0,0,0,22.0781,311.54,0,6.92818e-005,0.004509,
4,26,1,0,0,0.221825,0,0,0,0.318218,0.728825,1.0505,0,0,0,2.31936,0,0,0,0,0.0226703,0,0,0.0283681,0,0,0.0510384,0,0,0,0,0,0,0,0,0,0,0,22.5394,311.54,0,7.64194e-005,0.004509,
4,26,2,0,0,0.221825,0,0,0,0.251224,0.725332,1.02048,0,0,0,2.21886,0,0,0,0,0.0354195,0,0,0.0275576,0,0,0.0629771,0,0,0,0,0,0,0,0,0,0,0,22.5345,311.54,0,7.58602e-005,0.004509,
4,26,3,0,0,0.221825,0,0,0,0.28472,0.725332,1.02048,0,0,0,2.25236,0,0,0,0,0.0254551,0,0,0.0275576,0,0,0.0530127,0,0,0,0,0,0,0,0,0,0,0,22.536,311.54,0,7.59155e-005,0.004509,
4,26,4,0,0,0.221825,0,0,0,0.351715,0.718346,0.960451,0,0,0,2.25234,0,0,0,0,0.00034995,0,0,0.0259366,0,0,0.0262865,0,0,0,0,0,0,0,0,0,0,0,22.5385,311.54,0,7.59876e-005,0.004509,
4,26,5,0,0,0.221825,0,0,0,0.519197,0.732318,1.08051,0,0,0,2.55385,0,0,0,0,0,0,0,0.0291787,0,0,0.0291787,0,0,0,0,0,0,0,0,0,0,0,22.5393,311.54,0,7.63357e-005,0.004509,
4,26,6,0,0,0.221825,0,0,0,0.703426,0.753275,1.26059,0,0,0,2.93912,0,0,0,0,0.00300837,0,0,0.0340418,0,0,0.0370502,0,0,0,0,0,0,0,0,0,0,0,22.5449,311.54,0,7.71813e-005,0.004509,
4,26,7,0,0,0.221825,0,0,0,0.686679,0.760261,1.32062,0,0,0,2.98939,0,0,0,0,0.0211692,0,0,0.0356628,0,0,0.056832,0,0,0,0,0,0,0,0,0,0,0,20.6607,311.54,0,5.86468e-005,0.004509,
4,26,8,0,0,0.221825,0,0,0,0.56944,0.735811,1.11052,0,0,0,2.6376,0,0,0,0,0.362388,0,0,0.0299892,0,0,0.392377,0,0,0,0,0,0,0,0,0,0,0,16.9718,311.54,0,5.94271e-006,0.004509,
4,26,9,0,0,0.221825,0,0,0,0.4857,0.718346,0.960451,0,0,0,2.38632,0,0,0,0,0.465771,0,0,0.0259366,0,0,0.491708,0,0,0,0,0,0,0,0,0,0,0,16.5422,311.54,0,0,0.004509,
4,26,10,0,0,0.221825,0,0,0,0.452204,0.721839,0.990466,0,0,0,2.38633,0,0,0,0,0.130639,0,0,0.0267471,0,0,0.157386,0,0,0,0,0,0,0,0,0,0,0,16.2323,311.54,0,0,0.004509,
4,26,11,0,0,0.221825,0,0,0,0.418708,0.721839,0.990466,0,0,0,2.35284,0,0,0,0,0.28678,0,0,0.0267471,0,0,0.313527,0,0,0,0,0,0,0,0,0,0,0,16.2846,311.54,0,0,0.004509,
4,26,12,0,0,0.221825,0,0,0,0.351715,0.718346,0.960451,0,0,0,2.25234,0,0,0,0,0.0148201,0,0,0.0259366,0,0,0.0407567,0,0,0,0,0,0,0,0,0,0,0,16.1726,311.54,0,0,0.004509,
4,26,13,0,0,0.221825,0,0,0,0.351715,0.721839,0.990466,0,0,0,2.28584,0,0,0,0,0.0857899,0,0,0.0267471,0,0,0.112537,0,0,0,0,0,0,0,0,0,0,0,16.1991,311.54,0,0,0.004509,
4,26,14,0,0,0.221825,0,0,0,0.351715,0.728825,1.0505,0,0,0,2.35286,0,0,0,0,0.0373403,0,0,0.0283681,0,0,0.0657084,0,0,0,0,0,0,0,0,0,0,0,16.1875,311.54,0,0,0.004509,
4,26,15,0,0,0.221825,0,0,0,0.435454,0.735811,1.11052,0,0,0,2.50361,0,0,0,0,0.0303365,0,0,0.0299892,0,0,0.0603257,0,0,0,0,0,0,0,0,0,0,0,16.2351,311.54,0,0,0.004509,
4,26,16,0,0,0.221825,0,0,0,0.519197,0.760261,1.32062,0,0,0,2.8219,0,0,0,0,0.0303246,0,0,0.0356628,0,0,0.0659874,0,0,0,0,0,0,0,0,0,0,0,16.6074,311.54,0,0,0.004509,
4,26,17,0,0,0.221825,0,0,0,0.736923,0.791698,1.59075,0,0,0,3.3412,0,0,0,0,0.160822,0,0,0.0429574,0,0,0.203779,0,0,0,0,0,0,0,0,0,0,0,16.6426,311.54,0,0,0.004509,
4,26,18,0,0,0.221825,0,0,0,1.40685,0.809163,1.74082,0,0,0,4.17866,0,0,0,0,0.442846,0,0,0.04701,0,0,0.489856,0,0,0,0,0,0,0,0,0,0,0,20.0858,311.54,0,4.25577e-005,0.004509,
4,26,19,0,0,0.221825,0,0,0,1.9763,0.816149,1.80085,0,0,0,4.81512,0,0,0,0,0.317684,0,0,0.0486311,0,0,0.366315,0,0,0,0,0,0,0,0,0,0,0,22.8238,311.54,0,8.63444e-005,0.004509,
4,26,20,0,0,0.221825,0,0,0,1.89255,0.823135,1.86088,0.382647,0,0,5.18104,0,0,0,0,0.495197,0,0,0.0502522,0,0,0.545449,0,0,0,0,0,0,0,0,0,0,0,22.8058,311.54,0,8.65217e-005,0.004509,
4,26,21,0,0,0.221825,0,0,0,1.60783,0.816149,1.80085,0.382647,0,0,4.8293,0,0,0,0,0.22545,0,0,0.0486311,0,0,0.274081,0,0,0,0,0,0,0,0,0,0,0,22.8076,311.54,0,8.63676e-005,0.004509,
4,26,22,0,0,0.221825,0,0,0,1.05514,0.788205,1.56074,0.382647,0,0,4.00855,0,0,0,0,0.00793516,0,0,0.042147,0,0,0.0500822,0,0,0,0,0,0,0,0,0,0,0,22.7777,311.54,0,8.4947e-005,0.004509,
4,26,23,0,0,0.221825,0,0,0,0.636433,0.763754,1.35064,0.382647,0,0,3.3553,0,0,0,0,0.0640736,0,0,0.0364733,0,0,0.100547,0,0,0,0,0,0,0,0,0,0,0,22.7753,311.54,0,8.44069e-005,0.004509,
4,26,24,0,0,0.221825,0,0,0,0.385211,0.735811,1.11052,0,0,0,2.45337,0,0,0,0,0.1734,0,0,0.0299892,0,0,0.203389,0,0,0,0,0,0,0,0,0,0,0,22.7412,311.54,0,8.43856e-005,0.004509,
4,27,1,0,0,0.221825,0,0,0,0.318218,0.728825,1.0505,0,0,0,2.31936,0,0,0,0,0.000499445,0,0,0.0283681,0,0,0.0288675,0,0,0,0,0,0,0,0,0,0,0,22.2855,311.54,0,7.77556e-005,0.004509,
4,27,2,0,0,0.221825,0,0,0,0.251224,0.725332,1.02048,0,0,0,2.21886,0,0,0,0,0,0,0,0.0275576,0,0,0.0275576,0,0,0,0,0,0,0,0,0,0,0,22.2875,311.54,0,7.77912e-005,0.004509,
4,27,3,0,0,0.221825,0,0,0,0.28472,0.725332,1.02048,0,0,0,2.25236,0,0,0,0,0,0,0,0.0275576,0,0,0.0275576,0,0,0,0,0,0,0,0,0,0,0,22.2896,311.54,0,7.77568e-005,0.004509,
4,27,4,0,0,0.221825,0,0,0,0.351715,0.718346,0.960451,0,0,0,2.25234,0,0,0,0,0,0,0,0.0259366,0,0,0.0259366,0,0,0,0,0,0,0,0,0,0,0,22.2789,311.54,0,7.78497e-005,0.004509,
4,27,5,0,0,0.221825,0,0,0,0.519197,0.732318,1.08051,0,0,0,2.55385,0,0,0,0,0.00449255,0,0,0.0291787,0,0,0.0336713,0,0,0,0,0,0,0,0,0,0,0,22.2843,311.54,0,7.78723e-005,0.004509,
4,27,6,0,0,0.221825,0,0,0,0.703426,0.753275,1.26059,0,0,0,2.93912,0,0,0,0,0.0484872,0,0,0.0340418,0,0,0.082529,0,0,0,0,0,0,0,0,0,0,0,22.2884,311.54,0,7.79315e-005,0.004509,
4,27,7,0,0,0.221825,0,0,0,0.686679,0.760261,1.32062,0,0,0,2.98939,0,0,0,0,0.27846,0,0,0.0356628,0,0,0.314123,0,0,0,0,0,0,0,0,0,0,0,21.9976,311.54,0,7.33436e-005,0.004509,
4,27,8,0,0,0.221825,0,0,0,0.56944,0.735811,1.11052,0,0,0,2.6376,0,0,0,0,0.215096,0,0,0.0299892,0,0,0.245085,0,0,0,0,0,0,0,0,0,0,0,17.5419,311.54,0,8.81968e-006,0.004509,
4,27,9,0,0,0.221825,0,0,0,0.4857,0.718346,0.960451,0,0,0,2.38632,0,0,0,0,0.193264,0,0,0.0259366,0,0,0.219201,0,0,0,0,0,0,0,0,0,0,0,16.5768,311.54,0,0,0.004509,
4,27,10,0,0,0.221825,0,0,0,0.452204,0.721839,0.990466,0,0,0,2.38633,0,0,0,0,0.208915,0,0,0.0267471,0,0,0.235662,0,0,0,0,0,0,0,0,0,0,0,16.483,311.54,0,0,0.004509,
4,27,11,0,0,0.221825,0,0,0,0.418708,0.721839,0.990466,0,0,0,2.35284,0,0,0,0,0.163293,0,0,0.0267471,0,0,0.19004,0,0,0,0,0,0,0,0,0,0,0,16.7137,311.54,0,0,0.004509,
4,27,12,0,0,0.221825,0,0,0,0.351715,0.718346,0.960451,0,0,0,2.25234,0,0,0,0,0.104877,0,0,0.0259366,0,0,0.130814,0,0,0,0,0,0,0,0,0,0,0,16.5335,311.54,0,0,0.004509,
4,27,13,0,0,0.221825,0,0,0,0.351715,0.721839,0.990466,0,0,0,2.28584,0,0,0,0,0.0368926,0,0,0.0267471,0,0,0.0636397,0,0,0,0,0,0,0,0,0,0,0,16.5407,311.54,0,0,0.004509,
4,27,14,0,0,0.221825,0,0,0,0.351715,0.728825,1.0505,0,0,0,2.35286,0,0,0,0,0.784304,0,0,0.0283681,0,0,0.812672,0,0,0,0,0,0,0,0,0,0,0,16.5313,311.54,0,0,0.004509,
4,27,15,0,0,0.221825,0,0,0,0.435454,0.735811,1.11052,0,0,0,2.50361,0,0,0,0,0.0902537,0,0,0.0299892,0,0,0.120243,0,0,0,0,0,0,0,0,0,0,0,16.6203,311.54,0,0,0.004509,
4,27,16,0,0,0.221825,0,0,0,0.519197,0.760261,1.32062,0,0,0,2.8219,0,0,0,0,0.309849,0,0,0.0356628,0,0,0.345512,0,0,0,0,0,0,0,0,0,0,0,16.7265,311.54,0,0,0.004509,
4,27,17,0,0,0.221825,0,0,0,0.736923,0.791698,1.59075,0,0,0,3.3412,0,0,0,0,0.161709,0,0,0.0429574,0,0,0.204666,0,0,0,0,0,0,0,0,0,0,0,17.1575,311.54,0,0,0.004509,
4,27,18,0,0,0.221825,0,0,0,1.40685,0.809163,1.74082,0,0,0,4.17866,0,0,0,0,0.114505,0,0,0.04701,0,0,0.161515,0,0,0,0,0,0,0,0,0,0,0,21.4118,311.54,0,6.36733e-005,0.004509,
4,27,19,0,0,0.221825,0,0,0,1.9763,0.816149,1.80085,0,0,0,4.81512,0,0,0,0,0.149455,0,0,0.0486311,0,0,0.198086,0,0,0,0,0,0,0,0,0,0,0,22.6761,311.54,0,8.57358e-005,0.004509,
4,27,20,0,0,0.221825,0,0,0,1.89255,0.823135,1.86088,0.382647,0,0,5.18104,0,0,0,0,0.0870838,0,0,0.0502522,0,0,0.137336,0,0,0,0,0,0,0,0,0,0,0,22.6882,311.54,0,8.43513e-005,0.004509,
4,27,21,0,0,0.221825,0,0,0,1.60783,0.816149,1.80085,0.382647,0,0,4.8293,0,0,0,0,0.157023,0,0,0.0486311,0,0,0.205654,0,0,0,0,0,0,0,0,0,0,0,22.6139,311.54,0,8.37262e-005,0.004509,
4,27,22,0,0,0.221825,0,0,0,1.05514,0.788205,1.56074,0.382647,0,0,4.00855,0,0,0,0,0.0880573,0,0,0.042147,0,0,0.130204,0,0,0,0,0,0,0,0,0,0,0,22.381,311.54,0,7.88194e-005,0.004509,
4,27,23,0,0,0.221825,0,0,0,0.636433,0.763754,1.35064,0.382647,0,0,3.3553,0,0,0,0,0.172577,0,0,0.0364733,0,0,0.20905,0,0,0,0,0,0,0,0,0,0,0,22.3215,311.54,0,7.78182e-005,0.004509,
4,27,24,0,0,0.221825,0,0,0,0.385211,0.735811,1.11052,0,0,0,2.45337,0,0,0,0,0.112187,0,0,0.0299892,0,0,0.142176,0,0,0,0,0,0,0,0,0,0,0,22.2846,311.54,0,7.7589e-005,0.004509,
4,28,1,0,0,0.221825,0,0,0,0.318218,0.728825,1.0505,0,0,0,2.31936,0,0,0,0,0.000348765,0,0,0.0283681,0,0,0.0287169,0,0,0,0,0,0,0,0,0,0,0,21.5406,311.54,0,6.04487e-005,0.004509,
4,28,2,0,0,0.221825,0,0,0,0.251224,0.725332,1.02048,0,0,0,2.21886,0,0,0,0,0,0,0,0.0275576,0,0,0.0275576,0,0,0,0,0,0,0,0,0,0,0,21.5128,311.54,0,6.00739e-005,0.004509,
4,28,3,0,0,0.221825,0,0,0,0.28472,0.725332,1.02048,0,0,0,2.25236,0,0,0,0,0.00594664,0,0,0.0275576,0,0,0.0335042,0,0,0,0,0,0,0,0,0,0,0,21.5026,311.54,0,5.96473e-005,0.004509,
4,28,4,0,0,0.221825,0,0,0,0.351715,0.718346,0.960451,0,0,0,2.25234,0,0,0,0,0,0,0,0.0259366,0,0,0.0259366,0,0,0,0,0,0,0,0,0,0,0,21.5325,311.54,0,5.98961e-005,0.004509,
4,28,5,0,0,0.221825,0,0,0,0.519197,0.732318,1.08051,0,0,0,2.55385,0,0,0,0,0.103377,0,0,0.0291787,0,0,0.132556,0,0,0,0,0,0,0,0,0,0,0,21.5498,311.54,0,6.0766e-005,0.004509,
4,28,6,0,0,0.221825,0,0,0,0.703426,0.753275,1.26059,0,0,0,2.93912,0,0,0,0,0.0589316,0,0,0.0340418,0,0,0.0929734,0,0,0,0,0,0,0,0,0,0,0,21.5594,311.54,0,6.07459e-005,0.004509,
4,28,7,0,0,0.221825,0,0,0,0.686679,0.760261,1.32062,0,0,0,2.98939,0,0,0,0,0.647408,0,0,0.0356628,0,0,0.683071,0,0,0,0,0,0,0,0,0,0,0,21.4018,311.54,0,5.78522e-005,0.004509,
4,28,8,0,0,0.221825,0,0,0,0.56944,0.735811,1.11052,0,0,0,2.6376,0,0,0,0,0.478656,0,0,0.0299892,0,0,0.508645,0,0,0,0,0,0,0,0,0,0,0,17.2079,311.54,0,6.12732e-006,0.004509,
4,28,9,0,0,0.221825,0,0,0,0.4857,0.718346,0.960451,0,0,0,2.38632,0,0,0,0,0.0350399,0,0,0.0259366,0,0,0.0609765,0,0,0,0,0,0,0,0,0,0,0,16.4547,311.54,0,0,0.004509,
4,28,10,0,0,0.221825,0,0,0,0.452204,0.721839,0.990466,0,0,0,2.38633,0,0,0,0,0.119938,0,0,0.0267471,0,0,0.146685,0,0,0,0,0,0,0,0,0,0,0,16.1302,311.54,0,0,0.004509,
4,28,11,0,0,0.221825,0,0,0,0.418708,0.721839,0.990466,0,0,0,2.35284,0,0,0,0,0.152936,0,0,0.0267471,0,0,0.179683,0,0,0,0,0,0,0,0,0,0,0,16.2503,311.54,0,0,0.004509,
4,28,12,0,0,0.221825,0,0,0,0.351715,0.718346,0.960451,0,0,0,2.25234,0,0,0,0,0.078335,0,0,0.0259366,0,0,0.104272,0,0,0,0,0,0,0,0,0,0,0,16.0884,311.54,0,0,0.004509,
4,28,13,0,0,0.221825,0,0,0,0.351715,0.721839,0.990466,0,0,0,2.28584,0,0,0,0,0.0245283,0,0,0.0267471,0,0,0.0512754,0,0,0,0,0,0,0,0,0,0,0,16.08,311.54,0,0,0.004509,
4,28,14,0,0,0.221825,0,0,0,0.351715,0.728825,1.0505,0,0,0,2.35286,0,0,0,0,0.585919,0,0,0.0283681,0,0,0.614287,0,0,0,0,0,0,0,0,0,0,0,16.1063,311.54,0,0,0.004509,
4,28,15,0,0,0.221825,0,0,0,0.435454,0.735811,1.11052,0,0,0,2.50361,0,0,0,0,0.328308,0,0,0.0299892,0,0,0.358297,0,0,0,0,0,0,0,0,0,0,0,16.248,311.54,0,0,0.004509,
4,28,16,0,0,0.221825,0,0,0,0.519197,0.760261,1.32062,0,0,0,2.8219,0,0,0,0,0.354321,0,0,0.0356628,0,0,0.389984,0,0,0,0,0,0,0,0,0,0,0,16.3212,311.54,0,0,0.004509,
4,28,17,0,0,0.221825,0,0,0,0.736923,0.791698,1.59075,0,0,0,3.3412,0,0,0,0,0.186193,0,0,0.0429574,0,0,0.22915,0,0,0,0,0,0,0,0,0,0,0,16.7032,311.54,0,2.17766e-007,0.004509,
4,28,18,0,0,0.221825,0,0,0,1.40685,0.809163,1.74082,0,0,0,4.17866,0,0,0,0,0.148181,0,0,0.04701,0,0,0.195191,0,0,0,0,0,0,0,0,0,0,0,19.6088,311.54,0,3.15311e-005,0.004509,
4,28,19,0,0,0.221825,0,0,0,1.9763,0.816149,1.80085,0,0,0,4.81512,0,0,0,0,0.118148,0,0,0.0486311,0,0,0.166779,0,0,0,0,0,0,0,0,0,0,0,21.7136,311.54,0,6.30342e-005,0.004509,
4,28,20,0,0,0.221825,0,0,0,1.89255,0.823135,1.86088,0.382647,0,0,5.18104,0,0,0,0,0.0509295,0,0,0.0502522,0,0,0.101182,0,0,0,0,0,0,0,0,0,0,0,21.614,311.54,0,6.19183e-005,0.004509,
4,28,21,0,0,0.221825,0,0,0,1.60783,0.816149,1.80085,0.382647,0,0,4.8293,0,0,0,0,0.209035,0,0,0.0486311,0,0,0.257666,0,0,0,0,0,0,0,0,0,0,0,21.5471,311.54,0,6.16343e-005,0.004509,
4,28,22,0,0,0.221825,0,0,0,1.05514,0.788205,1.56074,0.382647,0,0,4.00855,0,0,0,0,0.028439,0,0,0.042147,0,0,0.070586,0,0,0,0,0,0,0,0,0,0,0,21.5065,311.54,0,5.99595e-005,0.004509,
4,28,23,0,0,0.221825,0,0,0,0.636433,0.763754,1.35064,0.382647,0,0,3.3553,0,0,0,0,0.0599412,0,0,0.0364733,0,0,0.0964145,0,0,0,0,0,0,0,0,0,0,0,21.4755,311.54,0,5.96156e-005,0.004509,
4,28,24,0,0,0.221825,0,0,0,0.385211,0.735811,1.11052,0,0,0,2.45337,0,0,0,0,0.13278,0,0,0.0299892,0,0,0.162769,0,0,0,0,0,0,0,0,0,0,0,21.4462,311.54,0,5.89415e-005,0.004509,
4,29,1,0,0,0.221825,0,0,0,0.318218,0.728825,1.0505,0,0,0,2.31936,0,0,0,0,0,0,0,0.0283681,0,0,0.0283681,0,0,0,0,0,0,0,0,0,0,0,20.801,311.54,0,4.99719e-005,0.004509,
4,29,2,0,0,0.221825,0,0,0,0.251224,0.725332,1.02048,0,0,0,2.21886,0,0,0,0,0.011553,0,0,0.0275576,0,0,0.0391106,0,0,0,0,0,0,0,0,0,0,0,20.8007,311.54,0,4.99783e-005,0.004509,
4,29,3,0,0,0.221825,0,0,0,0.28472,0.725332,1.02048,0,0,0,2.25236,0,0,0,0,0,0,0,0.0275576,0,0,0.0275576,0,0,0,0,0,0,0,0,0,0,0,20.7935,311.54,0,5.00078e-005,0.004509,
4,29,4,0,0,0.221825,0,0,0,0.351715,0.718346,0.960451,0,0,0,2.25234,0,0,0,0,0,0,0,0.0259366,0,0,0.0259366,0,0,0,0,0,0,0,0,0,0,0,20.7973,311.54,0,5.00467e-005,0.004509,
4,29,5,0,0,0.221825,0,0,0,0.519197,0.732318,1.08051,0,0,0,2.55385,0,0,0,0,0.0038156,0,0,0.0291787,0,0,0.0329943,0,0,0,0,0,0,0,0,0,0,0,20.8048,311.54,0,5.00762e-005,0.004509,
4,29,6,0,0,0.221825,0,0,0,0.703426,0.753275,1.26059,0,0,0,2.93912,0,0,0,0,0.179573,0,0,0.0340418,0,0,0.213615,0,0,0,0,0,0,0,0,0,0,0,20.8065,311.54,0,5.01225e-005,0.004509,
4,29,7,0,0,0.221825,0,0,0,0.686679,0.760261,1.32062,0,0,0,2.98939,0,0,0,0,0.292927,0,0,0.0356628,0,0,0.32859,0,0,0,0,0,0,0,0,0,0,0,18.7746,311.54,0,1.5967e-005,0.004509,
4,29,8,0,0,0.221825,0,0,0,0.56944,0.735811,1.11052,0,0,0,2.6376,0,0,0,0,0.11677,0,0,0.0299892,0,0,0.146759,0,0,0,0,0,0,0,0,0,0,0,16.3665,311.54,0,0,0.004509,
4,29,9,0,0,0.221825,0,0,0,0.4857,0.718346,0.960451,0,0,0,2.38632,0,0,0,0,0.249959,0,0,0.0259366,0,0,0.275896,0,0,0,0,0,0,0,0,0,0,0,15.8859,311.54,0,0,0.004509,
4,29,10,0,0,0.221825,0,0,0,0.452204,0.721839,0.990466,0,0,0,2.38633,0,0,0,0,0.0421731,0,0,0.0267471,0,0,0.0689202,0,0,0,0,0,0,0,0,0,0,0,15.925,311.54,0,0,0.004509,
4,29,11,0,0,0.221825,0,0,0,0.418708,0.721839,0.990466,0,0,0,2.35284,0,0,0,0,0.347016,0,0,0.0267471,0,0,0.373763,0,0,0,0,0,0,0,0,0,0,0,15.7655,311.54,0,0,0.004509,
4,29,12,0,0,0.221825,0,0,0,0.351715,0.718346,0.960451,0,0,0,2.25234,0,0,0,0,0.182517,0,0,0.0259366,0,0,0.208454,0,0,0,0,0,0,0,0,0,0,0,15.8852,311.54,0,0,0.004509,
4,29,13,0,0,0.221825,0,0,0,0.351715,0.721839,0.990466,0,0,0,2.28584,0,0,0,0,0.0491736,0,0,0.0267471,0,0,0.0759207,0,0,0,0,0,0,0,0,0,0,0,15.8185,311.54,0,0,0.004509,
4,29,14,0,0,0.221825,0,0,0,0.351715,0.728825,1.0505,0,0,0,2.35286,0,0,0,0,0.210453,0,0,0.0283681,0,0,0.238821,0,0,0,0,0,0,0,0,0,0,0,15.921,311.54,0,0,0.004509,
4,29,15,0,0,0.221825,0,0,0,0.435454,0.735811,1.11052,0,0,0,2.50361,0,0,0,0,0.0520422,0,0,0.0299892,0,0,0.0820314,0,0,0,0,0,0,0,0,0,0,0,15.8918,311.54,0,0,0.004509,
4,29,16,0,0,0.221825,0,0,0,0.519197,0.760261,1.32062,0,0,0,2.8219,0,0,0,0,0.39459,0,0,0.0356628,0,0,0.430253,0,0,0,0,0,0,0,0,0,0,0,15.8326,311.54,0,0,0.004509,
4,29,17,0,0,0.221825,0,0,0,0.736923,0.791698,1.59075,0,0,0,3.3412,0,0,0,0,0.0311288,0,0,0.0429574,0,0,0.0740862,0,0,0,0,0,0,0,0,0,0,0,16.5033,311.54,0,0,0.004509,
4,29,18,0,0,0.221825,0,0,0,1.40685,0.809163,1.74082,0,0,0,4.17866,0,0,0,0,0.0396447,0,0,0.04701,0,0,0.0866547,0,0,0,0,0,0,0,0,0,0,0,18.6119,311.54,0,2.03033e-005,0.004509,
4,29,19,0,0,0.221825,0,0,0,1.9763,0.816149,1.80085,0,0,0,4.81512,0,0,0,0,0.267466,0,0,0.0486311,0,0,0.316097,0,0,0,0,0,0,0,0,0,0,0,21.0503,311.54,0,5.36782e-005,0.004509,
4,29,20,0,0,0.221825,0,0,0,1.89255,0.823135,1.86088,0.382647,0,0,5.18104,0,0,0,0,0.148137,0,0,0.0502522,0,0,0.198389,0,0,0,0,0,0,0,0,0,0,0,21.0103,311.54,0,5.29665e-005,0.004509,
4,29,21,0,0,0.221825,0,0,0,1.60783,0.816149,1.80085,0.382647,0,0,4.8293,0,0,0,0,0.222047,0,0,0.0486311,0,0,0.270678,0,0,0,0,0,0,0,0,0,0,0,20.9782,311.54,0,5.24303e-005,0.004509,
4,29,22,0,0,0.221825,0,0,0,1.05514,0.788205,1.56074,0.382647,0,0,4.00855,0,0,0,0,0.00742684,0,0,0.042147,0,0,0.0495738,0,0,0,0,0,0,0,0,0,0,0,20.9281,311.54,0,5.19548e-005,0.004509,
4,29,23,0,0,0.221825,0,0,0,0.636433,0.763754,1.35064,0.382647,0,0,3.3553,0,0,0,0,0,0,0,0.0364733,0,0,0.0364733,0,0,0,0,0,0,0,0,0,0,0,20.8356,311.54,0,5.11072e-005,0.004509,
4,29,24,0,0,0.221825,0,0,0,0.385211,0.735811,1.11052,0,0,0,2.45337,0,0,0,0,0.000943839,0,0,0.0299892,0,0,0.030933,0,0,0,0,0,0,0,0,0,0,0,20.8257,311.54,0,5.04405e-005,0.004509,
4,30,1,0,0,0.221825,0,0,0,0.318218,0.728825,1.0505,0,0,0,2.31936,0,0,0,0,0.0352095,0,0,0.0283681,0,0,0.0635776,0,0,0,0,0,0,0,0,0,0,0,21.2812,311.54,0,5.88627e-005,0.004509,
4,30,2,0,0,0.221825,0,0,0,0.251224,0.725332,1.02048,0,0,0,2.21886,0,0,0,0,0.0176855,0,0,0.0275576,0,0,0.0452431,0,0,0,0,0,0,0,0,0,0,0,21.2694,311.54,0,5.79593e-005,0.004509,
4,30,3,0,0,0.221825,0,0,0,0.28472,0.725332,1.02048,0,0,0,2.25236,0,0,0,0,0.000471712,0,0,0.0275576,0,0,0.0280293,0,0,0,0,0,0,0,0,0,0,0,21.2612,311.54,0,5.77603e-005,0.004509,
4,30,4,0,0,0.221825,0,0,0,0.351715,0.718346,0.960451,0,0,0,2.25234,0,0,0,0,0.00662437,0,0,0.0259366,0,0,0.032561,0,0,0,0,0,0,0,0,0,0,0,21.2721,311.54,0,5.78487e-005,0.004509,
4,30,5,0,0,0.221825,0,0,0,0.519197,0.732318,1.08051,0,0,0,2.55385,0,0,0,0,0.0903741,0,0,0.0291787,0,0,0.119553,0,0,0,0,0,0,0,0,0,0,0,21.281,311.54,0,5.8769e-005,0.004509,
4,30,6,0,0,0.221825,0,0,0,0.703426,0.753275,1.26059,0,0,0,2.93912,0,0,0,0,0.0742396,0,0,0.0340418,0,0,0.108281,0,0,0,0,0,0,0,0,0,0,0,21.2947,311.54,0,5.90354e-005,0.004509,
4,30,7,0,0,0.221825,0,0,0,0.686679,0.760261,1.32062,0,0,0,2.98939,0,0,0,0,0.411127,0,0,0.0356628,0,0,0.44679,0,0,0,0,0,0,0,0,0,0,0,18.3798,311.54,0,5.95863e-006,0.004509,
4,30,8,0,0,0.221825,0,0,0,0.56944,0.735811,1.11052,0,0,0,2.6376,0,0,0,0,0.285696,0,0,0.0299892,0,0,0.315685,0,0,0,0,0,0,0,0,0,0,0,16.1703,311.54,0,0,0.004509,
4,30,9,0,0,0.221825,0,0,0,0.4857,0.718346,0.960451,0,0,0,2.38632,0,0,0,0,0.0597124,0,0,0.0259366,0,0,0.085649,0,0,0,0,0,0,0,0,0,0,0,16.0119,311.54,0,0,0.004509,
4,30,10,0,0,0.221825,0,0,0,0.452204,0.721839,0.990466,0,0,0,2.38633,0,0,0,0,0.0190495,0,0,0.0267471,0,0,0.0457966,0,0,0,0,0,0,0,0,0,0,0,15.7698,311.54,0,0,0.004509,
4,30,11,0,0,0.221825,0,0,0,0.418708,0.721839,0.990466,0,0,0,2.35284,0,0,0,0,0.141296,0,0,0.0267471,0,0,0.168043,0,0,0,0,0,0,0,0,0,0,0,15.7575,311.54,0,0,0.004509,
4,30,12,0,0,0.221825,0,0,0,0.351715,0.718346,0.960451,0,0,0,2.25234,0,0,0,0,0.0496159,0,0,0.0259366,0,0,0.0755525,0,0,0,0,0,0,0,0,0,0,0,15.7831,311.54,0,0,0.004509,
4,30,13,0,0,0.221825,0,0,0,0.351715,0.721839,0.990466,0,0,0,2.28584,0,0,0,0,0.018249,0,0,0.0267471,0,0,0.0449961,0,0,0,0,0,0,0,0,0,0,0,15.9434,311.54,0,0,0.004509,
4,30,14,0,0,0.221825,0,0,0,0.351715,0.728825,1.0505,0,0,0,2.35286,0,0,0,0,0.0496832,0,0,0.0283681,0,0,0.0780513,0,0,0,0,0,0,0,0,0,0,0,15.9489,311.54,0,0,0.004509,
4,30,15,0,0,0.221825,0,0,0,0.435454,0.735811,1.11052,0,0,0,2.50361,0,0,0,0,0.0136316,0,0,0.0299892,0,0,0.0436208,0,0,0,0,0,0,0,0,0,0,0,15.914,311.54,0,0,0.004509,
4,30,16,0,0,0.221825,0,0,0,0.519197,0.760261,1.32062,0,0,0,2.8219,0,0,0,0,0.0323444,0,0,0.0356628,0,0,0.0680072,0,0,0,0,0,0,0,0,0,0,0,15.9912,311.54,0,0,0.004509,
4,30,17,0,0,0.221825,0,0,0,0.736923,0.791698,1.59075,0,0,0,3.3412,0,0,0,0,0.0398105,0,0,0.0429574,0,0,0.0827679,0,0,0,0,0,0,0,0,0,0,0,16.152,311.54,0,0,0.004509,
4,30,18,0,0,0.221825,0,0,0,1.40685,0.809163,1.74082,0,0,0,4.17866,0,0,0,0,0.225968,0,0,0.04701,0,0,0.272978,0,0,0,0,0,0,0,0,0,0,0,18.9047,311.54,0,2.35675e-005,0.004509,
4,30,19,0,0,0.221825,0,0,0,1.9763,0.816149,1.80085,0,0,0,4.81512,0,0,0,0,0.129983,0,0,0.0486311,0,0,0.178614,0,0,0,0,0,0,0,0,0,0,0,21.6759,311.54,0,6.3667e-005,0.004509,
4,30,20,0,0,0.221825,0,0,0,1.89255,0.823135,1.86088,0.382647,0,0,5.18104,0,0,0,0,0.152299,0,0,0.0502522,0,0,0.202551,0,0,0,0,0,0,0,0,0,0,0,21.6616,311.54,0,6.34572e-005,0.004509,
4,30,21,0,0,0.221825,0,0,0,1.60783,0.816149,1.80085,0.382647,0,0,4.8293,0,0,0,0,0.0796294,0,0,0.0486311,0,0,0.128261,0,0,0,0,0,0,0,0,0,0,0,21.6618,311.54,0,6.35642e-005,0.004509,
4,30,22,0,0,0.221825,0,0,0,1.05514,0.788205,1.56074,0.382647,0,0,4.00855,0,0,0,0,0.242662,0,0,0.042147,0,0,0.284809,0,0,0,0,0,0,0,0,0,0,0,21.5545,311.54,0,6.14982e-005,0.004509,
4,30,23,0,0,0.221825,0,0,0,0.636433,0.763754,1.35064,0.382647,0,0,3.3553,0,0,0,0,0.0469021,0,0,0.0364733,0,0,0.0833754,0,0,0,0,0,0,0,0,0,0,0,21.4741,311.54,0,5.98287e-005,0.004509,
4,30,24,0,0,0.221825,0,0,0,0.385211,0.735811,1.11052,0,0,0,2.45337,0,0,0,0,0.00258177,0,0,0.0299892,0,0,0.032571,0,0,0,0,0,0,0,0,0,0,0,21.45,311.54,0,5.93276e-005,0.004509,
5,1,1,0.376026,0,0.221825,0,0,0,0.318218,0.728825,1.0505,0,0,0,2.69539,0.313314,0,0,0,0.000948844,0,0,0.0283681,0,0,0.342631,0,0,0,0,0,0,0,0,0,0,0,21.5649,311.638,0,5.99892e-005,0.004509,
5,1,2,0.277632,0,0.221825,0,0,0,0.251224,0.725332,1.02048,0,0,0,2.49649,0.23133,0,0,0,0.015295,0,0,0.0275576,0,0,0.274183,0,0,0,0,0,0,0,0,0,0,0,21.5577,311.638,0,6.00271e-005,0.004509,
5,1,3,0.322652,0,0.221825,0,0,0,0.28472,0.725332,1.02048,0,0,0,2.57501,0.268843,0,0,0,0.0063222,0,0,0.0275576,0,0,0.302723,0,0,0,0,0,0,0,0,0,0,0,21.5591,311.638,0,5.99736e-005,0.004509,
5,1,4,0.333165,0,0.221825,0,0,0,0.351715,0.718346,0.960451,0,0,0,2.5855,0.277601,0,0,0,0.000503735,0,0,0.0259366,0,0,0.304041,0,0,0,0,0,0,0,0,0,0,0,21.565,311.638,0,6.00016e-005,0.004509,
5,1,5,0.290469,0,0.221825,0,0,0,0.519197,0.732318,1.08051,0,0,0,2.84432,0.242026,0,0,0,0.110126,0,0,0.0291787,0,0,0.381331,0,0,0,0,0,0,0,0,0,0,0,21.5683,311.638,0,6.00703e-005,0.004509,
5,1,6,0.115349,0,0.221825,0,0,0,0.703426,0.753275,1.26059,0,0,0,3.05447,0.0961117,0,0,0,0.186572,0,0,0.0340418,0,0,0.316725,0,0,0,0,0,0,0,0,0,0,0,21.5684,311.638,0,6.01299e-005,0.004509,
5,1,7,0.00419845,0,0.221825,0,0,0,0.686679,0.760261,1.32062,0,0,0,2.99359,0.00349825,0,0,0,0.400022,0,0,0.0356628,0,0,0.439183,0,0,0,0,0,0,0,0,0,0,0,18.8813,311.638,0,1.86665e-005,0.004509,
5,1,8,0,0,0.221825,0,0,0,0.56944,0.735811,1.11052,0,0,0,2.6376,0,0,0,0,0.450053,0,0,0.0299892,0,0,0.480042,0,0,0,0,0,0,0,0,0,0,0,16.8379,311.638,0,0,0.004509,
5,1,9,0,0,0.221825,0,0,0,0.4857,0.718346,0.960451,0,0,0,2.38632,0,0,0,0,0.604801,0,0,0.0259366,0,0,0.630738,0,0,0,0,0,0,0,0,0,0,0,16.7796,311.638,0,0,0.004509,
5,1,10,0,0,0.221825,0,0,0,0.452204,0.721839,0.990466,0,0,0,2.38633,0,0,0,0,0.193513,0,0,0.0267471,0,0,0.22026,0,0,0,0,0,0,0,0,0,0,0,16.2291,311.638,0,0,0.004509,
5,1,11,0,0,0.221825,0,0,0,0.418708,0.721839,0.990466,0,0,0,2.35284,0,0,0,0,0.103723,0,0,0.0267471,0,0,0.13047,0,0,0,0,0,0,0,0,0,0,0,16.0791,311.638,0,0,0.004509,
5,1,12,0,0,0.221825,0,0,0,0.351715,0.718346,0.960451,0,0,0,2.25234,0,0,0,0,0.0957949,0,0,0.0259366,0,0,0.121731,0,0,0,0,0,0,0,0,0,0,0,16.0906,311.638,0,0,0.004509,
5,1,13,0,0,0.221825,0,0,0,0.351715,0.721839,0.990466,0,0,0,2.28584,0,0,0,0,0.0590492,0,0,0.0267471,0,0,0.0857963,0,0,0,0,0,0,0,0,0,0,0,16.2097,311.638,0,0,0.004509,
5,1,14,0,0,0.221825,0,0,0,0.351715,0.728825,1.0505,0,0,0,2.35286,0,0,0,0,0.0304583,0,0,0.0283681,0,0,0.0588264,0,0,0,0,0,0,0,0,0,0,0,16.105,311.638,0,0,0.004509,
5,1,15,0,0,0.221825,0,0,0,0.435454,0.735811,1.11052,0,0,0,2.50361,0,0,0,0,0.037342,0,0,0.0299892,0,0,0.0673312,0,0,0,0,0,0,0,0,0,0,0,16.1169,311.638,0,0,0.004509,
5,1,16,0,0,0.221825,0,0,0,0.519197,0.760261,1.32062,0,0,0,2.8219,0,0,0,0,0.0148368,0,0,0.0356628,0,0,0.0504996,0,0,0,0,0,0,0,0,0,0,0,16.2995,311.638,0,0,0.004509,
5,1,17,0,0,0.221825,0,0,0,0.736923,0.791698,1.59075,0,0,0,3.3412,0,0,0,0,0.0277297,0,0,0.0429574,0,0,0.0706871,0,0,0,0,0,0,0,0,0,0,0,17.0402,311.638,0,5.58826e-007,0.004509,
5,1,18,0,0,0.221825,0,0,0,1.40685,0.809163,1.74082,0,0,0,4.17866,0,0,0,0,0.213878,0,0,0.04701,0,0,0.260888,0,0,0,0,0,0,0,0,0,0,0,20.8691,311.638,0,4.82016e-005,0.004509,
5,1,19,0,0,0.221825,0,0,0,1.9763,0.816149,1.80085,0,0,0,4.81512,0,0,0,0,0.0701062,0,0,0.0486311,0,0,0.118737,0,0,0,0,0,0,0,0,0,0,0,22.527,311.638,0,8.08394e-005,0.004509,
5,1,20,0,0,0.221825,0,0,0,1.89255,0.823135,1.86088,0.382647,0,0,5.18104,0,0,0,0,0.200118,0,0,0.0502522,0,0,0.25037,0,0,0,0,0,0,0,0,0,0,0,22.4711,311.638,0,7.94796e-005,0.004509,
5,1,21,0,0,0.221825,0,0,0,1.60783,0.816149,1.80085,0.382647,0,0,4.8293,0,0,0,0,0.165169,0,0,0.0486311,0,0,0.2138,0,0,0,0,0,0,0,0,0,0,0,22.3892,311.638,0,7.84318e-005,0.004509,
5,1,22,0,0,0.221825,0,0,0,1.05514,0.788205,1.56074,0.382647,0,0,4.00855,0,0,0,0,0.0785006,0,0,0.042147,0,0,0.120648,0,0,0,0,0,0,0,0,0,0,0,22.0375,311.638,0,6.90577e-005,0.004509,
5,1,23,0,0,0.221825,0,0,0,0.636433,0.763754,1.35064,0.382647,0,0,3.3553,0,0,0,0,0.0478066,0,0,0.0364733,0,0,0.0842799,0,0,0,0,0,0,0,0,0,0,0,21.975,311.638,0,6.7236e-005,0.004509,
5,1,24,0,0,0.221825,0,0,0,0.385211,0.735811,1.11052,0,0,0,2.45337,0,0,0,0,0.058371,0,0,0.0299892,0,0,0.0883602,0,0,0,0,0,0,0,0,0,0,0,21.913,311.638,0,6.66783e-005,0.004509,
5,2,1,0,0,0.221825,0,0,0,0.318218,0.728825,1.0505,0,0,0,2.31936,0,0,0,0,0.0285509,0,0,0.0283681,0,0,0.056919,0,0,0,0,0,0,0,0,0,0,0,21.8327,311.638,0,6.68091e-005,0.004509,
5,2,2,0,0,0.221825,0,0,0,0.251224,0.725332,1.02048,0,0,0,2.21886,0,0,0,0,0,0,0,0.0275576,0,0,0.0275576,0,0,0,0,0,0,0,0,0,0,0,21.8176,311.638,0,6.67349e-005,0.004509,
5,2,3,0,0,0.221825,0,0,0,0.28472,0.725332,1.02048,0,0,0,2.25236,0,0,0,0,0.000272198,0,0,0.0275576,0,0,0.0278298,0,0,0,0,0,0,0,0,0,0,0,21.8139,311.638,0,6.66334e-005,0.004509,
5,2,4,0,0,0.221825,0,0,0,0.351715,0.718346,0.960451,0,0,0,2.25234,0,0,0,0,0,0,0,0.0259366,0,0,0.0259366,0,0,0,0,0,0,0,0,0,0,0,21.8138,311.638,0,6.66359e-005,0.004509,
5,2,5,0,0,0.221825,0,0,0,0.519197,0.732318,1.08051,0,0,0,2.55385,0,0,0,0,0,0,0,0.0291787,0,0,0.0291787,0,0,0,0,0,0,0,0,0,0,0,21.824,311.638,0,6.66386e-005,0.004509,
5,2,6,0,0,0.221825,0,0,0,0.703426,0.753275,1.26059,0,0,0,2.93912,0,0,0,0,0.000377157,0,0,0.0340418,0,0,0.034419,0,0,0,0,0,0,0,0,0,0,0,21.8297,311.638,0,6.65202e-005,0.004509,
5,2,7,0,0,0.221825,0,0,0,0.686679,0.760261,1.32062,0,0,0,2.98939,0,0,0,0,0.00513893,0,0,0.0356628,0,0,0.0408017,0,0,0,0,0,0,0,0,0,0,0,20.4223,311.638,0,4.02844e-005,0.004509,
5,2,8,0,0,0.221825,0,0,0,0.56944,0.735811,1.11052,0,0,0,2.6376,0,0,0,0,0.0223031,0,0,0.0299892,0,0,0.0522923,0,0,0,0,0,0,0,0,0,0,0,16.9778,311.638,0,4.50404e-006,0.004509,
5,2,9,0,0,0.221825,0,0,0,0.4857,0.718346,0.960451,0,0,0,2.38632,0,0,0,0,0.463595,0,0,0.0259366,0,0,0.489532,0,0,0,0,0,0,0,0,0,0,0,16.5815,311.638,0,0,0.004509,
5,2,10,0,0,0.221825,0,0,0,0.452204,0.721839,0.990466,0,0,0,2.38633,0,0,0,0,0.513687,0,0,0.0267471,0,0,0.540434,0,0,0,0,0,0,0,0,0,0,0,16.6964,311.638,0,0,0.004509,
5,2,11,0,0,0.221825,0,0,0,0.418708,0.721839,0.990466,0,0,0,2.35284,0,0,0,0,0.461264,0,0,0.0267471,0,0,0.488011,0,0,0,0,0,0,0,0,0,0,0,16.5168,311.638,0,0,0.004509,
5,2,12,0,0,0.221825,0,0,0,0.351715,0.718346,0.960451,0,0,0,2.25234,0,0,0,0,0.03013,0,0,0.0259366,0,0,0.0560666,0,0,0,0,0,0,0,0,0,0,0,16.5226,311.638,0,0,0.004509,
5,2,13,0,0,0.221825,0,0,0,0.351715,0.721839,0.990466,0,0,0,2.28584,0,0,0,0,0.115379,0,0,0.0267471,0,0,0.142126,0,0,0,0,0,0,0,0,0,0,0,16.6579,311.638,0,0,0.004509,
5,2,14,0,0,0.221825,0,0,0,0.351715,0.728825,1.0505,0,0,0,2.35286,0,0,0,0,0.0871621,0,0,0.0283681,0,0,0.11553,0,0,0,0,0,0,0,0,0,0,0,16.5246,311.638,0,0,0.004509,
5,2,15,0,0,0.221825,0,0,0,0.435454,0.735811,1.11052,0,0,0,2.50361,0,0,0,0,0.0908208,0,0,0.0299892,0,0,0.12081,0,0,0,0,0,0,0,0,0,0,0,16.6641,311.638,0,0,0.004509,
5,2,16,0,1.33891,0.221825,0,0,0,0.519197,0.760261,1.32062,0,0,0,4.16082,0,0,0,0,0.107565,0,0,0.0356628,0,0,0.143228,0,0,0,0,0,0,0,0,0,0,0,16.6659,311.638,0,0,0.004509,
5,2,17,0,2.23918,0.221825,0,0,0,0.736923,0.791698,1.59075,0,0,0,5.58038,0,0,0,0,0.258717,0,0,0.0429574,0,0,0.301674,0,0,0,0,0,0,0,0,0,0,0,17.6621,311.638,0,1.41782e-005,0.004509,
5,2,18,0,2.60331,0.221825,0,0,0,1.40685,0.809163,1.74082,0,0,0,6.78198,0,0,0,0,0.619444,0,0,0.04701,0,0,0.666454,0,0,0,0,0,0,0,0,0,0,0,21.1275,311.638,0,6.04469e-005,0.004509,
5,2,19,0,2.20118,0.221825,0,0,0,1.9763,0.816149,1.80085,0,0,0,7.0163,0,0,0,0,0.346974,0,0,0.0486311,0,0,0.395605,0,0,0,0,0,0,0,0,0,0,0,22.8265,311.638,0,8.83502e-005,0.004509,
5,2,20,0,1.62554,0.221825,0,0,0,1.89255,0.823135,1.86088,0.382647,0,0,6.80657,0,0,0,0,0.197668,0,0,0.0502522,0,0,0.24792,0,0,0,0,0,0,0,0,0,0,0,22.7867,311.638,0,8.81414e-005,0.004509,
5,2,21,0,1.13616,0.221825,0,0,0,1.60783,0.816149,1.80085,0.382647,0,0,5.96546,0,0,0,0,0.254015,0,0,0.0486311,0,0,0.302646,0,0,0,0,0,0,0,0,0,0,0,22.5692,311.638,0,8.27355e-005,0.004509,
5,2,22,0,0.681632,0.221825,0,0,0,1.05514,0.788205,1.56074,0.382647,0,0,4.69019,0,0,0,0,0.0141909,0,0,0.042147,0,0,0.0563379,0,0,0,0,0,0,0,0,0,0,0,22.3553,311.638,0,7.66254e-005,0.004509,
5,2,23,0,0.28465,0.221825,0,0,0,0.636433,0.763754,1.35064,0.382647,0,0,3.63995,0,0,0,0,0.0584877,0,0,0.0364733,0,0,0.094961,0,0,0,0,0,0,0,0,0,0,0,22.2784,311.638,0,7.5627e-005,0.004509,
5,2,24,0,0.0134125,0.221825,0,0,0,0.385211,0.735811,1.11052,0,0,0,2.46678,0,0,0,0,0.0160675,0,0,0.0299892,0,0,0.0460567,0,0,0,0,0,0,0,0,0,0,0,22.2005,311.638,0,7.4724e-005,0.004509,
5,3,1,0,0,0.221825,0,0,0,0.318218,0.728825,1.0505,0,0,0,2.31936,0,0,0,0,0,0,0,0.0283681,0,0,0.0283681,0,0,0,0,0,0,0,0,0,0,0,22.153,311.638,0,7.56997e-005,0.004509,
5,3,2,0,0,0.221825,0,0,0,0.251224,0.725332,1.02048,0,0,0,2.21886,0,0,0,0,0.0311941,0,0,0.0275576,0,0,0.0587517,0,0,0,0,0,0,0,0,0,0,0,22.065,311.638,0,7.48249e-005,0.004509,
5,3,3,0,0,0.221825,0,0,0,0.28472,0.725332,1.02048,0,0,0,2.25236,0,0,0,0,0.0207006,0,0,0.0275576,0,0,0.0482582,0,0,0,0,0,0,0,0,0,0,0,22.1395,311.638,0,7.56839e-005,0.004509,
5,3,4,0,0,0.221825,0,0,0,0.351715,0.718346,0.960451,0,0,0,2.25234,0,0,0,0,0,0,0,0.0259366,0,0,0.0259366,0,0,0,0,0,0,0,0,0,0,0,22.1485,311.638,0,7.57725e-005,0.004509,
5,3,5,0,0,0.221825,0,0,0,0.519197,0.732318,1.08051,0,0,0,2.55385,0,0,0,0,0.00452234,0,0,0.0291787,0,0,0.033701,0,0,0,0,0,0,0,0,0,0,0,22.1619,311.638,0,7.58624e-005,0.004509,
5,3,6,0,0,0.221825,0,0,0,0.703426,0.753275,1.26059,0,0,0,2.93912,0,0,0,0,0.016135,0,0,0.0340418,0,0,0.0501768,0,0,0,0,0,0,0,0,0,0,0,22.1589,311.638,0,7.56898e-005,0.004509,
5,3,7,0,0,0.221825,0,0,0,0.686679,0.760261,1.32062,0,0,0,2.98939,0,0,0,0,0.384853,0,0,0.0356628,0,0,0.420516,0,0,0,0,0,0,0,0,0,0,0,21.0896,311.638,0,5.94941e-005,0.004509,
5,3,8,0,0,0.221825,0,0,0,0.56944,0.735811,1.11052,0,0,0,2.6376,0,0,0,0,0.084688,0,0,0.0299892,0,0,0.114677,0,0,0,0,0,0,0,0,0,0,0,17.387,311.638,0,1.11725e-005,0.004509,
5,3,9,0,0,0.221825,0,0,0,0.4857,0.718346,0.960451,0,0,0,2.38632,0,0,0,0,0.814889,0,0,0.0259366,0,0,0.840826,0,0,0,0,0,0,0,0,0,0,0,16.7987,311.638,0,1.54839e-006,0.004509,
5,3,10,0,0,0.221825,0,0,0,0.452204,0.721839,0.990466,0,0,0,2.38633,0,0,0,0,0.165768,0,0,0.0267471,0,0,0.192515,0,0,0,0,0,0,0,0,0,0,0,16.7744,311.638,0,0,0.004509,
5,3,11,0,0.669395,0.221825,0,0,0,0.418708,0.721839,0.990466,0,0,0,3.02223,0,0,0,0,0.272952,0,0,0.0267471,0,0,0.299699,0,0,0,0,0,0,0,0,0,0,0,16.7765,311.638,0,0,0.004509,
5,3,12,0,1.29928,0.221825,0,0,0,0.351715,0.718346,0.960451,0,0,0,3.55162,0,0,0,0,0.364072,0,0,0.0259366,0,0,0.390009,0,0,0,0,0,0,0,0,0,0,0,16.8923,311.638,0,0,0.004509,
5,3,13,0,1.91266,0.221825,0,0,0,0.351715,0.721839,0.990466,0,0,0,4.19851,0,0,0,0,0.0175826,0,0,0.0267471,0,0,0.0443297,0,0,0,0,0,0,0,0,0,0,0,16.8008,311.638,0,0,0.004509,
5,3,14,0,2.72508,0.221825,0,0,0,0.351715,0.728825,1.0505,0,0,0,5.07794,0,0,0,0,0.104479,0,0,0.0283681,0,0,0.132847,0,0,0,0,0,0,0,0,0,0,0,17.0373,311.638,0,0,0.004509,
5,3,15,0,3.65141,0.221825,0,0,0,0.435454,0.735811,1.11052,0,0,0,6.15502,0,0,0,0,0.126119,0,0,0.0299892,0,0,0.156108,0,0,0,0,0,0,0,0,0,0,0,17.1047,311.638,0,2.13462e-006,0.004509,
5,3,16,0,4.42393,0.221825,0,0,0,0.519197,0.760261,1.32062,0,0,0,7.24583,0,0,0,0,0.0354149,0,0,0.0356628,0,0,0.0710777,0,0,0,0,0,0,0,0,0,0,0,18.0946,311.638,0,1.63651e-005,0.004509,
5,3,17,0,4.78355,0.221825,0,0,0,0.736923,0.791698,1.59075,0,0,0,8.12475,0,0,0,0,0.149521,0,0,0.0429574,0,0,0.192478,0,0,0,0,0,0,0,0,0,0,0,20.4432,311.638,0,4.07315e-005,0.004509,
5,3,18,0,4.72889,0.221825,0,0,0,1.40685,0.809163,1.74082,0,0,0,8.90755,0,0,0,0,0.231846,0,0,0.04701,0,0,0.278856,0,0,0,0,0,0,0,0,0,0,0,23.839,311.638,0,0.000117886,0.004509,
5,3,19,0,3.91288,0.221825,0,0,0,1.9763,0.816149,1.80085,0,0,0,8.72799,0,0,0,0,0.11822,0,0,0.0486311,0,0,0.166851,0,0,0,0,0,0,0,0,0,0,0,25.5666,311.638,0,0.000178002,0.004509,
5,3,20,0,3.09791,0.221825,0,0,0,1.89255,0.823135,1.86088,0.382647,0,0,8.27894,0,0,0,0,0.138967,0,0,0.0502522,0,0,0.189219,0,0,0,0,0,0,0,0,0,0,0,25.5155,311.638,0,0.000177344,0.004509,
5,3,21,0,2.38626,0.221825,0,0,0,1.60783,0.816149,1.80085,0.382647,0,0,7.21556,0,0,0,0,0.0139322,0,0,0.0486311,0,0,0.0625633,0,0,0,0,0,0,0,0,0,0,0,24.9402,311.638,0,0.000161402,0.004509,
5,3,22,0,1.59763,0.221825,0,0,0,1.05514,0.788205,1.56074,0.382647,0,0,5.60619,0,0,0,0,0.0264854,0,0,0.042147,0,0,0.0686324,0,0,0,0,0,0,0,0,0,0,0,24.4473,311.638,0,0.000149967,0.004509,
5,3,23,0,0.85205,0.221825,0,0,0,0.636433,0.763754,1.35064,0.382647,0,0,4.20735,0,0,0,0,0.0444813,0,0,0.0364733,0,0,0.0809546,0,0,0,0,0,0,0,0,0,0,0,24.0529,311.638,0,0.000139233,0.004509,
5,3,24,0,0.385858,0.221825,0,0,0,0.385211,0.735811,1.11052,0,0,0,2.83923,0,0,0,0,0.00092642,0,0,0.0299892,0,0,0.0309156,0,0,0,0,0,0,0,0,0,0,0,23.9173,311.638,0,0.000136795,0.004509,
5,4,1,0,0.120471,0.221825,0,0,0,0.318218,0.728825,1.0505,0,0,0,2.43983,0,0,0,0,0,0,0,0.0283681,0,0,0.0283681,0,0,0,0,0,0,0,0,0,0,0,22.8711,311.638,0,9.93779e-005,0.004509,
5,4,2,0,0,0.221825,0,0,0,0.251224,0.725332,1.02048,0,0,0,2.21886,0,0,0,0,0.00120384,0,0,0.0275576,0,0,0.0287614,0,0,0,0,0,0,0,0,0,0,0,22.8636,311.638,0,9.85286e-005,0.004509,
5,4,3,0,0,0.221825,0,0,0,0.28472,0.725332,1.02048,0,0,0,2.25236,0,0,0,0,0.000461033,0,0,0.0275576,0,0,0.0280186,0,0,0,0,0,0,0,0,0,0,0,22.8651,311.638,0,9.85468e-005,0.004509,
5,4,4,0,0,0.221825,0,0,0,0.351715,0.718346,0.960451,0,0,0,2.25234,0,0,0,0,0,0,0,0.0259366,0,0,0.0259366,0,0,0,0,0,0,0,0,0,0,0,22.8665,311.638,0,9.85797e-005,0.004509,
5,4,5,0,0,0.221825,0,0,0,0.519197,0.732318,1.08051,0,0,0,2.55385,0,0,0,0,0.00487837,0,0,0.0291787,0,0,0.0340571,0,0,0,0,0,0,0,0,0,0,0,22.8743,311.638,0,9.8626e-005,0.004509,
5,4,6,0,0,0.221825,0,0,0,0.703426,0.753275,1.26059,0,0,0,2.93912,0,0,0,0,0.817995,0,0,0.0340418,0,0,0.852037,0,0,0,0,0,0,0,0,0,0,0,22.8781,311.638,0,9.92262e-005,0.004509,
5,4,7,0,0,0.221825,0,0,0,0.686679,0.760261,1.32062,0,0,0,2.98939,0,0,0,0,0.420331,0,0,0.0356628,0,0,0.455994,0,0,0,0,0,0,0,0,0,0,0,22.2716,311.638,0,7.72184e-005,0.004509,
5,4,8,0,0.138306,0.221825,0,0,0,0.56944,0.735811,1.11052,0,0,0,2.77591,0,0,0,0,0.671224,0,0,0.0299892,0,0,0.701213,0,0,0,0,0,0,0,0,0,0,0,18.9689,311.638,0,1.83833e-005,0.004509,
5,4,9,0,0.839898,0.221825,0,0,0,0.4857,0.718346,0.960451,0,0,0,3.22622,0,0,0,0,0.315408,0,0,0.0259366,0,0,0.341345,0,0,0,0,0,0,0,0,0,0,0,17.9483,311.638,0,7.87978e-006,0.004509,
5,4,10,0,1.57578,0.221825,0,0,0,0.452204,0.721839,0.990466,0,0,0,3.96211,0,0,0,0,0.122119,0,0,0.0267471,0,0,0.148866,0,0,0,0,0,0,0,0,0,0,0,17.7023,311.638,0,1.24271e-006,0.004509,
5,4,11,0,2.2866,0.221825,0,0,0,0.418708,0.721839,0.990466,0,0,0,4.63944,0,0,0,0,0.111147,0,0,0.0267471,0,0,0.137894,0,0,0,0,0,0,0,0,0,0,0,17.4271,311.638,0,0,0.004509,
5,4,12,0,2.7797,0.221825,0,0,0,0.351715,0.718346,0.960451,0,0,0,5.03203,0,0,0,0,0.0850723,0,0,0.0259366,0,0,0.111009,0,0,0,0,0,0,0,0,0,0,0,17.0202,311.638,0,0,0.004509,
5,4,13,0,3.30353,0.221825,0,0,0,0.351715,0.721839,0.990466,0,0,0,5.58938,0,0,0,0,0.0850344,0,0,0.0267471,0,0,0.111781,0,0,0,0,0,0,0,0,0,0,0,17.025,311.638,0,0,0.004509,
5,4,14,0,3.88944,0.221825,0,0,0,0.351715,0.728825,1.0505,0,0,0,6.2423,0,0,0,0,0.0564265,0,0,0.0283681,0,0,0.0847946,0,0,0,0,0,0,0,0,0,0,0,17.0406,311.638,0,0,0.004509,
5,4,15,0,4.40925,0.221825,0,0,0,0.435454,0.735811,1.11052,0,0,0,6.91286,0,0,0,0,0.156559,0,0,0.0299892,0,0,0.186548,0,0,0,0,0,0,0,0,0,0,0,17.7908,311.638,0,0,0.004509,
5,4,16,0,5.27011,0.221825,0,0,0,0.519197,0.760261,1.32062,0,0,0,8.09201,0,0,0,0,0.155247,0,0,0.0356628,0,0,0.19091,0,0,0,0,0,0,0,0,0,0,0,18.3544,311.638,0,4.95927e-007,0.004509,
5,4,17,0,5.73097,0.221825,0,0,0,0.736923,0.791698,1.59075,0,0,0,9.07217,0,0,0,0,0.13252,0,0,0.0429574,0,0,0.175477,0,0,0,0,0,0,0,0,0,0,0,19.5268,311.638,0,2.09423e-005,0.004509,
5,4,18,0,5.68404,0.221825,0,0,0,1.40685,0.809163,1.74082,0,0,0,9.8627,0,0,0,0,0.0653161,0,0,0.04701,0,0,0.112326,0,0,0,0,0,0,0,0,0,0,0,22.8301,311.638,0,0.000100541,0.004509,
5,4,19,0,4.43244,0.221825,0,0,0,1.9763,0.816149,1.80085,0,0,0,9.24756,0,0,0,0,0.0984868,0,0,0.0486311,0,0,0.147118,0,0,0,0,0,0,0,0,0,0,0,23.4142,311.638,0,0.000118957,0.004509,
5,4,20,0,3.03996,0.221825,0,0,0,1.89255,0.823135,1.86088,0.382647,0,0,8.221,0,0,0,0,0.200801,0,0,0.0502522,0,0,0.251053,0,0,0,0,0,0,0,0,0,0,0,23.376,311.638,0,0.000117437,0.004509,
5,4,21,0,1.90581,0.221825,0,0,0,1.60783,0.816149,1.80085,0.382647,0,0,6.73511,0,0,0,0,0.0634688,0,0,0.0486311,0,0,0.1121,0,0,0,0,0,0,0,0,0,0,0,23.2464,311.638,0,0.000112964,0.004509,
5,4,22,0,1.26322,0.221825,0,0,0,1.05514,0.788205,1.56074,0.382647,0,0,5.27177,0,0,0,0,0.0411139,0,0,0.042147,0,0,0.0832609,0,0,0,0,0,0,0,0,0,0,0,22.8671,311.638,0,0.000101675,0.004509,
5,4,23,0,0.776978,0.221825,0,0,0,0.636433,0.763754,1.35064,0.382647,0,0,4.13227,0,0,0,0,0.0281878,0,0,0.0364733,0,0,0.0646611,0,0,0,0,0,0,0,0,0,0,0,22.6157,311.638,0,9.51843e-005,0.004509,
5,4,24,0,0.475033,0.221825,0,0,0,0.385211,0.735811,1.11052,0,0,0,2.9284,0,0,0,0,0.00159761,0,0,0.0299892,0,0,0.0315868,0,0,0,0,0,0,0,0,0,0,0,22.5755,311.638,0,9.47555e-005,0.004509,
5,5,1,0,0.33795,0.221825,0,0,0,0.318218,0.728825,1.0505,0,0,0,2.65731,0,0,0,0,0.000357433,0,0,0.0283681,0,0,0.0287255,0,0,0,0,0,0,0,0,0,0,0,21.6468,311.638,0,5.95757e-005,0.004509,
5,5,2,0,0.0964339,0.221825,0,0,0,0.251224,0.725332,1.02048,0,0,0,2.3153,0,0,0,0,0.0115364,0,0,0.0275576,0,0,0.039094,0,0,0,0,0,0,0,0,0,0,0,21.6449,311.638,0,5.95358e-005,0.004509,
5,5,3,0,0,0.221825,0,0,0,0.28472,0.725332,1.02048,0,0,0,2.25236,0,0,0,0,0.01791,0,0,0.0275576,0,0,0.0454676,0,0,0,0,0,0,0,0,0,0,0,21.6462,311.638,0,5.95675e-005,0.004509,
5,5,4,0,0,0.221825,0,0,0,0.351715,0.718346,0.960451,0,0,0,2.25234,0,0,0,0,0.0219035,0,0,0.0259366,0,0,0.0478401,0,0,0,0,0,0,0,0,0,0,0,21.648,311.638,0,5.96227e-005,0.004509,
5,5,5,0,0,0.221825,0,0,0,0.519197,0.732318,1.08051,0,0,0,2.55385,0,0,0,0,0.0128816,0,0,0.0291787,0,0,0.0420603,0,0,0,0,0,0,0,0,0,0,0,21.6498,311.638,0,5.96665e-005,0.004509,
5,5,6,0,0,0.221825,0,0,0,0.703426,0.753275,1.26059,0,0,0,2.93912,0,0,0,0,0.297958,0,0,0.0340418,0,0,0.332,0,0,0,0,0,0,0,0,0,0,0,21.6485,311.638,0,5.9699e-005,0.004509,
5,5,7,0,0,0.221825,0,0,0,0.686679,0.760261,1.32062,0,0,0,2.98939,0,0,0,0,0.837294,0,0,0.0356628,0,0,0.872957,0,0,0,0,0,0,0,0,0,0,0,20.8698,311.638,0,4.72121e-005,0.004509,
5,5,8,0,0.0767677,0.221825,0,0,0,0.56944,0.735811,1.11052,0,0,0,2.71437,0,0,0,0,0.274689,0,0,0.0299892,0,0,0.304678,0,0,0,0,0,0,0,0,0,0,0,17.6177,311.638,0,8.26315e-006,0.004509,
5,5,9,0,0.755544,0.221825,0,0,0,0.4857,0.718346,0.960451,0,0,0,3.14187,0,0,0,0,0.361205,0,0,0.0259366,0,0,0.387142,0,0,0,0,0,0,0,0,0,0,0,16.9441,311.638,0,2.13723e-006,0.004509,
5,5,10,0,1.30351,0.221825,0,0,0,0.452204,0.721839,0.990466,0,0,0,3.68984,0,0,0,0,0.257655,0,0,0.0267471,0,0,0.284402,0,0,0,0,0,0,0,0,0,0,0,16.8178,311.638,0,0,0.004509,
5,5,11,0,1.69697,0.221825,0,0,0,0.418708,0.721839,0.990466,0,0,0,4.04981,0,0,0,0,0.0353844,0,0,0.0267471,0,0,0.0621315,0,0,0,0,0,0,0,0,0,0,0,16.8678,311.638,0,0,0.004509,
5,5,12,0,1.87388,0.221825,0,0,0,0.351715,0.718346,0.960451,0,0,0,4.12621,0,0,0,0,0.0403761,0,0,0.0259366,0,0,0.0663127,0,0,0,0,0,0,0,0,0,0,0,17.0922,311.638,0,0,0.004509,
5,5,13,0,1.93742,0.221825,0,0,0,0.351715,0.721839,0.990466,0,0,0,4.22327,0,0,0,0,0.123129,0,0,0.0267471,0,0,0.149876,0,0,0,0,0,0,0,0,0,0,0,16.9803,311.638,0,0,0.004509,
5,5,14,0,2.1809,0.221825,0,0,0,0.351715,0.728825,1.0505,0,0,0,4.53376,0,0,0,0,0.304655,0,0,0.0283681,0,0,0.333023,0,0,0,0,0,0,0,0,0,0,0,16.9025,311.638,0,0,0.004509,
5,5,15,0,2.44902,0.221825,0,0,0,0.435454,0.735811,1.11052,0,0,0,4.95263,0,0,0,0,0.281134,0,0,0.0299892,0,0,0.311123,0,0,0,0,0,0,0,0,0,0,0,17.089,311.638,0,0,0.004509,
5,5,16,0,2.77135,0.221825,0,0,0,0.519197,0.760261,1.32062,0,0,0,5.59326,0,0,0,0,0.0808836,0,0,0.0356628,0,0,0.116546,0,0,0,0,0,0,0,0,0,0,0,16.8895,311.638,0,0,0.004509,
5,5,17,0,2.89501,0.221825,0,0,0,0.736923,0.791698,1.59075,0,0,0,6.2362,0,0,0,0,0.0721491,0,0,0.0429574,0,0,0.115107,0,0,0,0,0,0,0,0,0,0,0,18.3829,311.638,0,1.28644e-005,0.004509,
5,5,18,0,2.96817,0.221825,0,0,0,1.40685,0.809163,1.74082,0,0,0,7.14683,0,0,0,0,0.454571,0,0,0.04701,0,0,0.501581,0,0,0,0,0,0,0,0,0,0,0,21.8992,311.638,0,6.47915e-005,0.004509,
5,5,19,0,2.28734,0.221825,0,0,0,1.9763,0.816149,1.80085,0,0,0,7.10246,0,0,0,0,0.158642,0,0,0.0486311,0,0,0.207273,0,0,0,0,0,0,0,0,0,0,0,22.1877,311.638,0,7.0756e-005,0.004509,
5,5,20,0,1.36559,0.221825,0,0,0,1.89255,0.823135,1.86088,0.382647,0,0,6.54663,0,0,0,0,0.13314,0,0,0.0502522,0,0,0.183392,0,0,0,0,0,0,0,0,0,0,0,22.1317,311.638,0,6.93829e-005,0.004509,
5,5,21,0,0.160298,0.221825,0,0,0,1.60783,0.816149,1.80085,0.382647,0,0,4.9896,0,0,0,0,0.0415524,0,0,0.0486311,0,0,0.0901835,0,0,0,0,0,0,0,0,0,0,0,22.0571,311.638,0,6.79576e-005,0.004509,
5,5,22,0,0,0.221825,0,0,0,1.05514,0.788205,1.56074,0.382647,0,0,4.00855,0,0,0,0,0.080799,0,0,0.042147,0,0,0.122946,0,0,0,0,0,0,0,0,0,0,0,21.8603,311.638,0,6.39029e-005,0.004509,
5,5,23,0,0,0.221825,0,0,0,0.636433,0.763754,1.35064,0.382647,0,0,3.3553,0,0,0,0,0.024504,0,0,0.0364733,0,0,0.0609773,0,0,0,0,0,0,0,0,0,0,0,21.712,311.638,0,5.94757e-005,0.004509,
5,5,24,0,0,0.221825,0,0,0,0.385211,0.735811,1.11052,0,0,0,2.45337,0,0,0,0,0,0,0,0.0299892,0,0,0.0299892,0,0,0,0,0,0,0,0,0,0,0,21.6342,311.638,0,5.93268e-005,0.004509,
5,6,1,0,0,0.221825,0,0,0,0.318218,0.728825,1.0505,0,0,0,2.31936,0,0,0,0,0.000533624,0,0,0.0283681,0,0,0.0289017,0,0,0,0,0,0,0,0,0,0,0,21.1769,311.638,0,6.07425e-005,0.004509,
5,6,2,0,0,0.221825,0,0,0,0.251224,0.725332,1.02048,0,0,0,2.21886,0,0,0,0,0.0112417,0,0,0.0275576,0,0,0.0387993,0,0,0,0,0,0,0,0,0,0,0,21.1415,311.638,0,6.02673e-005,0.004509,
5,6,3,0,0,0.221825,0,0,0,0.28472,0.725332,1.02048,0,0,0,2.25236,0,0,0,0,0.000577578,0,0,0.0275576,0,0,0.0281352,0,0,0,0,0,0,0,0,0,0,0,21.1736,311.638,0,6.04068e-005,0.004509,
5,6,4,0,0,0.221825,0,0,0,0.351715,0.718346,0.960451,0,0,0,2.25234,0,0,0,0,0.00578164,0,0,0.0259366,0,0,0.0317182,0,0,0,0,0,0,0,0,0,0,0,21.1677,311.638,0,6.05497e-005,0.004509,
5,6,5,0,0,0.221825,0,0,0,0.519197,0.732318,1.08051,0,0,0,2.55385,0,0,0,0,0.0179306,0,0,0.0291787,0,0,0.0471093,0,0,0,0,0,0,0,0,0,0,0,21.2069,311.638,0,6.0846e-005,0.004509,
5,6,6,0,0,0.221825,0,0,0,0.703426,0.753275,1.26059,0,0,0,2.93912,0,0,0,0,0.307695,0,0,0.0340418,0,0,0.341737,0,0,0,0,0,0,0,0,0,0,0,21.2532,311.638,0,6.04138e-005,0.004509,
5,6,7,0,0,0.221825,0,0,0,0.686679,0.760261,1.32062,0,0,0,2.98939,0,0,0,0,0.187895,0,0,0.0356628,0,0,0.223558,0,0,0,0,0,0,0,0,0,0,0,20.4799,311.638,0,4.2166e-005,0.004509,
5,6,8,0,0,0.221825,0,0,0,0.56944,0.735811,1.11052,0,0,0,2.6376,0,0,0,0,0.33575,0,0,0.0299892,0,0,0.365739,0,0,0,0,0,0,0,0,0,0,0,17.4042,311.638,0,1.84832e-006,0.004509,
5,6,9,0,0,0.221825,0,0,0,0.4857,0.718346,0.960451,0,0,0,2.38632,0,0,0,0,0.417948,0,0,0.0259366,0,0,0.443885,0,0,0,0,0,0,0,0,0,0,0,16.9975,311.638,0,0,0.004509,
5,6,10,0,0,0.221825,0,0,0,0.452204,0.721839,0.990466,0,0,0,2.38633,0,0,0,0,0.137089,0,0,0.0267471,0,0,0.163836,0,0,0,0,0,0,0,0,0,0,0,16.8845,311.638,0,0,0.004509,
5,6,11,0,0,0.221825,0,0,0,0.418708,0.721839,0.990466,0,0,0,2.35284,0,0,0,0,0.0881036,0,0,0.0267471,0,0,0.114851,0,0,0,0,0,0,0,0,0,0,0,16.8693,311.638,0,0,0.004509,
5,6,12,0,0,0.221825,0,0,0,0.351715,0.718346,0.960451,0,0,0,2.25234,0,0,0,0,0.0450163,0,0,0.0259366,0,0,0.0709529,0,0,0,0,0,0,0,0,0,0,0,16.8797,311.638,0,0,0.004509,
5,6,13,0,0,0.221825,0,0,0,0.351715,0.721839,0.990466,0,0,0,2.28584,0,0,0,0,0.111919,0,0,0.0267471,0,0,0.138666,0,0,0,0,0,0,0,0,0,0,0,16.8613,311.638,0,0,0.004509,
5,6,14,0,0,0.221825,0,0,0,0.351715,0.728825,1.0505,0,0,0,2.35286,0,0,0,0,0.00439272,0,0,0.0283681,0,0,0.0327608,0,0,0,0,0,0,0,0,0,0,0,16.8269,311.638,0,0,0.004509,
5,6,15,0,0,0.221825,0,0,0,0.435454,0.735811,1.11052,0,0,0,2.50361,0,0,0,0,0.0523687,0,0,0.0299892,0,0,0.0823579,0,0,0,0,0,0,0,0,0,0,0,16.9183,311.638,0,0,0.004509,
5,6,16,0,0,0.221825,0,0,0,0.519197,0.760261,1.32062,0,0,0,2.8219,0,0,0,0,0.214036,0,0,0.0356628,0,0,0.249699,0,0,0,0,0,0,0,0,0,0,0,16.9964,311.638,0,0,0.004509,
5,6,17,0,0,0.221825,0,0,0,0.736923,0.791698,1.59075,0,0,0,3.3412,0,0,0,0,0.00908242,0,0,0.0429574,0,0,0.0520398,0,0,0,0,0,0,0,0,0,0,0,18.4186,311.638,0,1.48623e-005,0.004509,
5,6,18,0,0,0.221825,0,0,0,1.40685,0.809163,1.74082,0,0,0,4.17866,0,0,0,0,0.115058,0,0,0.04701,0,0,0.162068,0,0,0,0,0,0,0,0,0,0,0,21.4117,311.638,0,6.31706e-005,0.004509,
5,6,19,0,0,0.221825,0,0,0,1.9763,0.816149,1.80085,0,0,0,4.81512,0,0,0,0,0.0991903,0,0,0.0486311,0,0,0.147821,0,0,0,0,0,0,0,0,0,0,0,21.5422,311.638,0,6.59262e-005,0.004509,
5,6,20,0,0,0.221825,0,0,0,1.89255,0.823135,1.86088,0.382647,0,0,5.18104,0,0,0,0,0.36124,0,0,0.0502522,0,0,0.411492,0,0,0,0,0,0,0,0,0,0,0,21.4773,311.638,0,6.5121e-005,0.004509,
5,6,21,0,0,0.221825,0,0,0,1.60783,0.816149,1.80085,0.382647,0,0,4.8293,0,0,0,0,0.277554,0,0,0.0486311,0,0,0.326185,0,0,0,0,0,0,0,0,0,0,0,21.4716,311.638,0,6.44252e-005,0.004509,
5,6,22,0,0,0.221825,0,0,0,1.05514,0.788205,1.56074,0.382647,0,0,4.00855,0,0,0,0,0.0616707,0,0,0.042147,0,0,0.103818,0,0,0,0,0,0,0,0,0,0,0,21.3595,311.638,0,6.15461e-005,0.004509,
5,6,23,0,0,0.221825,0,0,0,0.636433,0.763754,1.35064,0.382647,0,0,3.3553,0,0,0,0,0.0397432,0,0,0.0364733,0,0,0.0762165,0,0,0,0,0,0,0,0,0,0,0,21.2969,311.638,0,6.1208e-005,0.004509,
5,6,24,0,0,0.221825,0,0,0,0.385211,0.735811,1.11052,0,0,0,2.45337,0,0,0,0,0.00101285,0,0,0.0299892,0,0,0.0310021,0,0,0,0,0,0,0,0,0,0,0,21.1926,311.638,0,6.04631e-005,0.004509,
5,7,1,0,0,0.221825,0,0,0,0.318218,0.728825,1.0505,0,0,0,2.31936,0,0,0,0,0.0391199,0,0,0.0283681,0,0,0.067488,0,0,0,0,0,0,0,0,0,0,0,21.5701,311.638,0,7.02788e-005,0.004509,
5,7,2,0,0,0.221825,0,0,0,0.251224,0.725332,1.02048,0,0,0,2.21886,0,0,0,0,0.0180414,0,0,0.0275576,0,0,0.045599,0,0,0,0,0,0,0,0,0,0,0,21.5697,311.638,0,6.9797e-005,0.004509,
5,7,3,0,0,0.221825,0,0,0,0.28472,0.725332,1.02048,0,0,0,2.25236,0,0,0,0,0,0,0,0.0275576,0,0,0.0275576,0,0,0,0,0,0,0,0,0,0,0,21.5411,311.638,0,6.90592e-005,0.004509,
5,7,4,0,0,0.221825,0,0,0,0.351715,0.718346,0.960451,0,0,0,2.25234,0,0,0,0,0.000493837,0,0,0.0259366,0,0,0.0264304,0,0,0,0,0,0,0,0,0,0,0,21.5572,311.638,0,6.92048e-005,0.004509,
5,7,5,0,0,0.221825,0,0,0,0.519197,0.732318,1.08051,0,0,0,2.55385,0,0,0,0,0.000587672,0,0,0.0291787,0,0,0.0297664,0,0,0,0,0,0,0,0,0,0,0,21.6171,311.638,0,7.13208e-005,0.004509,
5,7,6,0,0,0.221825,0,0,0,0.703426,0.753275,1.26059,0,0,0,2.93912,0,0,0,0,0.0163232,0,0,0.0340418,0,0,0.050365,0,0,0,0,0,0,0,0,0,0,0,21.6416,311.638,0,7.14975e-005,0.004509,
5,7,7,0,0,0.221825,0,0,0,0.686679,0.760261,1.32062,0,0,0,2.98939,0,0,0,0,0.141948,0,0,0.0356628,0,0,0.177611,0,0,0,0,0,0,0,0,0,0,0,19.4575,311.638,0,1.19839e-005,0.004509,
5,7,8,0,0,0.221825,0,0,0,0.56944,0.735811,1.11052,0,0,0,2.6376,0,0,0,0,0.150478,0,0,0.0299892,0,0,0.180467,0,0,0,0,0,0,0,0,0,0,0,17.08,311.638,0,0,0.004509,
5,7,9,0,0,0.221825,0,0,0,0.4857,0.718346,0.960451,0,0,0,2.38632,0,0,0,0,0.449613,0,0,0.0259366,0,0,0.47555,0,0,0,0,0,0,0,0,0,0,0,16.7072,311.638,0,0,0.004509,
5,7,10,0,0,0.221825,0,0,0,0.452204,0.721839,0.990466,0,0,0,2.38633,0,0,0,0,0.263048,0,0,0.0267471,0,0,0.289795,0,0,0,0,0,0,0,0,0,0,0,16.5643,311.638,0,0,0.004509,
5,7,11,0,0,0.221825,0,0,0,0.418708,0.721839,0.990466,0,0,0,2.35284,0,0,0,0,0.0285305,0,0,0.0267471,0,0,0.0552776,0,0,0,0,0,0,0,0,0,0,0,16.7568,311.638,0,0,0.004509,
5,7,12,0,0,0.221825,0,0,0,0.351715,0.718346,0.960451,0,0,0,2.25234,0,0,0,0,0.137848,0,0,0.0259366,0,0,0.163785,0,0,0,0,0,0,0,0,0,0,0,16.6389,311.638,0,0,0.004509,
5,7,13,0,0,0.221825,0,0,0,0.351715,0.721839,0.990466,0,0,0,2.28584,0,0,0,0,0.0568044,0,0,0.0267471,0,0,0.0835515,0,0,0,0,0,0,0,0,0,0,0,16.8396,311.638,0,0,0.004509,
5,7,14,0,0,0.221825,0,0,0,0.351715,0.728825,1.0505,0,0,0,2.35286,0,0,0,0,0.322766,0,0,0.0283681,0,0,0.351134,0,0,0,0,0,0,0,0,0,0,0,16.628,311.638,0,0,0.004509,
5,7,15,0,0,0.221825,0,0,0,0.435454,0.735811,1.11052,0,0,0,2.50361,0,0,0,0,0.0473688,0,0,0.0299892,0,0,0.077358,0,0,0,0,0,0,0,0,0,0,0,16.8798,311.638,0,0,0.004509,
5,7,16,0,0,0.221825,0,0,0,0.519197,0.760261,1.32062,0,0,0,2.8219,0,0,0,0,0.174182,0,0,0.0356628,0,0,0.209845,0,0,0,0,0,0,0,0,0,0,0,16.8056,311.638,0,0,0.004509,
5,7,17,0,0,0.221825,0,0,0,0.736923,0.791698,1.59075,0,0,0,3.3412,0,0,0,0,0.264514,0,0,0.0429574,0,0,0.307471,0,0,0,0,0,0,0,0,0,0,0,17.4326,311.638,0,4.17099e-008,0.004509,
5,7,18,0,0,0.221825,0,0,0,1.40685,0.809163,1.74082,0,0,0,4.17866,0,0,0,0,0.263134,0,0,0.04701,0,0,0.310144,0,0,0,0,0,0,0,0,0,0,0,20.9809,311.638,0,5.93887e-005,0.004509,
5,7,19,0,0,0.221825,0,0,0,1.9763,0.816149,1.80085,0,0,0,4.81512,0,0,0,0,0.264602,0,0,0.0486311,0,0,0.313233,0,0,0,0,0,0,0,0,0,0,0,22.4015,311.638,0,8.76858e-005,0.004509,
5,7,20,0,0,0.221825,0,0,0,1.89255,0.823135,1.86088,0.382647,0,0,5.18104,0,0,0,0,0.138053,0,0,0.0502522,0,0,0.188305,0,0,0,0,0,0,0,0,0,0,0,22.3863,311.638,0,8.73887e-005,0.004509,
5,7,21,0,0,0.221825,0,0,0,1.60783,0.816149,1.80085,0.382647,0,0,4.8293,0,0,0,0,0.215439,0,0,0.0486311,0,0,0.26407,0,0,0,0,0,0,0,0,0,0,0,22.387,311.638,0,8.72407e-005,0.004509,
5,7,22,0,0,0.221825,0,0,0,1.05514,0.788205,1.56074,0.382647,0,0,4.00855,0,0,0,0,0.292637,0,0,0.042147,0,0,0.334784,0,0,0,0,0,0,0,0,0,0,0,22.3332,311.638,0,8.62539e-005,0.004509,
5,7,23,0,0,0.221825,0,0,0,0.636433,0.763754,1.35064,0.382647,0,0,3.3553,0,0,0,0,0.114922,0,0,0.0364733,0,0,0.151395,0,0,0,0,0,0,0,0,0,0,0,22.1483,311.638,0,8.2402e-005,0.004509,
5,7,24,0,0,0.221825,0,0,0,0.385211,0.735811,1.11052,0,0,0,2.45337,0,0,0,0,0.0016799,0,0,0.0299892,0,0,0.0316691,0,0,0,0,0,0,0,0,0,0,0,22.0667,311.638,0,7.93253e-005,0.004509,
5,8,1,0,0,0.221825,0,0,0,0.318218,0.728825,1.0505,0,0,0,2.31936,0,0,0,0,0.00059008,0,0,0.0283681,0,0,0.0289582,0,0,0,0,0,0,0,0,0,0,0,24.1758,311.638,0,0.000129047,0.004509,
5,8,2,0,0,0.221825,0,0,0,0.251224,0.725332,1.02048,0,0,0,2.21886,0,0,0,0,0.000882295,0,0,0.0275576,0,0,0.0284399,0,0,0,0,0,0,0,0,0,0,0,24.1492,311.638,0,0.000128426,0.004509,
5,8,3,0,0,0.221825,0,0,0,0.28472,0.725332,1.02048,0,0,0,2.25236,0,0,0,0,0,0,0,0.0275576,0,0,0.0275576,0,0,0,0,0,0,0,0,0,0,0,24.175,311.638,0,0.000129138,0.004509,
5,8,4,0,0,0.221825,0,0,0,0.351715,0.718346,0.960451,0,0,0,2.25234,0,0,0,0,0,0,0,0.0259366,0,0,0.0259366,0,0,0,0,0,0,0,0,0,0,0,24.198,311.638,0,0.000129238,0.004509,
5,8,5,0,0,0.221825,0,0,0,0.519197,0.732318,1.08051,0,0,0,2.55385,0,0,0,0,0,0,0,0.0291787,0,0,0.0291787,0,0,0,0,0,0,0,0,0,0,0,24.2005,311.638,0,0.000129309,0.004509,
5,8,6,0,0,0.221825,0,0,0,0.703426,0.753275,1.26059,0,0,0,2.93912,0,0,0,0,0.0352627,0,0,0.0340418,0,0,0.0693045,0,0,0,0,0,0,0,0,0,0,0,24.1995,311.638,0,0.000129356,0.004509,
5,8,7,0,0,0.221825,0,0,0,0.686679,0.760261,1.32062,0,0,0,2.98939,0,0,0,0,0.502961,0,0,0.0356628,0,0,0.538624,0,0,0,0,0,0,0,0,0,0,0,23.0656,311.638,0,9.3879e-005,0.004509,
5,8,8,0,0,0.221825,0,0,0,0.56944,0.735811,1.11052,0,0,0,2.6376,0,0,0,0,0.459433,0,0,0.0299892,0,0,0.489422,0,0,0,0,0,0,0,0,0,0,0,18.0652,311.638,0,6.88283e-006,0.004509,
5,8,9,0,0,0.221825,0,0,0,0.4857,0.718346,0.960451,0,0,0,2.38632,0,0,0,0,0.0490647,0,0,0.0259366,0,0,0.0750013,0,0,0,0,0,0,0,0,0,0,0,17.1176,311.638,0,8.15636e-008,0.004509,
5,8,10,0,0,0.221825,0,0,0,0.452204,0.721839,0.990466,0,0,0,2.38633,0,0,0,0,0.333587,0,0,0.0267471,0,0,0.360334,0,0,0,0,0,0,0,0,0,0,0,16.8917,311.638,0,0,0.004509,
5,8,11,0,0,0.221825,0,0,0,0.418708,0.721839,0.990466,0,0,0,2.35284,0,0,0,0,0.0112703,0,0,0.0267471,0,0,0.0380174,0,0,0,0,0,0,0,0,0,0,0,16.9484,311.638,0,0,0.004509,
5,8,12,0,0,0.221825,0,0,0,0.351715,0.718346,0.960451,0,0,0,2.25234,0,0,0,0,0.0302869,0,0,0.0259366,0,0,0.0562235,0,0,0,0,0,0,0,0,0,0,0,17.1056,311.638,0,0,0.004509,
5,8,13,0,0,0.221825,0,0,0,0.351715,0.721839,0.990466,0,0,0,2.28584,0,0,0,0,0.0688434,0,0,0.0267471,0,0,0.0955905,0,0,0,0,0,0,0,0,0,0,0,17.0026,311.638,0,0,0.004509,
5,8,14,0,0,0.221825,0,0,0,0.351715,0.728825,1.0505,0,0,0,2.35286,0,0,0,0,0.101115,0,0,0.0283681,0,0,0.129483,0,0,0,0,0,0,0,0,0,0,0,17.2418,311.638,0,0,0.004509,
5,8,15,0,0,0.221825,0,0,0,0.435454,0.735811,1.11052,0,0,0,2.50361,0,0,0,0,0.175135,0,0,0.0299892,0,0,0.205124,0,0,0,0,0,0,0,0,0,0,0,17.2895,311.638,0,0,0.004509,
5,8,16,0,0,0.221825,0,0,0,0.519197,0.760261,1.32062,0,0,0,2.8219,0,0,0,0,0.0572717,0,0,0.0356628,0,0,0.0929345,0,0,0,0,0,0,0,0,0,0,0,17.3531,311.638,0,0,0.004509,
5,8,17,0,0,0.221825,0,0,0,0.736923,0.791698,1.59075,0,0,0,3.3412,0,0,0,0,0.00857274,0,0,0.0429574,0,0,0.0515301,0,0,0,0,0,0,0,0,0,0,0,18.7674,311.638,0,2.28395e-005,0.004509,
5,8,18,0,0,0.221825,0,0,0,1.40685,0.809163,1.74082,0,0,0,4.17866,0,0,0,0,0.0708217,0,0,0.04701,0,0,0.117832,0,0,0,0,0,0,0,0,0,0,0,24.1536,311.638,0,0.000128731,0.004509,
5,8,19,0,0,0.221825,0,0,0,1.9763,0.816149,1.80085,0,0,0,4.81512,0,0,0,0,0.0398571,0,0,0.0486311,0,0,0.0884882,0,0,0,0,0,0,0,0,0,0,0,24.3635,311.638,0,0.000133337,0.004509,
5,8,20,0,0,0.221825,0,0,0,1.89255,0.823135,1.86088,0.382647,0,0,5.18104,0,0,0,0,0.166835,0,0,0.0502522,0,0,0.217087,0,0,0,0,0,0,0,0,0,0,0,24.341,311.638,0,0.000132609,0.004509,
5,8,21,0,0,0.221825,0,0,0,1.60783,0.816149,1.80085,0.382647,0,0,4.8293,0,0,0,0,0.158259,0,0,0.0486311,0,0,0.20689,0,0,0,0,0,0,0,0,0,0,0,24.3396,311.638,0,0.000132708,0.004509,
5,8,22,0,0,0.221825,0,0,0,1.05514,0.788205,1.56074,0.382647,0,0,4.00855,0,0,0,0,0.0160139,0,0,0.042147,0,0,0.0581609,0,0,0,0,0,0,0,0,0,0,0,24.2225,311.638,0,0.000129781,0.004509,
5,8,23,0,0,0.221825,0,0,0,0.636433,0.763754,1.35064,0.382647,0,0,3.3553,0,0,0,0,0.0798588,0,0,0.0364733,0,0,0.116332,0,0,0,0,0,0,0,0,0,0,0,24.2133,311.638,0,0.000129051,0.004509,
5,8,24,0,0,0.221825,0,0,0,0.385211,0.735811,1.11052,0,0,0,2.45337,0,0,0,0,0.00313255,0,0,0.0299892,0,0,0.0331217,0,0,0,0,0,0,0,0,0,0,0,24.1949,311.638,0,0.000128913,0.004509,
5,9,1,0,0,0.221825,0,0,0,0.318218,0.728825,1.0505,0,0,0,2.31936,0,0,0,0,0,0,0,0.0283681,0,0,0.0283681,0,0,0,0,0,0,0,0,0,0,0,23.3622,311.638,0,0.000114817,0.004509,
5,9,2,0,0,0.221825,0,0,0,0.251224,0.725332,1.02048,0,0,0,2.21886,0,0,0,0,0,0,0,0.0275576,0,0,0.0275576,0,0,0,0,0,0,0,0,0,0,0,23.3344,311.638,0,0.000114768,0.004509,
5,9,3,0,0,0.221825,0,0,0,0.28472,0.725332,1.02048,0,0,0,2.25236,0,0,0,0,0,0,0,0.0275576,0,0,0.0275576,0,0,0,0,0,0,0,0,0,0,0,23.3361,311.638,0,0.000114687,0.004509,
5,9,4,0,0,0.221825,0,0,0,0.351715,0.718346,0.960451,0,0,0,2.25234,0,0,0,0,0,0,0,0.0259366,0,0,0.0259366,0,0,0,0,0,0,0,0,0,0,0,23.3534,311.638,0,0.000114775,0.004509,
5,9,5,0,0,0.221825,0,0,0,0.519197,0.732318,1.08051,0,0,0,2.55385,0,0,0,0,0,0,0,0.0291787,0,0,0.0291787,0,0,0,0,0,0,0,0,0,0,0,23.3781,311.638,0,0.000115235,0.004509,
5,9,6,0,0,0.221825,0,0,0,0.703426,0.753275,1.26059,0,0,0,2.93912,0,0,0,0,0.499127,0,0,0.0340418,0,0,0.533169,0,0,0,0,0,0,0,0,0,0,0,23.3911,311.638,0,0.000115305,0.004509,
5,9,7,0,0,0.221825,0,0,0,0.686679,0.760261,1.32062,0,0,0,2.98939,0,0,0,0,0.303899,0,0,0.0356628,0,0,0.339562,0,0,0,0,0,0,0,0,0,0,0,22.1278,311.638,0,8.25104e-005,0.004509,
5,9,8,0,0,0.221825,0,0,0,0.56944,0.735811,1.11052,0,0,0,2.6376,0,0,0,0,0.293335,0,0,0.0299892,0,0,0.323324,0,0,0,0,0,0,0,0,0,0,0,18.0321,311.638,0,9.71471e-006,0.004509,
5,9,9,0,0,0.221825,0,0,0,0.4857,0.718346,0.960451,0,0,0,2.38632,0,0,0,0,0.208443,0,0,0.0259366,0,0,0.23438,0,0,0,0,0,0,0,0,0,0,0,17.5192,311.638,0,1.13567e-008,0.004509,
5,9,10,0,0,0.221825,0,0,0,0.452204,0.721839,0.990466,0,0,0,2.38633,0,0,0,0,0.44204,0,0,0.0267471,0,0,0.468787,0,0,0,0,0,0,0,0,0,0,0,17.1444,311.638,0,2.1854e-007,0.004509,
5,9,11,0,0,0.221825,0,0,0,0.418708,0.721839,0.990466,0,0,0,2.35284,0,0,0,0,0.350868,0,0,0.0267471,0,0,0.377615,0,0,0,0,0,0,0,0,0,0,0,17.3039,311.638,0,0,0.004509,
5,9,12,0,0,0.221825,0,0,0,0.351715,0.718346,0.960451,0,0,0,2.25234,0,0,0,0,0.0308411,0,0,0.0259366,0,0,0.0567777,0,0,0,0,0,0,0,0,0,0,0,17.2857,311.638,0,0,0.004509,
5,9,13,0,0,0.221825,0,0,0,0.351715,0.721839,0.990466,0,0,0,2.28584,0,0,0,0,0.152789,0,0,0.0267471,0,0,0.179536,0,0,0,0,0,0,0,0,0,0,0,17.4009,311.638,0,0,0.004509,
5,9,14,0,0,0.221825,0,0,0,0.351715,0.728825,1.0505,0,0,0,2.35286,0,0,0,0,0.0118463,0,0,0.0283681,0,0,0.0402144,0,0,0,0,0,0,0,0,0,0,0,17.5242,311.638,0,0,0.004509,
5,9,15,0,0,0.221825,0,0,0,0.435454,0.735811,1.11052,0,0,0,2.50361,0,0,0,0,0.0103868,0,0,0.0299892,0,0,0.040376,0,0,0,0,0,0,0,0,0,0,0,17.3552,311.638,0,0,0.004509,
5,9,16,0,0,0.221825,0,0,0,0.519197,0.760261,1.32062,0,0,0,2.8219,0,0,0,0,0.037675,0,0,0.0356628,0,0,0.0733378,0,0,0,0,0,0,0,0,0,0,0,18.0076,311.638,0,1.17059e-005,0.004509,
5,9,17,0,0,0.221825,0,0,0,0.736923,0.791698,1.59075,0,0,0,3.3412,0,0,0,0,0.372655,0,0,0.0429574,0,0,0.415612,0,0,0,0,0,0,0,0,0,0,0,19.6212,311.638,0,4.0178e-005,0.004509,
5,9,18,0,0,0.221825,0,0,0,1.40685,0.809163,1.74082,0,0,0,4.17866,0,0,0,0,0.293282,0,0,0.04701,0,0,0.340292,0,0,0,0,0,0,0,0,0,0,0,21.7739,311.638,0,7.31424e-005,0.004509,
5,9,19,0,0,0.221825,0,0,0,1.9763,0.816149,1.80085,0,0,0,4.81512,0,0,0,0,0.327408,0,0,0.0486311,0,0,0.376039,0,0,0,0,0,0,0,0,0,0,0,23.8484,311.638,0,0.000125124,0.004509,
5,9,20,0,0,0.221825,0,0,0,1.89255,0.823135,1.86088,0.382647,0,0,5.18104,0,0,0,0,0.00465542,0,0,0.0502522,0,0,0.0549076,0,0,0,0,0,0,0,0,0,0,0,23.8119,311.638,0,0.000124835,0.004509,
5,9,21,0,0,0.221825,0,0,0,1.60783,0.816149,1.80085,0.382647,0,0,4.8293,0,0,0,0,0.378994,0,0,0.0486311,0,0,0.427625,0,0,0,0,0,0,0,0,0,0,0,23.8113,311.638,0,0.000124798,0.004509,
5,9,22,0,0,0.221825,0,0,0,1.05514,0.788205,1.56074,0.382647,0,0,4.00855,0,0,0,0,0.264018,0,0,0.042147,0,0,0.306165,0,0,0,0,0,0,0,0,0,0,0,23.6431,311.638,0,0.000118303,0.004509,
5,9,23,0,0,0.221825,0,0,0,0.636433,0.763754,1.35064,0.382647,0,0,3.3553,0,0,0,0,0.00096241,0,0,0.0364733,0,0,0.0374357,0,0,0,0,0,0,0,0,0,0,0,23.4829,311.638,0,0.000116115,0.004509,
5,9,24,0,0,0.221825,0,0,0,0.385211,0.735811,1.11052,0,0,0,2.45337,0,0,0,0,0.00107117,0,0,0.0299892,0,0,0.0310604,0,0,0,0,0,0,0,0,0,0,0,23.4349,311.638,0,0.000115543,0.004509,
5,10,1,0,0,0.221825,0,0,0,0.318218,0.728825,1.0505,0,0,0,2.31936,0,0,0,0,0,0,0,0.0283681,0,0,0.0283681,0,0,0,0,0,0,0,0,0,0,0,22.1013,311.638,0,7.0859e-005,0.004509,
5,10,2,0,0,0.221825,0,0,0,0.251224,0.725332,1.02048,0,0,0,2.21886,0,0,0,0,0.00162067,0,0,0.0275576,0,0,0.0291783,0,0,0,0,0,0,0,0,0,0,0,22.1025,311.638,0,7.09129e-005,0.004509,
5,10,3,0,0,0.221825,0,0,0,0.28472,0.725332,1.02048,0,0,0,2.25236,0,0,0,0,0,0,0,0.0275576,0,0,0.0275576,0,0,0,0,0,0,0,0,0,0,0,22.1061,311.638,0,7.09568e-005,0.004509,
5,10,4,0,0,0.221825,0,0,0,0.351715,0.718346,0.960451,0,0,0,2.25234,0,0,0,0,0,0,0,0.0259366,0,0,0.0259366,0,0,0,0,0,0,0,0,0,0,0,22.1093,311.638,0,7.08857e-005,0.004509,
5,10,5,0,0,0.221825,0,0,0,0.519197,0.732318,1.08051,0,0,0,2.55385,0,0,0,0,0.00448691,0,0,0.0291787,0,0,0.0336656,0,0,0,0,0,0,0,0,0,0,0,22.111,311.638,0,7.11833e-005,0.004509,
5,10,6,0,0,0.221825,0,0,0,0.703426,0.753275,1.26059,0,0,0,2.93912,0,0,0,0,0.215619,0,0,0.0340418,0,0,0.249661,0,0,0,0,0,0,0,0,0,0,0,22.1141,311.638,0,7.11829e-005,0.004509,
5,10,7,0,0,0.221825,0,0,0,0.686679,0.760261,1.32062,0,0,0,2.98939,0,0,0,0,0.338482,0,0,0.0356628,0,0,0.374145,0,0,0,0,0,0,0,0,0,0,0,21.1552,311.638,0,4.89486e-005,0.004509,
5,10,8,0,0,0.221825,0,0,0,0.56944,0.735811,1.11052,0,0,0,2.6376,0,0,0,0,0.216825,0,0,0.0299892,0,0,0.246814,0,0,0,0,0,0,0,0,0,0,0,17.1142,311.638,0,5.10168e-006,0.004509,
5,10,9,0,0,0.221825,0,0,0,0.4857,0.718346,0.960451,0,0,0,2.38632,0,0,0,0,0.465864,0,0,0.0259366,0,0,0.491801,0,0,0,0,0,0,0,0,0,0,0,16.6355,311.638,0,0,0.004509,
5,10,10,0,0,0.221825,0,0,0,0.452204,0.721839,0.990466,0,0,0,2.38633,0,0,0,0,0.571826,0,0,0.0267471,0,0,0.598573,0,0,0,0,0,0,0,0,0,0,0,16.552,311.638,0,0,0.004509,
5,10,11,0,0,0.221825,0,0,0,0.418708,0.721839,0.990466,0,0,0,2.35284,0,0,0,0,0.386155,0,0,0.0267471,0,0,0.412902,0,0,0,0,0,0,0,0,0,0,0,16.683,311.638,0,0,0.004509,
5,10,12,0,0,0.221825,0,0,0,0.351715,0.718346,0.960451,0,0,0,2.25234,0,0,0,0,0.0812386,0,0,0.0259366,0,0,0.107175,0,0,0,0,0,0,0,0,0,0,0,16.5892,311.638,0,0,0.004509,
5,10,13,0,0,0.221825,0,0,0,0.351715,0.721839,0.990466,0,0,0,2.28584,0,0,0,0,0.0897691,0,0,0.0267471,0,0,0.116516,0,0,0,0,0,0,0,0,0,0,0,16.8047,311.638,0,0,0.004509,
5,10,14,0,0,0.221825,0,0,0,0.351715,0.728825,1.0505,0,0,0,2.35286,0,0,0,0,0.0193958,0,0,0.0283681,0,0,0.0477639,0,0,0,0,0,0,0,0,0,0,0,16.7794,311.638,0,0,0.004509,
5,10,15,0,0,0.221825,0,0,0,0.435454,0.735811,1.11052,0,0,0,2.50361,0,0,0,0,0.0409765,0,0,0.0299892,0,0,0.0709657,0,0,0,0,0,0,0,0,0,0,0,16.7953,311.638,0,0,0.004509,
5,10,16,0,0,0.221825,0,0,0,0.519197,0.760261,1.32062,0,0,0,2.8219,0,0,0,0,0.087217,0,0,0.0356628,0,0,0.12288,0,0,0,0,0,0,0,0,0,0,0,16.6245,311.638,0,0,0.004509,
5,10,17,0,0,0.221825,0,0,0,0.736923,0.791698,1.59075,0,0,0,3.3412,0,0,0,0,0.205065,0,0,0.0429574,0,0,0.248022,0,0,0,0,0,0,0,0,0,0,0,17.2023,311.638,0,7.55438e-006,0.004509,
5,10,18,0,0,0.221825,0,0,0,1.40685,0.809163,1.74082,0,0,0,4.17866,0,0,0,0,0.110617,0,0,0.04701,0,0,0.157627,0,0,0,0,0,0,0,0,0,0,0,19.8928,311.638,0,3.77833e-005,0.004509,
5,10,19,0,0,0.221825,0,0,0,1.9763,0.816149,1.80085,0,0,0,4.81512,0,0,0,0,0.121348,0,0,0.0486311,0,0,0.169979,0,0,0,0,0,0,0,0,0,0,0,22.3349,311.638,0,7.48321e-005,0.004509,
5,10,20,0,0,0.221825,0,0,0,1.89255,0.823135,1.86088,0.382647,0,0,5.18104,0,0,0,0,0.105555,0,0,0.0502522,0,0,0.155807,0,0,0,0,0,0,0,0,0,0,0,22.2936,311.638,0,7.42506e-005,0.004509,
5,10,21,0,0,0.221825,0,0,0,1.60783,0.816149,1.80085,0.382647,0,0,4.8293,0,0,0,0,0.0217708,0,0,0.0486311,0,0,0.0704019,0,0,0,0,0,0,0,0,0,0,0,22.2764,311.638,0,7.36198e-005,0.004509,
5,10,22,0,0,0.221825,0,0,0,1.05514,0.788205,1.56074,0.382647,0,0,4.00855,0,0,0,0,0.0118243,0,0,0.042147,0,0,0.0539713,0,0,0,0,0,0,0,0,0,0,0,22.1817,311.638,0,7.23457e-005,0.004509,
5,10,23,0,0,0.221825,0,0,0,0.636433,0.763754,1.35064,0.382647,0,0,3.3553,0,0,0,0,0,0,0,0.0364733,0,0,0.0364733,0,0,0,0,0,0,0,0,0,0,0,22.1254,311.638,0,7.15238e-005,0.004509,
5,10,24,0,0,0.221825,0,0,0,0.385211,0.735811,1.11052,0,0,0,2.45337,0,0,0,0,0.00529027,0,0,0.0299892,0,0,0.0352795,0,0,0,0,0,0,0,0,0,0,0,22.0886,311.638,0,7.07665e-005,0.004509,
5,11,1,0,0,0.221825,0,0,0,0.318218,0.728825,1.0505,0,0,0,2.31936,0,0,0,0,0,0,0,0.0283681,0,0,0.0283681,0,0,0,0,0,0,0,0,0,0,0,21.6414,311.638,0,6.5876e-005,0.004509,
5,11,2,0,0,0.221825,0,0,0,0.251224,0.725332,1.02048,0,0,0,2.21886,0,0,0,0,0,0,0,0.0275576,0,0,0.0275576,0,0,0,0,0,0,0,0,0,0,0,21.6423,311.638,0,6.58137e-005,0.004509,
5,11,3,0,0,0.221825,0,0,0,0.28472,0.725332,1.02048,0,0,0,2.25236,0,0,0,0,0,0,0,0.0275576,0,0,0.0275576,0,0,0,0,0,0,0,0,0,0,0,21.6442,311.638,0,6.586e-005,0.004509,
5,11,4,0,0,0.221825,0,0,0,0.351715,0.718346,0.960451,0,0,0,2.25234,0,0,0,0,0,0,0,0.0259366,0,0,0.0259366,0,0,0,0,0,0,0,0,0,0,0,21.6451,311.638,0,6.59085e-005,0.004509,
5,11,5,0,0,0.221825,0,0,0,0.519197,0.732318,1.08051,0,0,0,2.55385,0,0,0,0,0.023893,0,0,0.0291787,0,0,0.0530717,0,0,0,0,0,0,0,0,0,0,0,21.6823,311.638,0,6.61872e-005,0.004509,
5,11,6,0,0,0.221825,0,0,0,0.703426,0.753275,1.26059,0,0,0,2.93912,0,0,0,0,0.124514,0,0,0.0340418,0,0,0.158556,0,0,0,0,0,0,0,0,0,0,0,21.6597,311.638,0,6.60975e-005,0.004509,
5,11,7,0,0,0.221825,0,0,0,0.686679,0.760261,1.32062,0,0,0,2.98939,0,0,0,0,0.38061,0,0,0.0356628,0,0,0.416273,0,0,0,0,0,0,0,0,0,0,0,20.2245,311.638,0,3.72179e-005,0.004509,
5,11,8,0,0,0.221825,0,0,0,0.56944,0.735811,1.11052,0,0,0,2.6376,0,0,0,0,0.734875,0,0,0.0299892,0,0,0.764864,0,0,0,0,0,0,0,0,0,0,0,16.9594,311.638,0,1.77071e-006,0.004509,
5,11,9,0,0,0.221825,0,0,0,0.4857,0.718346,0.960451,0,0,0,2.38632,0,0,0,0,0.237912,0,0,0.0259366,0,0,0.263849,0,0,0,0,0,0,0,0,0,0,0,16.5135,311.638,0,0,0.004509,
5,11,10,0,0,0.221825,0,0,0,0.452204,0.721839,0.990466,0,0,0,2.38633,0,0,0,0,0.0845087,0,0,0.0267471,0,0,0.111256,0,0,0,0,0,0,0,0,0,0,0,16.2344,311.638,0,0,0.004509,
5,11,11,0,0,0.221825,0,0,0,0.418708,0.721839,0.990466,0,0,0,2.35284,0,0,0,0,0.228249,0,0,0.0267471,0,0,0.254996,0,0,0,0,0,0,0,0,0,0,0,16.2862,311.638,0,0,0.004509,
5,11,12,0,0,0.221825,0,0,0,0.351715,0.718346,0.960451,0,0,0,2.25234,0,0,0,0,0.128651,0,0,0.0259366,0,0,0.154588,0,0,0,0,0,0,0,0,0,0,0,16.1474,311.638,0,0,0.004509,
5,11,13,0,0,0.221825,0,0,0,0.351715,0.721839,0.990466,0,0,0,2.28584,0,0,0,0,0.0541975,0,0,0.0267471,0,0,0.0809446,0,0,0,0,0,0,0,0,0,0,0,16.3228,311.638,0,0,0.004509,
5,11,14,0,0,0.221825,0,0,0,0.351715,0.728825,1.0505,0,0,0,2.35286,0,0,0,0,0.00804413,0,0,0.0283681,0,0,0.0364122,0,0,0,0,0,0,0,0,0,0,0,16.1535,311.638,0,0,0.004509,
5,11,15,0,0,0.221825,0,0,0,0.435454,0.735811,1.11052,0,0,0,2.50361,0,0,0,0,0.121251,0,0,0.0299892,0,0,0.15124,0,0,0,0,0,0,0,0,0,0,0,16.2581,311.638,0,0,0.004509,
5,11,16,0,0,0.221825,0,0,0,0.519197,0.760261,1.32062,0,0,0,2.8219,0,0,0,0,0.212277,0,0,0.0356628,0,0,0.24794,0,0,0,0,0,0,0,0,0,0,0,16.2048,311.638,0,0,0.004509,
5,11,17,0,0,0.221825,0,0,0,0.736923,0.791698,1.59075,0,0,0,3.3412,0,0,0,0,0.353038,0,0,0.0429574,0,0,0.395995,0,0,0,0,0,0,0,0,0,0,0,16.7867,311.638,0,7.18411e-008,0.004509,
5,11,18,0,0,0.221825,0,0,0,1.40685,0.809163,1.74082,0,0,0,4.17866,0,0,0,0,0.29161,0,0,0.04701,0,0,0.33862,0,0,0,0,0,0,0,0,0,0,0,20.369,311.638,0,4.14714e-005,0.004509,
5,11,19,0,0,0.221825,0,0,0,1.9763,0.816149,1.80085,0,0,0,4.81512,0,0,0,0,0.0192089,0,0,0.0486311,0,0,0.06784,0,0,0,0,0,0,0,0,0,0,0,22.1609,311.638,0,7.35601e-005,0.004509,
5,11,20,0,0,0.221825,0,0,0,1.89255,0.823135,1.86088,0.382647,0,0,5.18104,0,0,0,0,0.261885,0,0,0.0502522,0,0,0.312137,0,0,0,0,0,0,0,0,0,0,0,22.076,311.638,0,7.18429e-005,0.004509,
5,11,21,0,0,0.221825,0,0,0,1.60783,0.816149,1.80085,0.382647,0,0,4.8293,0,0,0,0,0.238587,0,0,0.0486311,0,0,0.287218,0,0,0,0,0,0,0,0,0,0,0,21.9788,311.638,0,7.0325e-005,0.004509,
5,11,22,0,0,0.221825,0,0,0,1.05514,0.788205,1.56074,0.382647,0,0,4.00855,0,0,0,0,0.0534015,0,0,0.042147,0,0,0.0955485,0,0,0,0,0,0,0,0,0,0,0,21.7716,311.638,0,6.76305e-005,0.004509,
5,11,23,0,0,0.221825,0,0,0,0.636433,0.763754,1.35064,0.382647,0,0,3.3553,0,0,0,0,0.107607,0,0,0.0364733,0,0,0.14408,0,0,0,0,0,0,0,0,0,0,0,21.713,311.638,0,6.66067e-005,0.004509,
5,11,24,0,0,0.221825,0,0,0,0.385211,0.735811,1.11052,0,0,0,2.45337,0,0,0,0,0.0629613,0,0,0.0299892,0,0,0.0929505,0,0,0,0,0,0,0,0,0,0,0,21.7056,311.638,0,6.64488e-005,0.004509,
5,12,1,0,0,0.221825,0,0,0,0.318218,0.728825,1.0505,0,0,0,2.31936,0,0,0,0,0.0338827,0,0,0.0283681,0,0,0.0622508,0,0,0,0,0,0,0,0,0,0,0,21.2111,311.638,0,6.06417e-005,0.004509,
5,12,2,0,0,0.221825,0,0,0,0.251224,0.725332,1.02048,0,0,0,2.21886,0,0,0,0,0.0174147,0,0,0.0275576,0,0,0.0449723,0,0,0,0,0,0,0,0,0,0,0,21.211,311.638,0,6.06757e-005,0.004509,
5,12,3,0,0,0.221825,0,0,0,0.28472,0.725332,1.02048,0,0,0,2.25236,0,0,0,0,0.00120818,0,0,0.0275576,0,0,0.0287658,0,0,0,0,0,0,0,0,0,0,0,21.2098,311.638,0,6.06498e-005,0.004509,
5,12,4,0,0,0.221825,0,0,0,0.351715,0.718346,0.960451,0,0,0,2.25234,0,0,0,0,0.00103591,0,0,0.0259366,0,0,0.0269725,0,0,0,0,0,0,0,0,0,0,0,21.2127,311.638,0,6.07072e-005,0.004509,
5,12,5,0,0,0.221825,0,0,0,0.519197,0.732318,1.08051,0,0,0,2.55385,0,0,0,0,0.00478598,0,0,0.0291787,0,0,0.0339647,0,0,0,0,0,0,0,0,0,0,0,21.2125,311.638,0,6.07665e-005,0.004509,
5,12,6,0,0,0.221825,0,0,0,0.703426,0.753275,1.26059,0,0,0,2.93912,0,0,0,0,0.256156,0,0,0.0340418,0,0,0.290198,0,0,0,0,0,0,0,0,0,0,0,21.2134,311.638,0,6.0743e-005,0.004509,
5,12,7,0,0,0.221825,0,0,0,0.686679,0.760261,1.32062,0,0,0,2.98939,0,0,0,0,0.543428,0,0,0.0356628,0,0,0.579091,0,0,0,0,0,0,0,0,0,0,0,20.7953,311.638,0,4.14597e-005,0.004509,
5,12,8,0,0,0.221825,0,0,0,0.56944,0.735811,1.11052,0,0,0,2.6376,0,0,0,0,0.71458,0,0,0.0299892,0,0,0.744569,0,0,0,0,0,0,0,0,0,0,0,17.2539,311.638,0,1.26929e-006,0.004509,
5,12,9,0,0,0.221825,0,0,0,0.4857,0.718346,0.960451,0,0,0,2.38632,0,0,0,0,0.280526,0,0,0.0259366,0,0,0.306463,0,0,0,0,0,0,0,0,0,0,0,16.5102,311.638,0,2.11228e-006,0.004509,
5,12,10,0,0,0.221825,0,0,0,0.452204,0.721839,0.990466,0,0,0,2.38633,0,0,0,0,0.0770449,0,0,0.0267471,0,0,0.103792,0,0,0,0,0,0,0,0,0,0,0,16.2085,311.638,0,8.17098e-007,0.004509,
5,12,11,0,0,0.221825,0,0,0,0.418708,0.721839,0.990466,0,0,0,2.35284,0,0,0,0,0.145091,0,0,0.0267471,0,0,0.171838,0,0,0,0,0,0,0,0,0,0,0,16.2382,311.638,0,0,0.004509,
5,12,12,0,0,0.221825,0,0,0,0.351715,0.718346,0.960451,0,0,0,2.25234,0,0,0,0,0.112931,0,0,0.0259366,0,0,0.138868,0,0,0,0,0,0,0,0,0,0,0,16.1261,311.638,0,0,0.004509,
5,12,13,0,0,0.221825,0,0,0,0.351715,0.721839,0.990466,0,0,0,2.28584,0,0,0,0,0.0442536,0,0,0.0267471,0,0,0.0710007,0,0,0,0,0,0,0,0,0,0,0,16.3019,311.638,0,0,0.004509,
5,12,14,0,0,0.221825,0,0,0,0.351715,0.728825,1.0505,0,0,0,2.35286,0,0,0,0,0.0806731,0,0,0.0283681,0,0,0.109041,0,0,0,0,0,0,0,0,0,0,0,16.1511,311.638,0,0,0.004509,
5,12,15,0,0,0.221825,0,0,0,0.435454,0.735811,1.11052,0,0,0,2.50361,0,0,0,0,0.218446,0,0,0.0299892,0,0,0.248435,0,0,0,0,0,0,0,0,0,0,0,16.2403,311.638,0,0,0.004509,
5,12,16,0,0,0.221825,0,0,0,0.519197,0.760261,1.32062,0,0,0,2.8219,0,0,0,0,0.269309,0,0,0.0356628,0,0,0.304972,0,0,0,0,0,0,0,0,0,0,0,16.1225,311.638,0,0,0.004509,
5,12,17,0,0,0.221825,0,0,0,0.736923,0.791698,1.59075,0,0,0,3.3412,0,0,0,0,0.107443,0,0,0.0429574,0,0,0.1504,0,0,0,0,0,0,0,0,0,0,0,16.6019,311.638,0,0,0.004509,
5,12,18,0,0,0.221825,0,0,0,1.40685,0.809163,1.74082,0,0,0,4.17866,0,0,0,0,0.103561,0,0,0.04701,0,0,0.150571,0,0,0,0,0,0,0,0,0,0,0,19.3133,311.638,0,2.56577e-005,0.004509,
5,12,19,0,0,0.221825,0,0,0,1.9763,0.816149,1.80085,0,0,0,4.81512,0,0,0,0,0.0402317,0,0,0.0486311,0,0,0.0888628,0,0,0,0,0,0,0,0,0,0,0,21.3963,311.638,0,6.34289e-005,0.004509,
5,12,20,0,0,0.221825,0,0,0,1.89255,0.823135,1.86088,0.382647,0,0,5.18104,0,0,0,0,0.0628245,0,0,0.0502522,0,0,0.113077,0,0,0,0,0,0,0,0,0,0,0,21.3375,311.638,0,6.20477e-005,0.004509,
5,12,21,0,0,0.221825,0,0,0,1.60783,0.816149,1.80085,0.382647,0,0,4.8293,0,0,0,0,0.101014,0,0,0.0486311,0,0,0.149645,0,0,0,0,0,0,0,0,0,0,0,21.2699,311.638,0,6.13282e-005,0.004509,
5,12,22,0,0,0.221825,0,0,0,1.05514,0.788205,1.56074,0.382647,0,0,4.00855,0,0,0,0,0.193188,0,0,0.042147,0,0,0.235335,0,0,0,0,0,0,0,0,0,0,0,21.2087,311.638,0,6.03589e-005,0.004509,
5,12,23,0,0,0.221825,0,0,0,0.636433,0.763754,1.35064,0.382647,0,0,3.3553,0,0,0,0,0.016487,0,0,0.0364733,0,0,0.0529603,0,0,0,0,0,0,0,0,0,0,0,21.1669,311.638,0,5.94886e-005,0.004509,
5,12,24,0,0,0.221825,0,0,0,0.385211,0.735811,1.11052,0,0,0,2.45337,0,0,0,0,0,0,0,0.0299892,0,0,0.0299892,0,0,0,0,0,0,0,0,0,0,0,21.1631,311.638,0,5.94022e-005,0.004509,
5,13,1,0,0,0.221825,0,0,0,0.318218,0.728825,1.0505,0,0,0,2.31936,0,0,0,0,0,0,0,0.0283681,0,0,0.0283681,0,0,0,0,0,0,0,0,0,0,0,20.8396,311.638,0,5.61667e-005,0.004509,
5,13,2,0,0,0.221825,0,0,0,0.251224,0.725332,1.02048,0,0,0,2.21886,0,0,0,0,0.000566066,0,0,0.0275576,0,0,0.0281237,0,0,0,0,0,0,0,0,0,0,0,20.8359,311.638,0,5.62004e-005,0.004509,
5,13,3,0,0,0.221825,0,0,0,0.28472,0.725332,1.02048,0,0,0,2.25236,0,0,0,0,0,0,0,0.0275576,0,0,0.0275576,0,0,0,0,0,0,0,0,0,0,0,20.8362,311.638,0,5.62159e-005,0.004509,
5,13,4,0,0,0.221825,0,0,0,0.351715,0.718346,0.960451,0,0,0,2.25234,0,0,0,0,0.00120189,0,0,0.0259366,0,0,0.0271385,0,0,0,0,0,0,0,0,0,0,0,20.8379,311.638,0,5.62863e-005,0.004509,
5,13,5,0,0,0.221825,0,0,0,0.519197,0.732318,1.08051,0,0,0,2.55385,0,0,0,0,0.0082937,0,0,0.0291787,0,0,0.0374724,0,0,0,0,0,0,0,0,0,0,0,20.8447,311.638,0,5.63978e-005,0.004509,
5,13,6,0,0,0.221825,0,0,0,0.703426,0.753275,1.26059,0,0,0,2.93912,0,0,0,0,0.0620978,0,0,0.0340418,0,0,0.0961396,0,0,0,0,0,0,0,0,0,0,0,20.8327,311.638,0,5.62282e-005,0.004509,
5,13,7,0,0,0.221825,0,0,0,0.686679,0.760261,1.32062,0,0,0,2.98939,0,0,0,0,0.401955,0,0,0.0356628,0,0,0.437618,0,0,0,0,0,0,0,0,0,0,0,17.9445,311.638,0,8.19435e-006,0.004509,
5,13,8,0,0,0.221825,0,0,0,0.56944,0.735811,1.11052,0,0,0,2.6376,0,0,0,0,0.157835,0,0,0.0299892,0,0,0.187824,0,0,0,0,0,0,0,0,0,0,0,17.2702,311.638,0,0,0.004509,
5,13,9,0,0,0.221825,0,0,0,0.4857,0.718346,0.960451,0,0,0,2.38632,0,0,0,0,0.457129,0,0,0.0259366,0,0,0.483066,0,0,0,0,0,0,0,0,0,0,0,16.4788,311.638,0,0,0.004509,
5,13,10,0,0,0.221825,0,0,0,0.452204,0.721839,0.990466,0,0,0,2.38633,0,0,0,0,0.259205,0,0,0.0267471,0,0,0.285952,0,0,0,0,0,0,0,0,0,0,0,15.8345,311.638,0,0,0.004509,
5,13,11,0,0,0.221825,0,0,0,0.418708,0.721839,0.990466,0,0,0,2.35284,0,0,0,0,0.0195688,0,0,0.0267471,0,0,0.0463159,0,0,0,0,0,0,0,0,0,0,0,15.9335,311.638,0,0,0.004509,
5,13,12,0,0,0.221825,0,0,0,0.351715,0.718346,0.960451,0,0,0,2.25234,0,0,0,0,0.123014,0,0,0.0259366,0,0,0.148951,0,0,0,0,0,0,0,0,0,0,0,15.8703,311.638,0,0,0.004509,
5,13,13,0,0,0.221825,0,0,0,0.351715,0.721839,0.990466,0,0,0,2.28584,0,0,0,0,0.0346642,0,0,0.0267471,0,0,0.0614113,0,0,0,0,0,0,0,0,0,0,0,15.9906,311.638,0,0,0.004509,
5,13,14,0,0,0.221825,0,0,0,0.351715,0.728825,1.0505,0,0,0,2.35286,0,0,0,0,0.286354,0,0,0.0283681,0,0,0.314722,0,0,0,0,0,0,0,0,0,0,0,15.8793,311.638,0,0,0.004509,
5,13,15,0,0,0.221825,0,0,0,0.435454,0.735811,1.11052,0,0,0,2.50361,0,0,0,0,0.0444064,0,0,0.0299892,0,0,0.0743956,0,0,0,0,0,0,0,0,0,0,0,15.8424,311.638,0,0,0.004509,
5,13,16,0,0,0.221825,0,0,0,0.519197,0.760261,1.32062,0,0,0,2.8219,0,0,0,0,0.151035,0,0,0.0356628,0,0,0.186698,0,0,0,0,0,0,0,0,0,0,0,16.162,311.638,0,0,0.004509,
5,13,17,0,0,0.221825,0,0,0,0.736923,0.791698,1.59075,0,0,0,3.3412,0,0,0,0,0.218203,0,0,0.0429574,0,0,0.26116,0,0,0,0,0,0,0,0,0,0,0,16.6075,311.638,0,0,0.004509,
5,13,18,0,0,0.221825,0,0,0,1.40685,0.809163,1.74082,0,0,0,4.17866,0,0,0,0,0.0933155,0,0,0.04701,0,0,0.140325,0,0,0,0,0,0,0,0,0,0,0,18.4175,311.638,0,1.89576e-005,0.004509,
5,13,19,0,0,0.221825,0,0,0,1.9763,0.816149,1.80085,0,0,0,4.81512,0,0,0,0,0.20857,0,0,0.0486311,0,0,0.257201,0,0,0,0,0,0,0,0,0,0,0,21.139,311.638,0,6.11166e-005,0.004509,
5,13,20,0,0,0.221825,0,0,0,1.89255,0.823135,1.86088,0.382647,0,0,5.18104,0,0,0,0,0.0540829,0,0,0.0502522,0,0,0.104335,0,0,0,0,0,0,0,0,0,0,0,21.0708,311.638,0,6.01236e-005,0.004509,
5,13,21,0,0,0.221825,0,0,0,1.60783,0.816149,1.80085,0.382647,0,0,4.8293,0,0,0,0,0.154229,0,0,0.0486311,0,0,0.20286,0,0,0,0,0,0,0,0,0,0,0,21.0022,311.638,0,5.88012e-005,0.004509,
5,13,22,0,0,0.221825,0,0,0,1.05514,0.788205,1.56074,0.382647,0,0,4.00855,0,0,0,0,0.088734,0,0,0.042147,0,0,0.130881,0,0,0,0,0,0,0,0,0,0,0,20.9721,311.638,0,5.75529e-005,0.004509,
5,13,23,0,0,0.221825,0,0,0,0.636433,0.763754,1.35064,0.382647,0,0,3.3553,0,0,0,0,0.110277,0,0,0.0364733,0,0,0.14675,0,0,0,0,0,0,0,0,0,0,0,20.9241,311.638,0,5.70652e-005,0.004509,
5,13,24,0,0,0.221825,0,0,0,0.385211,0.735811,1.11052,0,0,0,2.45337,0,0,0,0,0.00227825,0,0,0.0299892,0,0,0.0322675,0,0,0,0,0,0,0,0,0,0,0,20.9056,311.638,0,5.67631e-005,0.004509,
5,14,1,0,0,0.221825,0,0,0,0.318218,0.728825,1.0505,0,0,0,2.31936,0,0,0,0,0.000937405,0,0,0.0283681,0,0,0.0293055,0,0,0,0,0,0,0,0,0,0,0,21.2769,311.638,0,6.4918e-005,0.004509,
5,14,2,0,0,0.221825,0,0,0,0.251224,0.725332,1.02048,0,0,0,2.21886,0,0,0,0,0.0109029,0,0,0.0275576,0,0,0.0384605,0,0,0,0,0,0,0,0,0,0,0,21.2731,311.638,0,6.49454e-005,0.004509,
5,14,3,0,0,0.221825,0,0,0,0.28472,0.725332,1.02048,0,0,0,2.25236,0,0,0,0,0,0,0,0.0275576,0,0,0.0275576,0,0,0,0,0,0,0,0,0,0,0,21.2738,311.638,0,6.49719e-005,0.004509,
5,14,4,0,0,0.221825,0,0,0,0.351715,0.718346,0.960451,0,0,0,2.25234,0,0,0,0,0.00622687,0,0,0.0259366,0,0,0.0321635,0,0,0,0,0,0,0,0,0,0,0,21.2764,311.638,0,6.50479e-005,0.004509,
5,14,5,0,0,0.221825,0,0,0,0.519197,0.732318,1.08051,0,0,0,2.55385,0,0,0,0,0.0745631,0,0,0.0291787,0,0,0.103742,0,0,0,0,0,0,0,0,0,0,0,21.2787,311.638,0,6.50142e-005,0.004509,
5,14,6,0,0,0.221825,0,0,0,0.703426,0.753275,1.26059,0,0,0,2.93912,0,0,0,0,0.0255138,0,0,0.0340418,0,0,0.0595556,0,0,0,0,0,0,0,0,0,0,0,21.2592,311.638,0,6.47823e-005,0.004509,
5,14,7,0,0,0.221825,0,0,0,0.686679,0.760261,1.32062,0,0,0,2.98939,0,0,0,0,0.199051,0,0,0.0356628,0,0,0.234714,0,0,0,0,0,0,0,0,0,0,0,18.9036,311.638,0,2.70522e-005,0.004509,
5,14,8,0,0,0.221825,0,0,0,0.56944,0.735811,1.11052,0,0,0,2.6376,0,0,0,0,0.450895,0,0,0.0299892,0,0,0.480884,0,0,0,0,0,0,0,0,0,0,0,16.7635,311.638,0,5.67873e-007,0.004509,
5,14,9,0,0,0.221825,0,0,0,0.4857,0.718346,0.960451,0,0,0,2.38632,0,0,0,0,0.452506,0,0,0.0259366,0,0,0.478443,0,0,0,0,0,0,0,0,0,0,0,16.3003,311.638,0,0,0.004509,
5,14,10,0,0,0.221825,0,0,0,0.452204,0.721839,0.990466,0,0,0,2.38633,0,0,0,0,0.197739,0,0,0.0267471,0,0,0.224486,0,0,0,0,0,0,0,0,0,0,0,16.2721,311.638,0,0,0.004509,
5,14,11,0,0,0.221825,0,0,0,0.418708,0.721839,0.990466,0,0,0,2.35284,0,0,0,0,0.0179183,0,0,0.0267471,0,0,0.0446654,0,0,0,0,0,0,0,0,0,0,0,16.1031,311.638,0,0,0.004509,
5,14,12,0,0,0.221825,0,0,0,0.351715,0.718346,0.960451,0,0,0,2.25234,0,0,0,0,0.00142796,0,0,0.0259366,0,0,0.0273646,0,0,0,0,0,0,0,0,0,0,0,16.3056,311.638,0,0,0.004509,
5,14,13,0,0,0.221825,0,0,0,0.351715,0.721839,0.990466,0,0,0,2.28584,0,0,0,0,0.0326836,0,0,0.0267471,0,0,0.0594307,0,0,0,0,0,0,0,0,0,0,0,16.1824,311.638,0,0,0.004509,
5,14,14,0,0,0.221825,0,0,0,0.351715,0.728825,1.0505,0,0,0,2.35286,0,0,0,0,0.259306,0,0,0.0283681,0,0,0.287674,0,0,0,0,0,0,0,0,0,0,0,16.2849,311.638,0,0,0.004509,
5,14,15,0,0,0.221825,0,0,0,0.435454,0.735811,1.11052,0,0,0,2.50361,0,0,0,0,0.0756569,0,0,0.0299892,0,0,0.105646,0,0,0,0,0,0,0,0,0,0,0,16.1903,311.638,0,0,0.004509,
5,14,16,0,0,0.221825,0,0,0,0.519197,0.760261,1.32062,0,0,0,2.8219,0,0,0,0,0.109269,0,0,0.0356628,0,0,0.144932,0,0,0,0,0,0,0,0,0,0,0,16.2154,311.638,0,0,0.004509,
5,14,17,0,0,0.221825,0,0,0,0.736923,0.791698,1.59075,0,0,0,3.3412,0,0,0,0,0.102043,0,0,0.0429574,0,0,0.145,0,0,0,0,0,0,0,0,0,0,0,16.9046,311.638,0,0,0.004509,
5,14,18,0,0,0.221825,0,0,0,1.40685,0.809163,1.74082,0,0,0,4.17866,0,0,0,0,0.274228,0,0,0.04701,0,0,0.321238,0,0,0,0,0,0,0,0,0,0,0,19.585,311.638,0,3.25349e-005,0.004509,
5,14,19,0,0,0.221825,0,0,0,1.9763,0.816149,1.80085,0,0,0,4.81512,0,0,0,0,0.201001,0,0,0.0486311,0,0,0.249632,0,0,0,0,0,0,0,0,0,0,0,21.4308,311.638,0,6.82291e-005,0.004509,
5,14,20,0,0,0.221825,0,0,0,1.89255,0.823135,1.86088,0.382647,0,0,5.18104,0,0,0,0,0.129226,0,0,0.0502522,0,0,0.179478,0,0,0,0,0,0,0,0,0,0,0,21.4086,311.638,0,6.76963e-005,0.004509,
5,14,21,0,0,0.221825,0,0,0,1.60783,0.816149,1.80085,0.382647,0,0,4.8293,0,0,0,0,0.168422,0,0,0.0486311,0,0,0.217053,0,0,0,0,0,0,0,0,0,0,0,21.3949,311.638,0,6.70816e-005,0.004509,
5,14,22,0,0,0.221825,0,0,0,1.05514,0.788205,1.56074,0.382647,0,0,4.00855,0,0,0,0,0.0491268,0,0,0.042147,0,0,0.0912738,0,0,0,0,0,0,0,0,0,0,0,21.3487,311.638,0,6.60204e-005,0.004509,
5,14,23,0,0,0.221825,0,0,0,0.636433,0.763754,1.35064,0.382647,0,0,3.3553,0,0,0,0,0.0263014,0,0,0.0364733,0,0,0.0627747,0,0,0,0,0,0,0,0,0,0,0,21.3359,311.638,0,6.58258e-005,0.004509,
5,14,24,0,0,0.221825,0,0,0,0.385211,0.735811,1.11052,0,0,0,2.45337,0,0,0,0,0,0,0,0.0299892,0,0,0.0299892,0,0,0,0,0,0,0,0,0,0,0,21.2782,311.638,0,6.50975e-005,0.004509,
5,15,1,0,0,0.221825,0,0,0,0.318218,0.728825,1.0505,0,0,0,2.31936,0,0,0,0,0.00239533,0,0,0.0283681,0,0,0.0307634,0,0,0,0,0,0,0,0,0,0,0,21.2647,311.638,0,6.05898e-005,0.004509,
5,15,2,0,0,0.221825,0,0,0,0.251224,0.725332,1.02048,0,0,0,2.21886,0,0,0,0,0.00315606,0,0,0.0275576,0,0,0.0307137,0,0,0,0,0,0,0,0,0,0,0,21.2538,311.638,0,6.02612e-005,0.004509,
5,15,3,0,0,0.221825,0,0,0,0.28472,0.725332,1.02048,0,0,0,2.25236,0,0,0,0,0,0,0,0.0275576,0,0,0.0275576,0,0,0,0,0,0,0,0,0,0,0,21.2673,311.638,0,6.03095e-005,0.004509,
5,15,4,0,0,0.221825,0,0,0,0.351715,0.718346,0.960451,0,0,0,2.25234,0,0,0,0,0,0,0,0.0259366,0,0,0.0259366,0,0,0,0,0,0,0,0,0,0,0,21.2692,311.638,0,6.06945e-005,0.004509,
5,15,5,0,0,0.221825,0,0,0,0.519197,0.732318,1.08051,0,0,0,2.55385,0,0,0,0,0.0140362,0,0,0.0291787,0,0,0.0432149,0,0,0,0,0,0,0,0,0,0,0,21.2823,311.638,0,6.07275e-005,0.004509,
5,15,6,0,0,0.221825,0,0,0,0.703426,0.753275,1.26059,0,0,0,2.93912,0,0,0,0,0.183954,0,0,0.0340418,0,0,0.217996,0,0,0,0,0,0,0,0,0,0,0,21.2712,311.638,0,6.05484e-005,0.004509,
5,15,7,0,0,0.221825,0,0,0,0.686679,0.760261,1.32062,0,0,0,2.98939,0,0,0,0,0.388204,0,0,0.0356628,0,0,0.423867,0,0,0,0,0,0,0,0,0,0,0,19.8817,311.638,0,3.29125e-005,0.004509,
5,15,8,0,0,0.221825,0,0,0,0.56944,0.735811,1.11052,0,0,0,2.6376,0,0,0,0,0.48525,0,0,0.0299892,0,0,0.515239,0,0,0,0,0,0,0,0,0,0,0,16.7676,311.638,0,2.65081e-006,0.004509,
5,15,9,0,0,0.221825,0,0,0,0.4857,0.718346,0.960451,0,0,0,2.38632,0,0,0,0,0.0514058,0,0,0.0259366,0,0,0.0773424,0,0,0,0,0,0,0,0,0,0,0,16.4393,311.638,0,0,0.004509,
5,15,10,0,0,0.221825,0,0,0,0.452204,0.721839,0.990466,0,0,0,2.38633,0,0,0,0,0.118935,0,0,0.0267471,0,0,0.145682,0,0,0,0,0,0,0,0,0,0,0,16.275,311.638,0,0,0.004509,
5,15,11,0,0,0.221825,0,0,0,0.418708,0.721839,0.990466,0,0,0,2.35284,0,0,0,0,0.10517,0,0,0.0267471,0,0,0.131917,0,0,0,0,0,0,0,0,0,0,0,16.3439,311.638,0,0,0.004509,
5,15,12,0,0,0.221825,0,0,0,0.351715,0.718346,0.960451,0,0,0,2.25234,0,0,0,0,0.101576,0,0,0.0259366,0,0,0.127513,0,0,0,0,0,0,0,0,0,0,0,16.465,311.638,0,0,0.004509,
5,15,13,0,0,0.221825,0,0,0,0.351715,0.721839,0.990466,0,0,0,2.28584,0,0,0,0,0.157503,0,0,0.0267471,0,0,0.18425,0,0,0,0,0,0,0,0,0,0,0,16.2746,311.638,0,0,0.004509,
5,15,14,0,0,0.221825,0,0,0,0.351715,0.728825,1.0505,0,0,0,2.35286,0,0,0,0,0.0992194,0,0,0.0283681,0,0,0.127587,0,0,0,0,0,0,0,0,0,0,0,16.4212,311.638,0,0,0.004509,
5,15,15,0,0,0.221825,0,0,0,0.435454,0.735811,1.11052,0,0,0,2.50361,0,0,0,0,0.294325,0,0,0.0299892,0,0,0.324314,0,0,0,0,0,0,0,0,0,0,0,16.2798,311.638,0,0,0.004509,
5,15,16,0,0,0.221825,0,0,0,0.519197,0.760261,1.32062,0,0,0,2.8219,0,0,0,0,0.127181,0,0,0.0356628,0,0,0.162844,0,0,0,0,0,0,0,0,0,0,0,16.4604,311.638,0,0,0.004509,
5,15,17,0,0,0.221825,0,0,0,0.736923,0.791698,1.59075,0,0,0,3.3412,0,0,0,0,0.0870347,0,0,0.0429574,0,0,0.129992,0,0,0,0,0,0,0,0,0,0,0,17.5342,311.638,0,2.98612e-006,0.004509,
5,15,18,0,0,0.221825,0,0,0,1.40685,0.809163,1.74082,0,0,0,4.17866,0,0,0,0,0.102347,0,0,0.04701,0,0,0.149357,0,0,0,0,0,0,0,0,0,0,0,20.4716,311.638,0,5.24554e-005,0.004509,
5,15,19,0,0,0.221825,0,0,0,1.9763,0.816149,1.80085,0,0,0,4.81512,0,0,0,0,0.0772773,0,0,0.0486311,0,0,0.125908,0,0,0,0,0,0,0,0,0,0,0,21.4897,311.638,0,6.34439e-005,0.004509,
5,15,20,0,0,0.221825,0,0,0,1.89255,0.823135,1.86088,0.382647,0,0,5.18104,0,0,0,0,0.203682,0,0,0.0502522,0,0,0.253934,0,0,0,0,0,0,0,0,0,0,0,21.4075,311.638,0,6.25455e-005,0.004509,
5,15,21,0,0,0.221825,0,0,0,1.60783,0.816149,1.80085,0.382647,0,0,4.8293,0,0,0,0,0.130093,0,0,0.0486311,0,0,0.178724,0,0,0,0,0,0,0,0,0,0,0,21.3813,311.638,0,6.23114e-005,0.004509,
5,15,22,0,0,0.221825,0,0,0,1.05514,0.788205,1.56074,0.382647,0,0,4.00855,0,0,0,0,0.018742,0,0,0.042147,0,0,0.060889,0,0,0,0,0,0,0,0,0,0,0,21.3416,311.638,0,6.16064e-005,0.004509,
5,15,23,0,0,0.221825,0,0,0,0.636433,0.763754,1.35064,0.382647,0,0,3.3553,0,0,0,0,0.0310551,0,0,0.0364733,0,0,0.0675284,0,0,0,0,0,0,0,0,0,0,0,21.3249,311.638,0,6.12237e-005,0.004509,
5,15,24,0,0,0.221825,0,0,0,0.385211,0.735811,1.11052,0,0,0,2.45337,0,0,0,0,0.0657131,0,0,0.0299892,0,0,0.0957023,0,0,0,0,0,0,0,0,0,0,0,21.3112,311.638,0,6.09885e-005,0.004509,
5,16,1,0,0,0.221825,0,0,0,0.318218,0.728825,1.0505,0,0,0,2.31936,0,0,0,0,0.000471215,0,0,0.0283681,0,0,0.0288393,0,0,0,0,0,0,0,0,0,0,0,21.1163,311.638,0,5.68524e-005,0.004509,
5,16,2,0,0,0.221825,0,0,0,0.251224,0.725332,1.02048,0,0,0,2.21886,0,0,0,0,0,0,0,0.0275576,0,0,0.0275576,0,0,0,0,0,0,0,0,0,0,0,21.1113,311.638,0,5.67687e-005,0.004509,
5,16,3,0,0,0.221825,0,0,0,0.28472,0.725332,1.02048,0,0,0,2.25236,0,0,0,0,0,0,0,0.0275576,0,0,0.0275576,0,0,0,0,0,0,0,0,0,0,0,21.1022,311.638,0,5.67144e-005,0.004509,
5,16,4,0,0,0.221825,0,0,0,0.351715,0.718346,0.960451,0,0,0,2.25234,0,0,0,0,0.000324495,0,0,0.0259366,0,0,0.0262611,0,0,0,0,0,0,0,0,0,0,0,21.0934,311.638,0,5.66805e-005,0.004509,
5,16,5,0,0,0.221825,0,0,0,0.519197,0.732318,1.08051,0,0,0,2.55385,0,0,0,0,0,0,0,0.0291787,0,0,0.0291787,0,0,0,0,0,0,0,0,0,0,0,21.1244,311.638,0,5.6831e-005,0.004509,
5,16,6,0,0,0.221825,0,0,0,0.703426,0.753275,1.26059,0,0,0,2.93912,0,0,0,0,0.206592,0,0,0.0340418,0,0,0.240634,0,0,0,0,0,0,0,0,0,0,0,21.1263,311.638,0,5.62685e-005,0.004509,
5,16,7,0,0,0.221825,0,0,0,0.686679,0.760261,1.32062,0,0,0,2.98939,0,0,0,0,0.212974,0,0,0.0356628,0,0,0.248637,0,0,0,0,0,0,0,0,0,0,0,19.3193,311.638,0,2.40137e-005,0.004509,
5,16,8,0,0,0.221825,0,0,0,0.56944,0.735811,1.11052,0,0,0,2.6376,0,0,0,0,0.136842,0,0,0.0299892,0,0,0.166831,0,0,0,0,0,0,0,0,0,0,0,17.0526,311.638,0,6.2092e-007,0.004509,
5,16,9,0,0,0.221825,0,0,0,0.4857,0.718346,0.960451,0,0,0,2.38632,0,0,0,0,0.665342,0,0,0.0259366,0,0,0.691279,0,0,0,0,0,0,0,0,0,0,0,16.7511,311.638,0,0,0.004509,
5,16,10,0,0,0.221825,0,0,0,0.452204,0.721839,0.990466,0,0,0,2.38633,0,0,0,0,0.234925,0,0,0.0267471,0,0,0.261672,0,0,0,0,0,0,0,0,0,0,0,16.5997,311.638,0,0,0.004509,
5,16,11,0,0,0.221825,0,0,0,0.418708,0.721839,0.990466,0,0,0,2.35284,0,0,0,0,0.084967,0,0,0.0267471,0,0,0.111714,0,0,0,0,0,0,0,0,0,0,0,16.9069,311.638,0,0,0.004509,
5,16,12,0,0,0.221825,0,0,0,0.351715,0.718346,0.960451,0,0,0,2.25234,0,0,0,0,0.36778,0,0,0.0259366,0,0,0.393717,0,0,0,0,0,0,0,0,0,0,0,16.9669,311.638,0,0,0.004509,
5,16,13,0,0,0.221825,0,0,0,0.351715,0.721839,0.990466,0,0,0,2.28584,0,0,0,0,0.0636292,0,0,0.0267471,0,0,0.0903763,0,0,0,0,0,0,0,0,0,0,0,16.4791,311.638,0,0,0.004509,
5,16,14,0,0,0.221825,0,0,0,0.351715,0.728825,1.0505,0,0,0,2.35286,0,0,0,0,0.279447,0,0,0.0283681,0,0,0.307815,0,0,0,0,0,0,0,0,0,0,0,16.4732,311.638,0,0,0.004509,
5,16,15,0,0,0.221825,0,0,0,0.435454,0.735811,1.11052,0,0,0,2.50361,0,0,0,0,0.0370908,0,0,0.0299892,0,0,0.06708,0,0,0,0,0,0,0,0,0,0,0,16.7655,311.638,0,0,0.004509,
5,16,16,0,0,0.221825,0,0,0,0.519197,0.760261,1.32062,0,0,0,2.8219,0,0,0,0,0.0310548,0,0,0.0356628,0,0,0.0667176,0,0,0,0,0,0,0,0,0,0,0,16.9113,311.638,0,0,0.004509,
5,16,17,0,0,0.221825,0,0,0,0.736923,0.791698,1.59075,0,0,0,3.3412,0,0,0,0,0.209209,0,0,0.0429574,0,0,0.252166,0,0,0,0,0,0,0,0,0,0,0,17.6183,311.638,0,1.15717e-007,0.004509,
5,16,18,0,0,0.221825,0,0,0,1.40685,0.809163,1.74082,0,0,0,4.17866,0,0,0,0,0.270997,0,0,0.04701,0,0,0.318007,0,0,0,0,0,0,0,0,0,0,0,21.0989,311.638,0,5.64608e-005,0.004509,
5,16,19,0,0,0.221825,0,0,0,1.9763,0.816149,1.80085,0,0,0,4.81512,0,0,0,0,0.0454086,0,0,0.0486311,0,0,0.0940397,0,0,0,0,0,0,0,0,0,0,0,21.3034,311.638,0,5.9315e-005,0.004509,
5,16,20,0,0,0.221825,0,0,0,1.89255,0.823135,1.86088,0.382647,0,0,5.18104,0,0,0,0,0.104317,0,0,0.0502522,0,0,0.154569,0,0,0,0,0,0,0,0,0,0,0,21.2569,311.638,0,5.88739e-005,0.004509,
5,16,21,0,0,0.221825,0,0,0,1.60783,0.816149,1.80085,0.382647,0,0,4.8293,0,0,0,0,0.312478,0,0,0.0486311,0,0,0.361109,0,0,0,0,0,0,0,0,0,0,0,21.2431,311.638,0,5.85411e-005,0.004509,
5,16,22,0,0,0.221825,0,0,0,1.05514,0.788205,1.56074,0.382647,0,0,4.00855,0,0,0,0,0.0737867,0,0,0.042147,0,0,0.115934,0,0,0,0,0,0,0,0,0,0,0,21.2403,311.638,0,5.8258e-005,0.004509,
5,16,23,0,0,0.221825,0,0,0,0.636433,0.763754,1.35064,0.382647,0,0,3.3553,0,0,0,0,0.00409053,0,0,0.0364733,0,0,0.0405638,0,0,0,0,0,0,0,0,0,0,0,21.1881,311.638,0,5.7328e-005,0.004509,
5,16,24,0,0,0.221825,0,0,0,0.385211,0.735811,1.11052,0,0,0,2.45337,0,0,0,0,0.00898208,0,0,0.0299892,0,0,0.0389713,0,0,0,0,0,0,0,0,0,0,0,21.1393,311.638,0,5.70782e-005,0.004509,
5,17,1,0,0,0.221825,0,0,0,0.318218,0.728825,1.0505,0,0,0,2.31936,0,0,0,0,0,0,0,0.0283681,0,0,0.0283681,0,0,0,0,0,0,0,0,0,0,0,21.2236,311.638,0,6.01479e-005,0.004509,
5,17,2,0,0,0.221825,0,0,0,0.251224,0.725332,1.02048,0,0,0,2.21886,0,0,0,0,0,0,0,0.0275576,0,0,0.0275576,0,0,0,0,0,0,0,0,0,0,0,21.2225,311.638,0,6.0167e-005,0.004509,
5,17,3,0,0,0.221825,0,0,0,0.28472,0.725332,1.02048,0,0,0,2.25236,0,0,0,0,0.0154647,0,0,0.0275576,0,0,0.0430223,0,0,0,0,0,0,0,0,0,0,0,21.2213,311.638,0,6.0174e-005,0.004509,
5,17,4,0,0,0.221825,0,0,0,0.351715,0.718346,0.960451,0,0,0,2.25234,0,0,0,0,0,0,0,0.0259366,0,0,0.0259366,0,0,0,0,0,0,0,0,0,0,0,21.211,311.638,0,6.02288e-005,0.004509,
5,17,5,0,0,0.221825,0,0,0,0.519197,0.732318,1.08051,0,0,0,2.55385,0,0,0,0,0.154619,0,0,0.0291787,0,0,0.183798,0,0,0,0,0,0,0,0,0,0,0,21.2238,311.638,0,6.01155e-005,0.004509,
5,17,6,0,0,0.221825,0,0,0,0.703426,0.753275,1.26059,0,0,0,2.93912,0,0,0,0,0.0152684,0,0,0.0340418,0,0,0.0493102,0,0,0,0,0,0,0,0,0,0,0,21.2077,311.638,0,5.95869e-005,0.004509,
5,17,7,0,0,0.221825,0,0,0,0.686679,0.760261,1.32062,0,0,0,2.98939,0,0,0,0,0.2248,0,0,0.0356628,0,0,0.260463,0,0,0,0,0,0,0,0,0,0,0,19.3395,311.638,0,2.65236e-005,0.004509,
5,17,8,0,0,0.221825,0,0,0,0.56944,0.735811,1.11052,0,0,0,2.6376,0,0,0,0,0.335199,0,0,0.0299892,0,0,0.365188,0,0,0,0,0,0,0,0,0,0,0,16.7733,311.638,0,0,0.004509,
5,17,9,0,0,0.221825,0,0,0,0.4857,0.718346,0.960451,0,0,0,2.38632,0,0,0,0,0.286955,0,0,0.0259366,0,0,0.312892,0,0,0,0,0,0,0,0,0,0,0,16.2382,311.638,0,0,0.004509,
5,17,10,0,0,0.221825,0,0,0,0.452204,0.721839,0.990466,0,0,0,2.38633,0,0,0,0,0.281373,0,0,0.0267471,0,0,0.30812,0,0,0,0,0,0,0,0,0,0,0,16.2469,311.638,0,0,0.004509,
5,17,11,0,0,0.221825,0,0,0,0.418708,0.721839,0.990466,0,0,0,2.35284,0,0,0,0,0.402807,0,0,0.0267471,0,0,0.429554,0,0,0,0,0,0,0,0,0,0,0,16.1666,311.638,0,0,0.004509,
5,17,12,0,0,0.221825,0,0,0,0.351715,0.718346,0.960451,0,0,0,2.25234,0,0,0,0,0.163655,0,0,0.0259366,0,0,0.189592,0,0,0,0,0,0,0,0,0,0,0,16.0609,311.638,0,0,0.004509,
5,17,13,0,0,0.221825,0,0,0,0.351715,0.721839,0.990466,0,0,0,2.28584,0,0,0,0,0.0624273,0,0,0.0267471,0,0,0.0891744,0,0,0,0,0,0,0,0,0,0,0,16.0274,311.638,0,0,0.004509,
5,17,14,0,0,0.221825,0,0,0,0.351715,0.728825,1.0505,0,0,0,2.35286,0,0,0,0,0.21284,0,0,0.0283681,0,0,0.241208,0,0,0,0,0,0,0,0,0,0,0,16.009,311.638,0,0,0.004509,
5,17,15,0,0,0.221825,0,0,0,0.435454,0.735811,1.11052,0,0,0,2.50361,0,0,0,0,0.15685,0,0,0.0299892,0,0,0.186839,0,0,0,0,0,0,0,0,0,0,0,15.9843,311.638,0,0,0.004509,
5,17,16,0,0,0.221825,0,0,0,0.519197,0.760261,1.32062,0,0,0,2.8219,0,0,0,0,0.0661047,0,0,0.0356628,0,0,0.101768,0,0,0,0,0,0,0,0,0,0,0,16.0595,311.638,0,0,0.004509,
5,17,17,0,0,0.221825,0,0,0,0.736923,0.791698,1.59075,0,0,0,3.3412,0,0,0,0,0.198949,0,0,0.0429574,0,0,0.241906,0,0,0,0,0,0,0,0,0,0,0,16.6986,311.638,0,0,0.004509,
5,17,18,0,0,0.221825,0,0,0,1.40685,0.809163,1.74082,0,0,0,4.17866,0,0,0,0,0.369324,0,0,0.04701,0,0,0.416334,0,0,0,0,0,0,0,0,0,0,0,18.325,311.638,0,2.1506e-005,0.004509,
5,17,19,0,0,0.221825,0,0,0,1.9763,0.816149,1.80085,0,0,0,4.81512,0,0,0,0,0.255154,0,0,0.0486311,0,0,0.303785,0,0,0,0,0,0,0,0,0,0,0,21.5721,311.638,0,6.82634e-005,0.004509,
5,17,20,0,0,0.221825,0,0,0,1.89255,0.823135,1.86088,0.382647,0,0,5.18104,0,0,0,0,0.513259,0,0,0.0502522,0,0,0.563511,0,0,0,0,0,0,0,0,0,0,0,21.5708,311.638,0,6.82522e-005,0.004509,
5,17,21,0,0,0.221825,0,0,0,1.60783,0.816149,1.80085,0.382647,0,0,4.8293,0,0,0,0,0.108151,0,0,0.0486311,0,0,0.156782,0,0,0,0,0,0,0,0,0,0,0,21.5397,311.638,0,6.7977e-005,0.004509,
5,17,22,0,0,0.221825,0,0,0,1.05514,0.788205,1.56074,0.382647,0,0,4.00855,0,0,0,0,0.0212193,0,0,0.042147,0,0,0.0633663,0,0,0,0,0,0,0,0,0,0,0,21.516,311.638,0,6.78139e-005,0.004509,
5,17,23,0,0,0.221825,0,0,0,0.636433,0.763754,1.35064,0.382647,0,0,3.3553,0,0,0,0,0.0218078,0,0,0.0364733,0,0,0.0582811,0,0,0,0,0,0,0,0,0,0,0,21.473,311.638,0,6.66308e-005,0.004509,
5,17,24,0,0,0.221825,0,0,0,0.385211,0.735811,1.11052,0,0,0,2.45337,0,0,0,0,0.0563552,0,0,0.0299892,0,0,0.0863444,0,0,0,0,0,0,0,0,0,0,0,21.4245,311.638,0,6.59993e-005,0.004509,
5,18,1,0,0,0.221825,0,0,0,0.318218,0.728825,1.0505,0,0,0,2.31936,0,0,0,0,0.0371941,0,0,0.0283681,0,0,0.0655622,0,0,0,0,0,0,0,0,0,0,0,21.9326,311.638,0,6.78087e-005,0.004509,
5,18,2,0,0,0.221825,0,0,0,0.251224,0.725332,1.02048,0,0,0,2.21886,0,0,0,0,0.0154232,0,0,0.0275576,0,0,0.0429808,0,0,0,0,0,0,0,0,0,0,0,21.9245,311.638,0,6.74918e-005,0.004509,
5,18,3,0,0,0.221825,0,0,0,0.28472,0.725332,1.02048,0,0,0,2.25236,0,0,0,0,0,0,0,0.0275576,0,0,0.0275576,0,0,0,0,0,0,0,0,0,0,0,21.9215,311.638,0,6.74908e-005,0.004509,
5,18,4,0,0,0.221825,0,0,0,0.351715,0.718346,0.960451,0,0,0,2.25234,0,0,0,0,0.000605616,0,0,0.0259366,0,0,0.0265422,0,0,0,0,0,0,0,0,0,0,0,21.9223,311.638,0,6.75396e-005,0.004509,
5,18,5,0,0,0.221825,0,0,0,0.519197,0.732318,1.08051,0,0,0,2.55385,0,0,0,0,0.0325334,0,0,0.0291787,0,0,0.0617121,0,0,0,0,0,0,0,0,0,0,0,21.9239,311.638,0,6.75847e-005,0.004509,
5,18,6,0,0,0.221825,0,0,0,0.703426,0.753275,1.26059,0,0,0,2.93912,0,0,0,0,0.132852,0,0,0.0340418,0,0,0.166894,0,0,0,0,0,0,0,0,0,0,0,21.9209,311.638,0,6.7232e-005,0.004509,
5,18,7,0,0,0.221825,0,0,0,0.686679,0.760261,1.32062,0,0,0,2.98939,0,0,0,0,0.0687545,0,0,0.0356628,0,0,0.104417,0,0,0,0,0,0,0,0,0,0,0,18.6614,311.638,0,2.1855e-005,0.004509,
5,18,8,0,0,0.221825,0,0,0,0.56944,0.735811,1.11052,0,0,0,2.6376,0,0,0,0,0.537214,0,0,0.0299892,0,0,0.567203,0,0,0,0,0,0,0,0,0,0,0,16.6614,311.638,0,0,0.004509,
5,18,9,0,0,0.221825,0,0,0,0.4857,0.718346,0.960451,0,0,0,2.38632,0,0,0,0,0.0836634,0,0,0.0259366,0,0,0.1096,0,0,0,0,0,0,0,0,0,0,0,16.1319,311.638,0,0,0.004509,
5,18,10,0,0,0.221825,0,0,0,0.452204,0.721839,0.990466,0,0,0,2.38633,0,0,0,0,0.10426,0,0,0.0267471,0,0,0.131007,0,0,0,0,0,0,0,0,0,0,0,16.1749,311.638,0,0,0.004509,
5,18,11,0,0,0.221825,0,0,0,0.418708,0.721839,0.990466,0,0,0,2.35284,0,0,0,0,0.16449,0,0,0.0267471,0,0,0.191237,0,0,0,0,0,0,0,0,0,0,0,16.0446,311.638,0,0,0.004509,
5,18,12,0,0,0.221825,0,0,0,0.351715,0.718346,0.960451,0,0,0,2.25234,0,0,0,0,0.122954,0,0,0.0259366,0,0,0.148891,0,0,0,0,0,0,0,0,0,0,0,16.2025,311.638,0,0,0.004509,
5,18,13,0,0,0.221825,0,0,0,0.351715,0.721839,0.990466,0,0,0,2.28584,0,0,0,0,0.182511,0,0,0.0267471,0,0,0.209258,0,0,0,0,0,0,0,0,0,0,0,16.0833,311.638,0,0,0.004509,
5,18,14,0,0,0.221825,0,0,0,0.351715,0.728825,1.0505,0,0,0,2.35286,0,0,0,0,0.300546,0,0,0.0283681,0,0,0.328914,0,0,0,0,0,0,0,0,0,0,0,16.1869,311.638,0,0,0.004509,
5,18,15,0,0,0.221825,0,0,0,0.435454,0.735811,1.11052,0,0,0,2.50361,0,0,0,0,0.127957,0,0,0.0299892,0,0,0.157946,0,0,0,0,0,0,0,0,0,0,0,16.1888,311.638,0,0,0.004509,
5,18,16,0,0,0.221825,0,0,0,0.519197,0.760261,1.32062,0,0,0,2.8219,0,0,0,0,0.218812,0,0,0.0356628,0,0,0.254475,0,0,0,0,0,0,0,0,0,0,0,16.1464,311.638,0,0,0.004509,
5,18,17,0,0,0.221825,0,0,0,0.736923,0.791698,1.59075,0,0,0,3.3412,0,0,0,0,0.144425,0,0,0.0429574,0,0,0.187382,0,0,0,0,0,0,0,0,0,0,0,16.7643,311.638,0,0,0.004509,
5,18,18,0,0,0.221825,0,0,0,1.40685,0.809163,1.74082,0,0,0,4.17866,0,0,0,0,0.132329,0,0,0.04701,0,0,0.179339,0,0,0,0,0,0,0,0,0,0,0,19.7288,311.638,0,3.79362e-005,0.004509,
5,18,19,0,0,0.221825,0,0,0,1.9763,0.816149,1.80085,0,0,0,4.81512,0,0,0,0,0.257867,0,0,0.0486311,0,0,0.306498,0,0,0,0,0,0,0,0,0,0,0,22.1835,311.638,0,8.16037e-005,0.004509,
5,18,20,0,0,0.221825,0,0,0,1.89255,0.823135,1.86088,0.382647,0,0,5.18104,0,0,0,0,0.133613,0,0,0.0502522,0,0,0.183865,0,0,0,0,0,0,0,0,0,0,0,22.1244,311.638,0,8.08465e-005,0.004509,
5,18,21,0,0,0.221825,0,0,0,1.60783,0.816149,1.80085,0.382647,0,0,4.8293,0,0,0,0,0.20248,0,0,0.0486311,0,0,0.251111,0,0,0,0,0,0,0,0,0,0,0,22.1196,311.638,0,8.08042e-005,0.004509,
5,18,22,0,0,0.221825,0,0,0,1.05514,0.788205,1.56074,0.382647,0,0,4.00855,0,0,0,0,0.20195,0,0,0.042147,0,0,0.244097,0,0,0,0,0,0,0,0,0,0,0,22.0301,311.638,0,7.72147e-005,0.004509,
5,18,23,0,0,0.221825,0,0,0,0.636433,0.763754,1.35064,0.382647,0,0,3.3553,0,0,0,0,0.624967,0,0,0.0364733,0,0,0.66144,0,0,0,0,0,0,0,0,0,0,0,21.9729,311.638,0,7.31292e-005,0.004509,
5,18,24,0,0,0.221825,0,0,0,0.385211,0.735811,1.11052,0,0,0,2.45337,0,0,0,0,0.00081064,0,0,0.0299892,0,0,0.0307998,0,0,0,0,0,0,0,0,0,0,0,21.9509,311.638,0,7.23907e-005,0.004509,
5,19,1,0,0,0.221825,0,0,0,0.318218,0.728825,1.0505,0,0,0,2.31936,0,0,0,0,0,0,0,0.0283681,0,0,0.0283681,0,0,0,0,0,0,0,0,0,0,0,21.92,311.638,0,7.29635e-005,0.004509,
5,19,2,0,0,0.221825,0,0,0,0.251224,0.725332,1.02048,0,0,0,2.21886,0,0,0,0,0.0151578,0,0,0.0275576,0,0,0.0427154,0,0,0,0,0,0,0,0,0,0,0,21.9198,311.638,0,7.30387e-005,0.004509,
5,19,3,0,0,0.221825,0,0,0,0.28472,0.725332,1.02048,0,0,0,2.25236,0,0,0,0,0.00040474,0,0,0.0275576,0,0,0.0279623,0,0,0,0,0,0,0,0,0,0,0,21.9141,311.638,0,7.28732e-005,0.004509,
5,19,4,0,0,0.221825,0,0,0,0.351715,0.718346,0.960451,0,0,0,2.25234,0,0,0,0,0,0,0,0.0259366,0,0,0.0259366,0,0,0,0,0,0,0,0,0,0,0,21.9154,311.638,0,7.30471e-005,0.004509,
5,19,5,0,0,0.221825,0,0,0,0.519197,0.732318,1.08051,0,0,0,2.55385,0,0,0,0,0.0121296,0,0,0.0291787,0,0,0.0413083,0,0,0,0,0,0,0,0,0,0,0,21.9398,311.638,0,7.32758e-005,0.004509,
5,19,6,0,0,0.221825,0,0,0,0.703426,0.753275,1.26059,0,0,0,2.93912,0,0,0,0,0.125073,0,0,0.0340418,0,0,0.159115,0,0,0,0,0,0,0,0,0,0,0,21.9261,311.638,0,7.35326e-005,0.004509,
5,19,7,0,0,0.221825,0,0,0,0.686679,0.760261,1.32062,0,0,0,2.98939,0,0,0,0,0.668239,0,0,0.0356628,0,0,0.703902,0,0,0,0,0,0,0,0,0,0,0,19.6772,311.638,0,2.86352e-005,0.004509,
5,19,8,0,0,0.221825,0,0,0,0.56944,0.735811,1.11052,0,0,0,2.6376,0,0,0,0,0.150334,0,0,0.0299892,0,0,0.180323,0,0,0,0,0,0,0,0,0,0,0,16.8799,311.638,0,3.43811e-006,0.004509,
5,19,9,0,0,0.221825,0,0,0,0.4857,0.718346,0.960451,0,0,0,2.38632,0,0,0,0,0.322202,0,0,0.0259366,0,0,0.348139,0,0,0,0,0,0,0,0,0,0,0,16.4674,311.638,0,1.09753e-008,0.004509,
5,19,10,0,0,0.221825,0,0,0,0.452204,0.721839,0.990466,0,0,0,2.38633,0,0,0,0,0.0815754,0,0,0.0267471,0,0,0.108322,0,0,0,0,0,0,0,0,0,0,0,16.4594,311.638,0,2.69382e-007,0.004509,
5,19,11,0,0,0.221825,0,0,0,0.418708,0.721839,0.990466,0,0,0,2.35284,0,0,0,0,0.0113973,0,0,0.0267471,0,0,0.0381444,0,0,0,0,0,0,0,0,0,0,0,16.6923,311.638,0,9.82928e-007,0.004509,
5,19,12,0,0,0.221825,0,0,0,0.351715,0.718346,0.960451,0,0,0,2.25234,0,0,0,0,0.0293929,0,0,0.0259366,0,0,0.0553295,0,0,0,0,0,0,0,0,0,0,0,16.4448,311.638,0,4.7431e-007,0.004509,
5,19,13,0,0,0.221825,0,0,0,0.351715,0.721839,0.990466,0,0,0,2.28584,0,0,0,0,0.0392988,0,0,0.0267471,0,0,0.0660459,0,0,0,0,0,0,0,0,0,0,0,16.5385,311.638,0,0,0.004509,
5,19,14,0,0,0.221825,0,0,0,0.351715,0.728825,1.0505,0,0,0,2.35286,0,0,0,0,0.133625,0,0,0.0283681,0,0,0.161993,0,0,0,0,0,0,0,0,0,0,0,16.6465,311.638,0,0,0.004509,
5,19,15,0,0,0.221825,0,0,0,0.435454,0.735811,1.11052,0,0,0,2.50361,0,0,0,0,0.550082,0,0,0.0299892,0,0,0.580071,0,0,0,0,0,0,0,0,0,0,0,16.4327,311.638,0,0,0.004509,
5,19,16,0,0,0.221825,0,0,0,0.519197,0.760261,1.32062,0,0,0,2.8219,0,0,0,0,0.0267539,0,0,0.0356628,0,0,0.0624167,0,0,0,0,0,0,0,0,0,0,0,16.7646,311.638,0,2.15806e-006,0.004509,
5,19,17,0,0,0.221825,0,0,0,0.736923,0.791698,1.59075,0,0,0,3.3412,0,0,0,0,0.032554,0,0,0.0429574,0,0,0.0755114,0,0,0,0,0,0,0,0,0,0,0,17.9353,311.638,0,1.75947e-005,0.004509,
5,19,18,0,0,0.221825,0,0,0,1.40685,0.809163,1.74082,0,0,0,4.17866,0,0,0,0,0.0730715,0,0,0.04701,0,0,0.120082,0,0,0,0,0,0,0,0,0,0,0,21.2672,311.638,0,6.66324e-005,0.004509,
5,19,19,0,0,0.221825,0,0,0,1.9763,0.816149,1.80085,0,0,0,4.81512,0,0,0,0,0.0563375,0,0,0.0486311,0,0,0.104969,0,0,0,0,0,0,0,0,0,0,0,23.6077,311.638,0,0.000130083,0.004509,
5,19,20,0,0,0.221825,0,0,0,1.89255,0.823135,1.86088,0.382647,0,0,5.18104,0,0,0,0,0.0560619,0,0,0.0502522,0,0,0.106314,0,0,0,0,0,0,0,0,0,0,0,23.5492,311.638,0,0.000128575,0.004509,
5,19,21,0,0,0.221825,0,0,0,1.60783,0.816149,1.80085,0.382647,0,0,4.8293,0,0,0,0,0.22445,0,0,0.0486311,0,0,0.273081,0,0,0,0,0,0,0,0,0,0,0,23.5218,311.638,0,0.000125636,0.004509,
5,19,22,0,0,0.221825,0,0,0,1.05514,0.788205,1.56074,0.382647,0,0,4.00855,0,0,0,0,0.0858091,0,0,0.042147,0,0,0.127956,0,0,0,0,0,0,0,0,0,0,0,23.0837,311.638,0,0.000118795,0.004509,
5,19,23,0,0,0.221825,0,0,0,0.636433,0.763754,1.35064,0.382647,0,0,3.3553,0,0,0,0,0.00860008,0,0,0.0364733,0,0,0.0450734,0,0,0,0,0,0,0,0,0,0,0,22.7645,311.638,0,0.00010624,0.004509,
5,19,24,0,0,0.221825,0,0,0,0.385211,0.735811,1.11052,0,0,0,2.45337,0,0,0,0,0.00602102,0,0,0.0299892,0,0,0.0360102,0,0,0,0,0,0,0,0,0,0,0,22.6945,311.638,0,0.00010449,0.004509,
5,20,1,0,0,0.221825,0,0,0,0.318218,0.728825,1.0505,0,0,0,2.31936,0,0,0,0,0.0405209,0,0,0.0283681,0,0,0.068889,0,0,0,0,0,0,0,0,0,0,0,21.9378,311.638,0,8.39609e-005,0.004509,
5,20,2,0,0,0.221825,0,0,0,0.251224,0.725332,1.02048,0,0,0,2.21886,0,0,0,0,0.0178332,0,0,0.0275576,0,0,0.0453908,0,0,0,0,0,0,0,0,0,0,0,21.9388,311.638,0,8.40567e-005,0.004509,
5,20,3,0,0,0.221825,0,0,0,0.28472,0.725332,1.02048,0,0,0,2.25236,0,0,0,0,0,0,0,0.0275576,0,0,0.0275576,0,0,0,0,0,0,0,0,0,0,0,21.9374,311.638,0,8.37018e-005,0.004509,
5,20,4,0,0,0.221825,0,0,0,0.351715,0.718346,0.960451,0,0,0,2.25234,0,0,0,0,0.000686594,0,0,0.0259366,0,0,0.0266232,0,0,0,0,0,0,0,0,0,0,0,21.9388,311.638,0,8.37432e-005,0.004509,
5,20,5,0,0,0.221825,0,0,0,0.519197,0.732318,1.08051,0,0,0,2.55385,0,0,0,0,0.118924,0,0,0.0291787,0,0,0.148103,0,0,0,0,0,0,0,0,0,0,0,21.9433,311.638,0,8.38056e-005,0.004509,
5,20,6,0,0,0.221825,0,0,0,0.703426,0.753275,1.26059,0,0,0,2.93912,0,0,0,0,0.0811134,0,0,0.0340418,0,0,0.115155,0,0,0,0,0,0,0,0,0,0,0,21.9101,311.638,0,8.32839e-005,0.004509,
5,20,7,0,0,0.221825,0,0,0,0.686679,0.760261,1.32062,0,0,0,2.98939,0,0,0,0,0.24682,0,0,0.0356628,0,0,0.282483,0,0,0,0,0,0,0,0,0,0,0,19.1076,311.638,0,2.09984e-005,0.004509,
5,20,8,0,0,0.221825,0,0,0,0.56944,0.735811,1.11052,0,0,0,2.6376,0,0,0,0,0.196381,0,0,0.0299892,0,0,0.22637,0,0,0,0,0,0,0,0,0,0,0,16.7909,311.638,0,2.29506e-007,0.004509,
5,20,9,0,0,0.221825,0,0,0,0.4857,0.718346,0.960451,0,0,0,2.38632,0,0,0,0,0.321015,0,0,0.0259366,0,0,0.346952,0,0,0,0,0,0,0,0,0,0,0,16.3754,311.638,0,0,0.004509,
5,20,10,0,0,0.221825,0,0,0,0.452204,0.721839,0.990466,0,0,0,2.38633,0,0,0,0,0.274706,0,0,0.0267471,0,0,0.301453,0,0,0,0,0,0,0,0,0,0,0,16.2705,311.638,0,0,0.004509,
5,20,11,0,0,0.221825,0,0,0,0.418708,0.721839,0.990466,0,0,0,2.35284,0,0,0,0,0.140117,0,0,0.0267471,0,0,0.166864,0,0,0,0,0,0,0,0,0,0,0,16.5261,311.638,0,0,0.004509,
5,20,12,0,0,0.221825,0,0,0,0.351715,0.718346,0.960451,0,0,0,2.25234,0,0,0,0,0.0369902,0,0,0.0259366,0,0,0.0629268,0,0,0,0,0,0,0,0,0,0,0,16.3136,311.638,0,0,0.004509,
5,20,13,0,0,0.221825,0,0,0,0.351715,0.721839,0.990466,0,0,0,2.28584,0,0,0,0,0.0983276,0,0,0.0267471,0,0,0.125075,0,0,0,0,0,0,0,0,0,0,0,16.4318,311.638,0,0,0.004509,
5,20,14,0,0,0.221825,0,0,0,0.351715,0.728825,1.0505,0,0,0,2.35286,0,0,0,0,0.0324705,0,0,0.0283681,0,0,0.0608386,0,0,0,0,0,0,0,0,0,0,0,16.5448,311.638,0,0,0.004509,
5,20,15,0,0,0.221825,0,0,0,0.435454,0.735811,1.11052,0,0,0,2.50361,0,0,0,0,0.00208461,0,0,0.0299892,0,0,0.0320738,0,0,0,0,0,0,0,0,0,0,0,16.4035,311.638,0,0,0.004509,
5,20,16,0,0,0.221825,0,0,0,0.519197,0.760261,1.32062,0,0,0,2.8219,0,0,0,0,0.100515,0,0,0.0356628,0,0,0.136178,0,0,0,0,0,0,0,0,0,0,0,16.708,311.638,0,0,0.004509,
5,20,17,0,0.968988,0.221825,0,0,0,0.736923,0.791698,1.59075,0,0,0,4.31018,0,0,0,0,0.0145722,0,0,0.0429574,0,0,0.0575296,0,0,0,0,0,0,0,0,0,0,0,18.2466,311.638,0,2.15715e-005,0.004509,
5,20,18,0,1.95046,0.221825,0,0,0,1.40685,0.809163,1.74082,0,0,0,6.12912,0,0,0,0,0.140315,0,0,0.04701,0,0,0.187325,0,0,0,0,0,0,0,0,0,0,0,21.1,311.638,0,6.55095e-005,0.004509,
5,20,19,0,2.0137,0.221825,0,0,0,1.9763,0.816149,1.80085,0,0,0,6.82882,0,0,0,0,0.199868,0,0,0.0486311,0,0,0.248499,0,0,0,0,0,0,0,0,0,0,0,23.1159,311.638,0,0.000111958,0.004509,
5,20,20,0,1.49757,0.221825,0,0,0,1.89255,0.823135,1.86088,0.382647,0,0,6.6786,0,0,0,0,0.0261943,0,0,0.0502522,0,0,0.0764465,0,0,0,0,0,0,0,0,0,0,0,23.1666,311.638,0,0.000110817,0.004509,
5,20,21,0,1.04641,0.221825,0,0,0,1.60783,0.816149,1.80085,0.382647,0,0,5.87571,0,0,0,0,0.0259454,0,0,0.0486311,0,0,0.0745765,0,0,0,0,0,0,0,0,0,0,0,22.7484,311.638,0,0.000104432,0.004509,
5,20,22,0,0.596564,0.221825,0,0,0,1.05514,0.788205,1.56074,0.382647,0,0,4.60512,0,0,0,0,0.206195,0,0,0.042147,0,0,0.248342,0,0,0,0,0,0,0,0,0,0,0,22.2237,311.638,0,9.13464e-005,0.004509,
5,20,23,0,0.169817,0.221825,0,0,0,0.636433,0.763754,1.35064,0.382647,0,0,3.52511,0,0,0,0,0.0434852,0,0,0.0364733,0,0,0.0799585,0,0,0,0,0,0,0,0,0,0,0,21.9976,311.638,0,8.48243e-005,0.004509,
5,20,24,0,0,0.221825,0,0,0,0.385211,0.735811,1.11052,0,0,0,2.45337,0,0,0,0,0,0,0,0.0299892,0,0,0.0299892,0,0,0,0,0,0,0,0,0,0,0,21.9464,311.638,0,8.41768e-005,0.004509,
5,21,1,0,0,0.221825,0,0,0,0.318218,0.728825,1.0505,0,0,0,2.31936,0,0,0,0,0,0,0,0.0283681,0,0,0.0283681,0,0,0,0,0,0,0,0,0,0,0,22.7113,311.638,0,0.000105438,0.004509,
5,21,2,0,0,0.221825,0,0,0,0.251224,0.725332,1.02048,0,0,0,2.21886,0,0,0,0,0.00326074,0,0,0.0275576,0,0,0.0308183,0,0,0,0,0,0,0,0,0,0,0,22.7084,311.638,0,0.000105137,0.004509,
5,21,3,0,0,0.221825,0,0,0,0.28472,0.725332,1.02048,0,0,0,2.25236,0,0,0,0,0,0,0,0.0275576,0,0,0.0275576,0,0,0,0,0,0,0,0,0,0,0,22.7079,311.638,0,0.000105187,0.004509,
5,21,4,0,0,0.221825,0,0,0,0.351715,0.718346,0.960451,0,0,0,2.25234,0,0,0,0,0,0,0,0.0259366,0,0,0.0259366,0,0,0,0,0,0,0,0,0,0,0,22.7101,311.638,0,0.000105312,0.004509,
5,21,5,0,0,0.221825,0,0,0,0.519197,0.732318,1.08051,0,0,0,2.55385,0,0,0,0,0.00116673,0,0,0.0291787,0,0,0.0303454,0,0,0,0,0,0,0,0,0,0,0,22.716,311.638,0,0.00010583,0.004509,
5,21,6,0,0,0.221825,0,0,0,0.703426,0.753275,1.26059,0,0,0,2.93912,0,0,0,0,0.303231,0,0,0.0340418,0,0,0.337273,0,0,0,0,0,0,0,0,0,0,0,22.6796,311.638,0,0.000103876,0.004509,
5,21,7,0,0,0.221825,0,0,0,0.686679,0.760261,1.32062,0,0,0,2.98939,0,0,0,0,0.0386818,0,0,0.0356628,0,0,0.0743446,0,0,0,0,0,0,0,0,0,0,0,19.4555,311.638,0,2.22299e-005,0.004509,
5,21,8,0,0,0.221825,0,0,0,0.56944,0.735811,1.11052,0,0,0,2.6376,0,0,0,0,0.150004,0,0,0.0299892,0,0,0.179993,0,0,0,0,0,0,0,0,0,0,0,17.6175,311.638,0,4.78408e-006,0.004509,
5,21,9,0,0,0.221825,0,0,0,0.4857,0.718346,0.960451,0,0,0,2.38632,0,0,0,0,0.435825,0,0,0.0259366,0,0,0.461762,0,0,0,0,0,0,0,0,0,0,0,17.1597,311.638,0,0,0.004509,
5,21,10,0,0.0620531,0.221825,0,0,0,0.452204,0.721839,0.990466,0,0,0,2.44839,0,0,0,0,0.084266,0,0,0.0267471,0,0,0.111013,0,0,0,0,0,0,0,0,0,0,0,17.0349,311.638,0,0,0.004509,
5,21,11,0,0.887748,0.221825,0,0,0,0.418708,0.721839,0.990466,0,0,0,3.24059,0,0,0,0,0.0697628,0,0,0.0267471,0,0,0.0965099,0,0,0,0,0,0,0,0,0,0,0,17.3543,311.638,0,0,0.004509,
5,21,12,0,1.52628,0.221825,0,0,0,0.351715,0.718346,0.960451,0,0,0,3.77862,0,0,0,0,0.0824671,0,0,0.0259366,0,0,0.108404,0,0,0,0,0,0,0,0,0,0,0,17.0602,311.638,0,0,0.004509,
5,21,13,0,2.08147,0.221825,0,0,0,0.351715,0.721839,0.990466,0,0,0,4.36731,0,0,0,0,0.137215,0,0,0.0267471,0,0,0.163962,0,0,0,0,0,0,0,0,0,0,0,17.3428,311.638,0,0,0.004509,
5,21,14,0,2.66679,0.221825,0,0,0,0.351715,0.728825,1.0505,0,0,0,5.01965,0,0,0,0,0.0470983,0,0,0.0283681,0,0,0.0754664,0,0,0,0,0,0,0,0,0,0,0,17.0469,311.638,0,0,0.004509,
5,21,15,0,3.21717,0.221825,0,0,0,0.435454,0.735811,1.11052,0,0,0,5.72078,0,0,0,0,0.0261367,0,0,0.0299892,0,0,0.0561259,0,0,0,0,0,0,0,0,0,0,0,17.0586,311.638,1.15878e-014,0,0.004509,
5,21,16,0,3.64249,0.221825,0,0,0,0.519197,0.760261,1.32062,0,0,0,6.4644,0,0,0,0,0.0366694,0,0,0.0356628,0,0,0.0723322,0,0,0,0,0,0,0,0,0,0,0,17.2458,311.638,3.58981e-013,9.77564e-007,0.004509,
5,21,17,0,3.87406,0.221825,0,0,0,0.736923,0.791698,1.59075,0,0,0,7.21526,0,0,0,0,0.015357,0,0,0.0429574,0,0,0.0583144,0,0,0,0,0,0,0,0,0,0,0,18.3571,311.638,2.92737e-010,2.24415e-005,0.004509,
5,21,18,0,3.92042,0.221825,0,0,0,1.40685,0.809163,1.74082,0,0,0,8.09909,0,0,0,0,0.180741,0,0,0.04701,0,0,0.227751,0,0,0,0,0,0,0,0,0,0,0,21.4629,311.638,2.4832e-010,7.81119e-005,0.004509,
5,21,19,0,3.36254,0.221825,0,0,0,1.9763,0.816149,1.80085,0,0,0,8.17766,0,0,0,0,0.099268,0,0,0.0486311,0,0,0.147899,0,0,0,0,0,0,0,0,0,0,0,23.5113,311.638,6.42395e-007,0.000125022,0.004509,
5,21,20,0,2.41347,0.221825,0,0,0,1.89255,0.823135,1.86088,0.382647,0,0,7.5945,0,0,0,0,0.161884,0,0,0.0502522,0,0,0.212136,0,0,0,0,0,0,0,0,0,0,0,23.4453,311.638,6.66471e-006,0.00012328,0.004509,
5,21,21,0,1.8016,0.221825,0,0,0,1.60783,0.816149,1.80085,0.382647,0,0,6.6309,0,0,0,0,0.0312172,0,0,0.0486311,0,0,0.0798483,0,0,0,0,0,0,0,0,0,0,0,23.3265,311.638,6.36198e-010,0.000121244,0.004509,
5,21,22,0,1.18148,0.221825,0,0,0,1.05514,0.788205,1.56074,0.382647,0,0,5.19003,0,0,0,0,0.0422077,0,0,0.042147,0,0,0.0843547,0,0,0,0,0,0,0,0,0,0,0,23.0037,311.638,0,0.000112746,0.004509,
5,21,23,0,0.688563,0.221825,0,0,0,0.636433,0.763754,1.35064,0.382647,0,0,4.04386,0,0,0,0,0.0052623,0,0,0.0364733,0,0,0.0417356,0,0,0,0,0,0,0,0,0,0,0,22.9001,311.638,0,0.00010827,0.004509,
5,21,24,0,0.339232,0.221825,0,0,0,0.385211,0.735811,1.11052,0,0,0,2.7926,0,0,0,0,0.021995,0,0,0.0299892,0,0,0.0519842,0,0,0,0,0,0,0,0,0,0,0,22.8594,311.638,0,0.000108054,0.004509,
5,22,1,0,0.050501,0.221825,0,0,0,0.318218,0.728825,1.0505,0,0,0,2.36986,0,0,0,0,0.00352673,0,0,0.0283681,0,0,0.0318948,0,0,0,0,0,0,0,0,0,0,0,23.663,311.638,0,0.000117809,0.004509,
5,22,2,0,0,0.221825,0,0,0,0.251224,0.725332,1.02048,0,0,0,2.21886,0,0,0,0,0.00103902,0,0,0.0275576,0,0,0.0285966,0,0,0,0,0,0,0,0,0,0,0,23.6343,311.638,0,0.000117589,0.004509,
5,22,3,0,0,0.221825,0,0,0,0.28472,0.725332,1.02048,0,0,0,2.25236,0,0,0,0,0.0015789,0,0,0.0275576,0,0,0.0291365,0,0,0,0,0,0,0,0,0,0,0,23.6248,311.638,0,0.000116906,0.004509,
5,22,4,0,0,0.221825,0,0,0,0.351715,0.718346,0.960451,0,0,0,2.25234,0,0,0,0,0.00143924,0,0,0.0259366,0,0,0.0273758,0,0,0,0,0,0,0,0,0,0,0,23.6352,311.638,0,0.000117086,0.004509,
5,22,5,0,0,0.221825,0,0,0,0.519197,0.732318,1.08051,0,0,0,2.55385,0,0,0,0,0.123864,0,0,0.0291787,0,0,0.153043,0,0,0,0,0,0,0,0,0,0,0,23.656,311.638,0,0.000117425,0.004509,
5,22,6,0,0,0.221825,0,0,0,0.703426,0.753275,1.26059,0,0,0,2.93912,0,0,0,0,0.337359,0,0,0.0340418,0,0,0.371401,0,0,0,0,0,0,0,0,0,0,0,23.6458,311.638,0,0.000116691,0.004509,
5,22,7,0,0,0.221825,0,0,0,0.686679,0.760261,1.32062,0,0,0,2.98939,0,0,0,0,0.301732,0,0,0.0356628,0,0,0.337395,0,0,0,0,0,0,0,0,0,0,0,20.4199,311.638,0,2.63564e-005,0.004509,
5,22,8,0,0,0.221825,0,0,0,0.56944,0.735811,1.11052,0,0,0,2.6376,0,0,0,0,0.543956,0,0,0.0299892,0,0,0.573945,0,0,0,0,0,0,0,0,0,0,0,18.2444,311.638,0,8.91191e-006,0.004509,
5,22,9,0,0.202131,0.221825,0,0,0,0.4857,0.718346,0.960451,0,0,0,2.58845,0,0,0,0,0.380815,0,0,0.0259366,0,0,0.406752,0,0,0,0,0,0,0,0,0,0,0,18.0703,311.638,0,3.71125e-006,0.004509,
5,22,10,0,0.988862,0.221825,0,0,0,0.452204,0.721839,0.990466,0,0,0,3.3752,0,0,0,0,0.409328,0,0,0.0267471,0,0,0.436075,0,0,0,0,0,0,0,0,0,0,0,17.9273,311.638,0,3.37481e-006,0.004509,
5,22,11,0,1.56587,0.221825,0,0,0,0.418708,0.721839,0.990466,0,0,0,3.9187,0,0,0,0,0.156825,0,0,0.0267471,0,0,0.183572,0,0,0,0,0,0,0,0,0,0,0,17.9319,311.638,0,3.40861e-006,0.004509,
5,22,12,0,2.13458,0.221825,0,0,0,0.351715,0.718346,0.960451,0,0,0,4.38691,0,0,0,0,0.219223,0,0,0.0259366,0,0,0.24516,0,0,0,0,0,0,0,0,0,0,0,18.02,311.638,0,5.36978e-006,0.004509,
5,22,13,0,2.96674,0.221825,0,0,0,0.351715,0.721839,0.990466,0,0,0,5.25258,0,0,0,0,0.0427562,0,0,0.0267471,0,0,0.0695033,0,0,0,0,0,0,0,0,0,0,0,17.9947,311.638,0,4.53982e-006,0.004509,
5,22,14,0,3.93797,0.221825,0,0,0,0.351715,0.728825,1.0505,0,0,0,6.29083,0,0,0,0,0.15417,0,0,0.0283681,0,0,0.182538,0,0,0,0,0,0,0,0,0,0,0,18.1523,311.638,0,3.78979e-006,0.004509,
5,22,15,0,4.89596,0.221825,0,0,0,0.435454,0.735811,1.11052,0,0,0,7.39957,0,0,0,0,0.0914061,0,0,0.0299892,0,0,0.121395,0,0,0,0,0,0,0,0,0,0,0,18.2583,311.638,0,7.47507e-006,0.004509,
5,22,16,0,6.27169,0.221825,0,0,0,0.519197,0.760261,1.32062,0,0,0,9.0936,0,0,0,0,0.201709,0,0,0.0356628,0,0,0.237372,0,0,0,0,0,0,0,0,0,0,0,18.5595,311.638,0,1.92479e-005,0.004509,
5,22,17,0,6.99903,0.221825,0,0,0,0.736923,0.791698,1.59075,0,0,0,10.3402,0,0,0,0,0.123169,0,0,0.0429574,0,0,0.166126,0,0,0,0,0,0,0,0,0,0,0,19.869,311.638,0,3.84115e-005,0.004509,
5,22,18,0,7.13773,0.221825,0,0,0,1.40685,0.809163,1.74082,0,0,0,11.3164,0,0,0,0,0.0498255,0,0,0.04701,0,0,0.0968355,0,0,0,0,0,0,0,0,0,0,0,24.2668,311.638,0,0.000135878,0.004509,
5,22,19,0,6.12156,0.221825,0,0,0,1.9763,0.816149,1.80085,0,0,0,10.9367,0,0,0,0,0.138881,0,0,0.0486311,0,0,0.187512,0,0,0,0,0,0,0,0,0,0,0,25.6458,311.638,0,0.000170814,0.004509,
5,22,20,0,4.49207,0.221825,0,0,0,1.89255,0.823135,1.86088,0.382647,0,0,9.6731,0,0,0,0,0.0247057,0,0,0.0502522,0,0,0.0749579,0,0,0,0,0,0,0,0,0,0,0,25.6318,311.638,0,0.000169233,0.004509,
5,22,21,0,3.23563,0.221825,0,0,0,1.60783,0.816149,1.80085,0.382647,0,0,8.06493,0,0,0,0,0.141684,0,0,0.0486311,0,0,0.190315,0,0,0,0,0,0,0,0,0,0,0,25.2285,311.638,0,0.000161533,0.004509,
5,22,22,0,1.93632,0.221825,0,0,0,1.05514,0.788205,1.56074,0.382647,0,0,5.94487,0,0,0,0,0.0521157,0,0,0.042147,0,0,0.0942627,0,0,0,0,0,0,0,0,0,0,0,24.4824,311.638,0,0.000143114,0.004509,
5,22,23,0,1.04391,0.221825,0,0,0,0.636433,0.763754,1.35064,0.382647,0,0,4.39921,0,0,0,0,0.259996,0,0,0.0364733,0,0,0.296469,0,0,0,0,0,0,0,0,0,0,0,23.9523,311.638,0,0.00012824,0.004509,
5,22,24,0,0.591312,0.221825,0,0,0,0.385211,0.735811,1.11052,0,0,0,3.04468,0,0,0,0,0.00297166,0,0,0.0299892,0,0,0.0329609,0,0,0,0,0,0,0,0,0,0,0,23.745,311.638,0,0.000123976,0.004509,
5,23,1,0,0.266768,0.221825,0,0,0,0.318218,0.728825,1.0505,0,0,0,2.58613,0,0,0,0,0,0,0,0.0283681,0,0,0.0283681,0,0,0,0,0,0,0,0,0,0,0,21.719,311.638,0,6.30318e-005,0.004509,
5,23,2,0,0.0284568,0.221825,0,0,0,0.251224,0.725332,1.02048,0,0,0,2.24732,0,0,0,0,0,0,0,0.0275576,0,0,0.0275576,0,0,0,0,0,0,0,0,0,0,0,21.6693,311.638,0,6.24027e-005,0.004509,
5,23,3,0,0,0.221825,0,0,0,0.28472,0.725332,1.02048,0,0,0,2.25236,0,0,0,0,0.0130423,0,0,0.0275576,0,0,0.0405999,0,0,0,0,0,0,0,0,0,0,0,21.6682,311.638,0,6.23472e-005,0.004509,
5,23,4,0,0,0.221825,0,0,0,0.351715,0.718346,0.960451,0,0,0,2.25234,0,0,0,0,0,0,0,0.0259366,0,0,0.0259366,0,0,0,0,0,0,0,0,0,0,0,21.6703,311.638,0,6.24643e-005,0.004509,
5,23,5,0,0,0.221825,0,0,0,0.519197,0.732318,1.08051,0,0,0,2.55385,0,0,0,0,0.140008,0,0,0.0291787,0,0,0.169187,0,0,0,0,0,0,0,0,0,0,0,21.6776,311.638,0,6.26506e-005,0.004509,
5,23,6,0,0,0.221825,0,0,0,0.703426,0.753275,1.26059,0,0,0,2.93912,0,0,0,0,0.0180494,0,0,0.0340418,0,0,0.0520912,0,0,0,0,0,0,0,0,0,0,0,21.6594,311.638,0,6.21736e-005,0.004509,
5,23,7,0,0,0.221825,0,0,0,0.686679,0.760261,1.32062,0,0,0,2.98939,0,0,0,0,0.129149,0,0,0.0356628,0,0,0.164812,0,0,0,0,0,0,0,0,0,0,0,19.3401,311.638,0,3.09146e-005,0.004509,
5,23,8,0,0.622419,0.221825,0,0,0,0.56944,0.735811,1.11052,0,0,0,3.26002,0,0,0,0,0.0905169,0,0,0.0299892,0,0,0.120506,0,0,0,0,0,0,0,0,0,0,0,17.7207,311.638,0,8.61747e-006,0.004509,
5,23,9,0,1.38292,0.221825,0,0,0,0.4857,0.718346,0.960451,0,0,0,3.76925,0,0,0,0,0.695133,0,0,0.0259366,0,0,0.72107,0,0,0,0,0,0,0,0,0,0,0,17.4064,311.638,0,2.22052e-006,0.004509,
5,23,10,0,2.05455,0.221825,0,0,0,0.452204,0.721839,0.990466,0,0,0,4.44088,0,0,0,0,0.37748,0,0,0.0267471,0,0,0.404227,0,0,0,0,0,0,0,0,0,0,0,17.3326,311.638,0,1.33457e-006,0.004509,
5,23,11,0,2.74455,0.221825,0,0,0,0.418708,0.721839,0.990466,0,0,0,5.09738,0,0,0,0,0.234304,0,0,0.0267471,0,0,0.261051,0,0,0,0,0,0,0,0,0,0,0,17.307,311.638,0,6.89162e-007,0.004509,
5,23,12,0,3.43692,0.221825,0,0,0,0.351715,0.718346,0.960451,0,0,0,5.68925,0,0,0,0,0.380212,0,0,0.0259366,0,0,0.406149,0,0,0,0,0,0,0,0,0,0,0,17.3016,311.638,0,7.73662e-007,0.004509,
5,23,13,0,4.4781,0.221825,0,0,0,0.351715,0.721839,0.990466,0,0,0,6.76395,0,0,0,0,0.0884668,0,0,0.0267471,0,0,0.115214,0,0,0,0,0,0,0,0,0,0,0,17.3834,311.638,0,7.50784e-007,0.004509,
5,23,14,0,5.89578,0.221825,0,0,0,0.351715,0.728825,1.0505,0,0,0,8.24864,0,0,0,0,0.194373,0,0,0.0283681,0,0,0.222741,0,0,0,0,0,0,0,0,0,0,0,17.4361,311.638,0,9.58413e-007,0.004509,
5,23,15,0,7.1778,0.221825,0,0,0,0.435454,0.735811,1.11052,0,0,0,9.68142,0,0,0,0,0.0466849,0,0,0.0299892,0,0,0.0766741,0,0,0,0,0,0,0,0,0,0,0,17.5728,311.638,0,1.5549e-006,0.004509,
5,23,16,0,7.46841,0.221825,0,0,0,0.519197,0.760261,1.32062,0,0,0,10.2903,0,0,0,0,0.0423,0,0,0.0356628,0,0,0.0779628,0,0,0,0,0,0,0,0,0,0,0,18.2407,311.638,0,2.4564e-006,0.004509,
5,23,17,0,7.48998,0.221825,0,0,0,0.736923,0.791698,1.59075,0,0,0,10.8312,0,0,0,0,0.280223,0,0,0.0429574,0,0,0.32318,0,0,0,0,0,0,0,0,0,0,0,18.6357,311.638,0,2.28594e-005,0.004509,
5,23,18,0,7.41299,0.221825,0,0,0,1.40685,0.809163,1.74082,0,0,0,11.5916,0,0,0,0,0.356442,0,0,0.04701,0,0,0.403452,0,0,0,0,0,0,0,0,0,0,0,20.9214,311.638,0,5.10029e-005,0.004509,
5,23,19,0,6.27917,0.221825,0,0,0,1.9763,0.816149,1.80085,0,0,0,11.0943,0,0,0,0,0.253415,0,0,0.0486311,0,0,0.302046,0,0,0,0,0,0,0,0,0,0,0,23.5538,311.638,0,0.000102685,0.004509,
5,23,20,0,4.35624,0.221825,0,0,0,1.89255,0.823135,1.86088,0.382647,0,0,9.53727,0,0,0,0,0.369797,0,0,0.0502522,0,0,0.420049,0,0,0,0,0,0,0,0,0,0,0,23.5778,311.638,0,0.000102615,0.004509,
5,23,21,0,2.95408,0.221825,0,0,0,1.60783,0.816149,1.80085,0.382647,0,0,7.78338,0,0,0,0,0.184423,0,0,0.0486311,0,0,0.233054,0,0,0,0,0,0,0,0,0,0,0,23.132,311.638,0,9.2246e-005,0.004509,
5,23,22,0,1.77016,0.221825,0,0,0,1.05514,0.788205,1.56074,0.382647,0,0,5.77871,0,0,0,0,0.0792425,0,0,0.042147,0,0,0.12139,0,0,0,0,0,0,0,0,0,0,0,22.5477,311.638,0,7.90399e-005,0.004509,
5,23,23,0,0.990777,0.221825,0,0,0,0.636433,0.763754,1.35064,0.382647,0,0,4.34607,0,0,0,0,0.0253661,0,0,0.0364733,0,0,0.0618394,0,0,0,0,0,0,0,0,0,0,0,22.091,311.638,0,6.77792e-005,0.004509,
5,23,24,0,0.704037,0.221825,0,0,0,0.385211,0.735811,1.11052,0,0,0,3.15741,0,0,0,0,0.00322074,0,0,0.0299892,0,0,0.0332099,0,0,0,0,0,0,0,0,0,0,0,21.785,311.638,0,6.3887e-005,0.004509,
5,24,1,0,0.570271,0.221825,0,0,0,0.318218,0.728825,1.0505,0,0,0,2.88963,0,0,0,0,0,0,0,0.0283681,0,0,0.0283681,0,0,0,0,0,0,0,0,0,0,0,21.8674,311.638,0,6.6408e-005,0.004509,
5,24,2,0,0.351749,0.221825,0,0,0,0.251224,0.725332,1.02048,0,0,0,2.57061,0,0,0,0,0,0,0,0.0275576,0,0,0.0275576,0,0,0,0,0,0,0,0,0,0,0,21.7806,311.638,0,6.54959e-005,0.004509,
5,24,3,0,0.0824988,0.221825,0,0,0,0.28472,0.725332,1.02048,0,0,0,2.33486,0,0,0,0,0,0,0,0.0275576,0,0,0.0275576,0,0,0,0,0,0,0,0,0,0,0,21.7819,311.638,0,6.55081e-005,0.004509,
5,24,4,0,0,0.221825,0,0,0,0.351715,0.718346,0.960451,0,0,0,2.25234,0,0,0,0,0,0,0,0.0259366,0,0,0.0259366,0,0,0,0,0,0,0,0,0,0,0,21.7837,311.638,0,6.55532e-005,0.004509,
5,24,5,0,0,0.221825,0,0,0,0.519197,0.732318,1.08051,0,0,0,2.55385,0,0,0,0,0.00269175,0,0,0.0291787,0,0,0.0318705,0,0,0,0,0,0,0,0,0,0,0,21.7855,311.638,0,6.56194e-005,0.004509,
5,24,6,0,0,0.221825,0,0,0,0.703426,0.753275,1.26059,0,0,0,2.93912,0,0,0,0,0.027769,0,0,0.0340418,0,0,0.0618108,0,0,0,0,0,0,0,0,0,0,0,21.7625,311.638,0,6.49979e-005,0.004509,
5,24,7,0,0.672677,0.221825,0,0,0,0.686679,0.760261,1.32062,0,0,0,3.66206,0,0,0,0,0.0309583,0,0,0.0356628,0,0,0.0666211,0,0,0,0,0,0,0,0,0,0,0,19.181,311.638,0,2.52803e-005,0.004509,
5,24,8,0,1.27674,0.221825,0,0,0,0.56944,0.735811,1.11052,0,0,0,3.91434,0,0,0,0,0.0236654,0,0,0.0299892,0,0,0.0536546,0,0,0,0,0,0,0,0,0,0,0,17.4079,311.638,0,1.22544e-006,0.004509,
5,24,9,0,1.67015,0.221825,0,0,0,0.4857,0.718346,0.960451,0,0,0,4.05647,0,0,0,0,0.336132,0,0,0.0259366,0,0,0.362069,0,0,0,0,0,0,0,0,0,0,0,16.9913,311.638,0,0,0.004509,
5,24,10,0,2.25898,0.221825,0,0,0,0.452204,0.721839,0.990466,0,0,0,4.64531,0,0,0,0,0.105295,0,0,0.0267471,0,0,0.132042,0,0,0,0,0,0,0,0,0,0,0,16.8941,311.638,0,0,0.004509,
5,24,11,0,2.89972,0.221825,0,0,0,0.418708,0.721839,0.990466,0,0,0,5.25256,0,0,0,0,0.406997,0,0,0.0267471,0,0,0.433744,0,0,0,0,0,0,0,0,0,0,0,16.9049,311.638,0,0,0.004509,
5,24,12,0,3.15309,0.221825,0,0,0,0.351715,0.718346,0.960451,0,0,0,5.40542,0,0,0,0,0.379868,0,0,0.0259366,0,0,0.405805,0,0,0,0,0,0,0,0,0,0,0,16.9763,311.638,0,0,0.004509,
5,24,13,0,3.47849,0.221825,0,0,0,0.351715,0.721839,0.990466,0,0,0,5.76434,0,0,0,0,0.139925,0,0,0.0267471,0,0,0.166672,0,0,0,0,0,0,0,0,0,0,0,17.1035,311.638,0,0,0.004509,
5,24,14,0,3.84103,0.221825,0,0,0,0.351715,0.728825,1.0505,0,0,0,6.19389,0,0,0,0,0.130203,0,0,0.0283681,0,0,0.158571,0,0,0,0,0,0,0,0,0,0,0,17.0624,311.638,0,0,0.004509,
5,24,15,0,4.24795,0.221825,0,0,0,0.435454,0.735811,1.11052,0,0,0,6.75156,0,0,0,0,0.0282226,0,0,0.0299892,0,0,0.0582118,0,0,0,0,0,0,0,0,0,0,0,16.9249,311.638,0,0,0.004509,
5,24,16,0,4.66472,0.221825,0,0,0,0.519197,0.760261,1.32062,0,0,0,7.48663,0,0,0,0,0.0524833,0,0,0.0356628,0,0,0.0881461,0,0,0,0,0,0,0,0,0,0,0,17.0286,311.638,0,0,0.004509,
5,24,17,0,4.85879,0.221825,0,0,0,0.736923,0.791698,1.59075,0,0,0,8.19999,0,0,0,0,0.0246598,0,0,0.0429574,0,0,0.0676172,0,0,0,0,0,0,0,0,0,0,0,17.5042,311.638,0,5.1133e-006,0.004509,
5,24,18,0,4.90958,0.221825,0,0,0,1.40685,0.809163,1.74082,0,0,0,9.08824,0,0,0,0,0.140078,0,0,0.04701,0,0,0.187088,0,0,0,0,0,0,0,0,0,0,0,20.0982,311.638,0,3.74366e-005,0.004509,
5,24,19,0,3.9142,0.221825,0,0,0,1.9763,0.816149,1.80085,0,0,0,8.72932,0,0,0,0,0.0596029,0,0,0.0486311,0,0,0.108234,0,0,0,0,0,0,0,0,0,0,0,21.6288,311.638,0,6.39672e-005,0.004509,
5,24,20,0,2.32918,0.221825,0,0,0,1.89255,0.823135,1.86088,0.382647,0,0,7.51021,0,0,0,0,0.157759,0,0,0.0502522,0,0,0.208011,0,0,0,0,0,0,0,0,0,0,0,21.6201,311.638,0,6.35017e-005,0.004509,
5,24,21,0,1.40226,0.221825,0,0,0,1.60783,0.816149,1.80085,0.382647,0,0,6.23156,0,0,0,0,0.084458,0,0,0.0486311,0,0,0.133089,0,0,0,0,0,0,0,0,0,0,0,21.5711,311.638,0,6.25037e-005,0.004509,
5,24,22,0,0.333888,0.221825,0,0,0,1.05514,0.788205,1.56074,0.382647,0,0,4.34244,0,0,0,0,0.0152975,0,0,0.042147,0,0,0.0574445,0,0,0,0,0,0,0,0,0,0,0,21.4625,311.638,0,6.08884e-005,0.004509,
5,24,23,0,0.24737,0.221825,0,0,0,0.636433,0.763754,1.35064,0.382647,0,0,3.60266,0,0,0,0,0.0111082,0,0,0.0364733,0,0,0.0475815,0,0,0,0,0,0,0,0,0,0,0,21.4123,311.638,0,5.63688e-005,0.004509,
5,24,24,0,0.0213569,0.221825,0,0,0,0.385211,0.735811,1.11052,0,0,0,2.47473,0,0,0,0,0.0176588,0,0,0.0299892,0,0,0.047648,0,0,0,0,0,0,0,0,0,0,0,21.3385,311.638,0,5.62344e-005,0.004509,
5,25,1,0,0,0.221825,0,0,0,0.318218,0.728825,1.0505,0,0,0,2.31936,0,0,0,0,0.00685122,0,0,0.0283681,0,0,0.0352193,0,0,0,0,0,0,0,0,0,0,0,21.7072,311.638,0,6.5038e-005,0.004509,
5,25,2,0,0,0.221825,0,0,0,0.251224,0.725332,1.02048,0,0,0,2.21886,0,0,0,0,0.000887374,0,0,0.0275576,0,0,0.028445,0,0,0,0,0,0,0,0,0,0,0,21.7041,311.638,0,6.5122e-005,0.004509,
5,25,3,0,0,0.221825,0,0,0,0.28472,0.725332,1.02048,0,0,0,2.25236,0,0,0,0,0.000577628,0,0,0.0275576,0,0,0.0281352,0,0,0,0,0,0,0,0,0,0,0,21.7029,311.638,0,6.53347e-005,0.004509,
5,25,4,0,0,0.221825,0,0,0,0.351715,0.718346,0.960451,0,0,0,2.25234,0,0,0,0,0.0166847,0,0,0.0259366,0,0,0.0426213,0,0,0,0,0,0,0,0,0,0,0,21.704,311.638,0,6.51381e-005,0.004509,
5,25,5,0,0,0.221825,0,0,0,0.519197,0.732318,1.08051,0,0,0,2.55385,0,0,0,0,0.322017,0,0,0.0291787,0,0,0.351196,0,0,0,0,0,0,0,0,0,0,0,21.7083,311.638,0,6.50871e-005,0.004509,
5,25,6,0,0,0.221825,0,0,0,0.703426,0.753275,1.26059,0,0,0,2.93912,0,0,0,0,0.240095,0,0,0.0340418,0,0,0.274137,0,0,0,0,0,0,0,0,0,0,0,21.6956,311.638,0,6.47875e-005,0.004509,
5,25,7,0,0,0.221825,0,0,0,0.686679,0.760261,1.32062,0,0,0,2.98939,0,0,0,0,0.461889,0,0,0.0356628,0,0,0.497552,0,0,0,0,0,0,0,0,0,0,0,18.8099,311.638,0,2.35439e-005,0.004509,
5,25,8,0,0,0.221825,0,0,0,0.56944,0.735811,1.11052,0,0,0,2.6376,0,0,0,0,0.205818,0,0,0.0299892,0,0,0.235807,0,0,0,0,0,0,0,0,0,0,0,17.2407,311.638,0,9.55784e-006,0.004509,
5,25,9,0,0,0.221825,0,0,0,0.4857,0.718346,0.960451,0,0,0,2.38632,0,0,0,0,0.381042,0,0,0.0259366,0,0,0.406979,0,0,0,0,0,0,0,0,0,0,0,16.9365,311.638,0,0,0.004509,
5,25,10,0,0,0.221825,0,0,0,0.452204,0.721839,0.990466,0,0,0,2.38633,0,0,0,0,0.308754,0,0,0.0267471,0,0,0.335501,0,0,0,0,0,0,0,0,0,0,0,16.4524,311.638,0,0,0.004509,
5,25,11,0,0,0.221825,0,0,0,0.418708,0.721839,0.990466,0,0,0,2.35284,0,0,0,0,0.28792,0,0,0.0267471,0,0,0.314667,0,0,0,0,0,0,0,0,0,0,0,16.3889,311.638,0,0,0.004509,
5,25,12,0,0,0.221825,0,0,0,0.351715,0.718346,0.960451,0,0,0,2.25234,0,0,0,0,0.201784,0,0,0.0259366,0,0,0.227721,0,0,0,0,0,0,0,0,0,0,0,16.567,311.638,0,0,0.004509,
5,25,13,0,0,0.221825,0,0,0,0.351715,0.721839,0.990466,0,0,0,2.28584,0,0,0,0,0.026714,0,0,0.0267471,0,0,0.0534611,0,0,0,0,0,0,0,0,0,0,0,16.3727,311.638,0,0,0.004509,
5,25,14,0,0,0.221825,0,0,0,0.351715,0.728825,1.0505,0,0,0,2.35286,0,0,0,0,0.134908,0,0,0.0283681,0,0,0.163276,0,0,0,0,0,0,0,0,0,0,0,16.5168,311.638,0,0,0.004509,
5,25,15,0,0,0.221825,0,0,0,0.435454,0.735811,1.11052,0,0,0,2.50361,0,0,0,0,0.34499,0,0,0.0299892,0,0,0.374979,0,0,0,0,0,0,0,0,0,0,0,16.372,311.638,0,0,0.004509,
5,25,16,0,0,0.221825,0,0,0,0.519197,0.760261,1.32062,0,0,0,2.8219,0,0,0,0,0.225814,0,0,0.0356628,0,0,0.261477,0,0,0,0,0,0,0,0,0,0,0,16.5174,311.638,0,0,0.004509,
5,25,17,0,0,0.221825,0,0,0,0.736923,0.791698,1.59075,0,0,0,3.3412,0,0,0,0,0.244307,0,0,0.0429574,0,0,0.287264,0,0,0,0,0,0,0,0,0,0,0,17.2249,311.638,0,0,0.004509,
5,25,18,0,0,0.221825,0,0,0,1.40685,0.809163,1.74082,0,0,0,4.17866,0,0,0,0,0.370225,0,0,0.04701,0,0,0.417235,0,0,0,0,0,0,0,0,0,0,0,19.49,311.638,0,3.30587e-005,0.004509,
5,25,19,0,0,0.221825,0,0,0,1.9763,0.816149,1.80085,0,0,0,4.81512,0,0,0,0,0.138236,0,0,0.0486311,0,0,0.186867,0,0,0,0,0,0,0,0,0,0,0,22.0599,311.638,0,7.1458e-005,0.004509,
5,25,20,0,0,0.221825,0,0,0,1.89255,0.823135,1.86088,0.382647,0,0,5.18104,0,0,0,0,0.183947,0,0,0.0502522,0,0,0.234199,0,0,0,0,0,0,0,0,0,0,0,22.0323,311.638,0,7.13076e-005,0.004509,
5,25,21,0,0,0.221825,0,0,0,1.60783,0.816149,1.80085,0.382647,0,0,4.8293,0,0,0,0,0.183991,0,0,0.0486311,0,0,0.232622,0,0,0,0,0,0,0,0,0,0,0,21.9187,311.638,0,7.01744e-005,0.004509,
5,25,22,0,0,0.221825,0,0,0,1.05514,0.788205,1.56074,0.382647,0,0,4.00855,0,0,0,0,0.25115,0,0,0.042147,0,0,0.293297,0,0,0,0,0,0,0,0,0,0,0,21.9106,311.638,0,6.90872e-005,0.004509,
5,25,23,0,0,0.221825,0,0,0,0.636433,0.763754,1.35064,0.382647,0,0,3.3553,0,0,0,0,0.079728,0,0,0.0364733,0,0,0.116201,0,0,0,0,0,0,0,0,0,0,0,21.8045,311.638,0,6.60157e-005,0.004509,
5,25,24,0,0,0.221825,0,0,0,0.385211,0.735811,1.11052,0,0,0,2.45337,0,0,0,0,0.0147172,0,0,0.0299892,0,0,0.0447064,0,0,0,0,0,0,0,0,0,0,0,21.7585,311.638,0,6.51031e-005,0.004509,
5,26,1,0,0,0.221825,0,0,0,0.318218,0.728825,1.0505,0,0,0,2.31936,0,0,0,0,0,0,0,0.0283681,0,0,0.0283681,0,0,0,0,0,0,0,0,0,0,0,21.6018,311.638,0,6.93101e-005,0.004509,
5,26,2,0,0,0.221825,0,0,0,0.251224,0.725332,1.02048,0,0,0,2.21886,0,0,0,0,0.00950459,0,0,0.0275576,0,0,0.0370622,0,0,0,0,0,0,0,0,0,0,0,21.6045,311.638,0,6.9572e-005,0.004509,
5,26,3,0,0,0.221825,0,0,0,0.28472,0.725332,1.02048,0,0,0,2.25236,0,0,0,0,0,0,0,0.0275576,0,0,0.0275576,0,0,0,0,0,0,0,0,0,0,0,21.6053,311.638,0,6.95902e-005,0.004509,
5,26,4,0,0,0.221825,0,0,0,0.351715,0.718346,0.960451,0,0,0,2.25234,0,0,0,0,0.000456242,0,0,0.0259366,0,0,0.0263928,0,0,0,0,0,0,0,0,0,0,0,21.6061,311.638,0,6.96278e-005,0.004509,
5,26,5,0,0,0.221825,0,0,0,0.519197,0.732318,1.08051,0,0,0,2.55385,0,0,0,0,0.00972352,0,0,0.0291787,0,0,0.0389022,0,0,0,0,0,0,0,0,0,0,0,21.6077,311.638,0,6.94067e-005,0.004509,
5,26,6,0,0,0.221825,0,0,0,0.703426,0.753275,1.26059,0,0,0,2.93912,0,0,0,0,0.15628,0,0,0.0340418,0,0,0.190322,0,0,0,0,0,0,0,0,0,0,0,21.5893,311.638,0,6.92272e-005,0.004509,
5,26,7,0,0,0.221825,0,0,0,0.686679,0.760261,1.32062,0,0,0,2.98939,0,0,0,0,0.364504,0,0,0.0356628,0,0,0.400167,0,0,0,0,0,0,0,0,0,0,0,20.2663,311.638,0,4.30013e-005,0.004509,
5,26,8,0,0,0.221825,0,0,0,0.56944,0.735811,1.11052,0,0,0,2.6376,0,0,0,0,0.415687,0,0,0.0299892,0,0,0.445676,0,0,0,0,0,0,0,0,0,0,0,18.2114,311.638,0,1.46651e-005,0.004509,
5,26,9,0,0,0.221825,0,0,0,0.4857,0.718346,0.960451,0,0,0,2.38632,0,0,0,0,0.460402,0,0,0.0259366,0,0,0.486339,0,0,0,0,0,0,0,0,0,0,0,17.2283,311.638,0,8.08985e-006,0.004509,
5,26,10,0,0,0.221825,0,0,0,0.452204,0.721839,0.990466,0,0,0,2.38633,0,0,0,0,0.15366,0,0,0.0267471,0,0,0.180407,0,0,0,0,0,0,0,0,0,0,0,16.9246,311.638,0,1.75508e-006,0.004509,
5,26,11,0,0,0.221825,0,0,0,0.418708,0.721839,0.990466,0,0,0,2.35284,0,0,0,0,0.131768,0,0,0.0267471,0,0,0.158515,0,0,0,0,0,0,0,0,0,0,0,16.9001,311.638,0,0,0.004509,
5,26,12,0,0,0.221825,0,0,0,0.351715,0.718346,0.960451,0,0,0,2.25234,0,0,0,0,0.116303,0,0,0.0259366,0,0,0.14224,0,0,0,0,0,0,0,0,0,0,0,16.8482,311.638,0,0,0.004509,
5,26,13,0,0,0.221825,0,0,0,0.351715,0.721839,0.990466,0,0,0,2.28584,0,0,0,0,0.0331549,0,0,0.0267471,0,0,0.059902,0,0,0,0,0,0,0,0,0,0,0,16.8232,311.638,0,0,0.004509,
5,26,14,0,0,0.221825,0,0,0,0.351715,0.728825,1.0505,0,0,0,2.35286,0,0,0,0,0.0983501,0,0,0.0283681,0,0,0.126718,0,0,0,0,0,0,0,0,0,0,0,16.85,311.638,0,0,0.004509,
5,26,15,0,0,0.221825,0,0,0,0.435454,0.735811,1.11052,0,0,0,2.50361,0,0,0,0,0.126295,0,0,0.0299892,0,0,0.156284,0,0,0,0,0,0,0,0,0,0,0,16.9364,311.638,0,0,0.004509,
5,26,16,0,0,0.221825,0,0,0,0.519197,0.760261,1.32062,0,0,0,2.8219,0,0,0,0,0.186574,0,0,0.0356628,0,0,0.222237,0,0,0,0,0,0,0,0,0,0,0,16.8429,311.638,0,0,0.004509,
5,26,17,0,0,0.221825,0,0,0,0.736923,0.791698,1.59075,0,0,0,3.3412,0,0,0,0,0.212749,0,0,0.0429574,0,0,0.255706,0,0,0,0,0,0,0,0,0,0,0,17.2417,311.638,0,1.76379e-006,0.004509,
5,26,18,0,0,0.221825,0,0,0,1.40685,0.809163,1.74082,0,0,0,4.17866,0,0,0,0,0.222995,0,0,0.04701,0,0,0.270005,0,0,0,0,0,0,0,0,0,0,0,19.7549,311.638,0,3.68809e-005,0.004509,
5,26,19,0,0,0.221825,0,0,0,1.9763,0.816149,1.80085,0,0,0,4.81512,0,0,0,0,0.0786503,0,0,0.0486311,0,0,0.127281,0,0,0,0,0,0,0,0,0,0,0,21.9781,311.638,0,7.722e-005,0.004509,
5,26,20,0,0,0.221825,0,0,0,1.89255,0.823135,1.86088,0.382647,0,0,5.18104,0,0,0,0,0.378937,0,0,0.0502522,0,0,0.429189,0,0,0,0,0,0,0,0,0,0,0,21.9364,311.638,0,7.6341e-005,0.004509,
5,26,21,0,0,0.221825,0,0,0,1.60783,0.816149,1.80085,0.382647,0,0,4.8293,0,0,0,0,0.21878,0,0,0.0486311,0,0,0.267411,0,0,0,0,0,0,0,0,0,0,0,21.8416,311.638,0,7.47796e-005,0.004509,
5,26,22,0,0,0.221825,0,0,0,1.05514,0.788205,1.56074,0.382647,0,0,4.00855,0,0,0,0,0.106171,0,0,0.042147,0,0,0.148318,0,0,0,0,0,0,0,0,0,0,0,21.7373,311.638,0,7.19962e-005,0.004509,
5,26,23,0,0,0.221825,0,0,0,0.636433,0.763754,1.35064,0.382647,0,0,3.3553,0,0,0,0,0.0673029,0,0,0.0364733,0,0,0.103776,0,0,0,0,0,0,0,0,0,0,0,21.7029,311.638,0,7.05675e-005,0.004509,
5,26,24,0,0,0.221825,0,0,0,0.385211,0.735811,1.11052,0,0,0,2.45337,0,0,0,0,0.000832049,0,0,0.0299892,0,0,0.0308212,0,0,0,0,0,0,0,0,0,0,0,21.639,311.638,0,6.99124e-005,0.004509,
5,27,1,0,0,0.221825,0,0,0,0.318218,0.728825,1.0505,0,0,0,2.31936,0,0,0,0,0.0363548,0,0,0.0283681,0,0,0.0647229,0,0,0,0,0,0,0,0,0,0,0,21.1254,311.638,0,6.35451e-005,0.004509,
5,27,2,0,0,0.221825,0,0,0,0.251224,0.725332,1.02048,0,0,0,2.21886,0,0,0,0,0.0268056,0,0,0.0275576,0,0,0.0543632,0,0,0,0,0,0,0,0,0,0,0,21.1178,311.638,0,6.35993e-005,0.004509,
5,27,3,0,0,0.221825,0,0,0,0.28472,0.725332,1.02048,0,0,0,2.25236,0,0,0,0,0.000533502,0,0,0.0275576,0,0,0.0280911,0,0,0,0,0,0,0,0,0,0,0,21.1184,311.638,0,6.36415e-005,0.004509,
5,27,4,0,0,0.221825,0,0,0,0.351715,0.718346,0.960451,0,0,0,2.25234,0,0,0,0,0.0051906,0,0,0.0259366,0,0,0.0311272,0,0,0,0,0,0,0,0,0,0,0,21.1207,311.638,0,6.36994e-005,0.004509,
5,27,5,0,0,0.221825,0,0,0,0.519197,0.732318,1.08051,0,0,0,2.55385,0,0,0,0,0.00658455,0,0,0.0291787,0,0,0.0357632,0,0,0,0,0,0,0,0,0,0,0,21.1291,311.638,0,6.3704e-005,0.004509,
5,27,6,0,0,0.221825,0,0,0,0.703426,0.753275,1.26059,0,0,0,2.93912,0,0,0,0,0.206563,0,0,0.0340418,0,0,0.240605,0,0,0,0,0,0,0,0,0,0,0,21.1096,311.638,0,6.35088e-005,0.004509,
5,27,7,0,0,0.221825,0,0,0,0.686679,0.760261,1.32062,0,0,0,2.98939,0,0,0,0,0.378673,0,0,0.0356628,0,0,0.414336,0,0,0,0,0,0,0,0,0,0,0,18.5587,311.638,0,2.23846e-005,0.004509,
5,27,8,0,0,0.221825,0,0,0,0.56944,0.735811,1.11052,0,0,0,2.6376,0,0,0,0,0.279147,0,0,0.0299892,0,0,0.309136,0,0,0,0,0,0,0,0,0,0,0,16.5195,311.638,0,0,0.004509,
5,27,9,0,0,0.221825,0,0,0,0.4857,0.718346,0.960451,0,0,0,2.38632,0,0,0,0,0.199115,0,0,0.0259366,0,0,0.225052,0,0,0,0,0,0,0,0,0,0,0,16.0209,311.638,0,0,0.004509,
5,27,10,0,0,0.221825,0,0,0,0.452204,0.721839,0.990466,0,0,0,2.38633,0,0,0,0,0.0172325,0,0,0.0267471,0,0,0.0439796,0,0,0,0,0,0,0,0,0,0,0,15.9343,311.638,0,0,0.004509,
5,27,11,0,0,0.221825,0,0,0,0.418708,0.721839,0.990466,0,0,0,2.35284,0,0,0,0,0.0409713,0,0,0.0267471,0,0,0.0677184,0,0,0,0,0,0,0,0,0,0,0,16.0382,311.638,0,0,0.004509,
5,27,12,0,0,0.221825,0,0,0,0.351715,0.718346,0.960451,0,0,0,2.25234,0,0,0,0,0.086007,0,0,0.0259366,0,0,0.111944,0,0,0,0,0,0,0,0,0,0,0,16.0487,311.638,0,0,0.004509,
5,27,13,0,0,0.221825,0,0,0,0.351715,0.721839,0.990466,0,0,0,2.28584,0,0,0,0,0.00882859,0,0,0.0267471,0,0,0.0355757,0,0,0,0,0,0,0,0,0,0,0,16.0039,311.638,0,0,0.004509,
5,27,14,0,0,0.221825,0,0,0,0.351715,0.728825,1.0505,0,0,0,2.35286,0,0,0,0,0.608226,0,0,0.0283681,0,0,0.636594,0,0,0,0,0,0,0,0,0,0,0,16.049,311.638,0,0,0.004509,
5,27,15,0,0,0.221825,0,0,0,0.435454,0.735811,1.11052,0,0,0,2.50361,0,0,0,0,0.135744,0,0,0.0299892,0,0,0.165733,0,0,0,0,0,0,0,0,0,0,0,15.9237,311.638,0,0,0.004509,
5,27,16,0,0,0.221825,0,0,0,0.519197,0.760261,1.32062,0,0,0,2.8219,0,0,0,0,0.236534,0,0,0.0356628,0,0,0.272197,0,0,0,0,0,0,0,0,0,0,0,15.9224,311.638,0,0,0.004509,
5,27,17,0,0,0.221825,0,0,0,0.736923,0.791698,1.59075,0,0,0,3.3412,0,0,0,0,0.122452,0,0,0.0429574,0,0,0.165409,0,0,0,0,0,0,0,0,0,0,0,16.407,311.638,0,0,0.004509,
5,27,18,0,0,0.221825,0,0,0,1.40685,0.809163,1.74082,0,0,0,4.17866,0,0,0,0,0.212026,0,0,0.04701,0,0,0.259036,0,0,0,0,0,0,0,0,0,0,0,19.187,311.638,0,3.21672e-005,0.004509,
5,27,19,0,0,0.221825,0,0,0,1.9763,0.816149,1.80085,0,0,0,4.81512,0,0,0,0,0.298956,0,0,0.0486311,0,0,0.347587,0,0,0,0,0,0,0,0,0,0,0,21.5183,311.638,0,7.06055e-005,0.004509,
5,27,20,0,0,0.221825,0,0,0,1.89255,0.823135,1.86088,0.382647,0,0,5.18104,0,0,0,0,0.227422,0,0,0.0502522,0,0,0.277674,0,0,0,0,0,0,0,0,0,0,0,21.4968,311.638,0,6.97298e-005,0.004509,
5,27,21,0,0,0.221825,0,0,0,1.60783,0.816149,1.80085,0.382647,0,0,4.8293,0,0,0,0,0.244303,0,0,0.0486311,0,0,0.292934,0,0,0,0,0,0,0,0,0,0,0,21.4113,311.638,0,6.83826e-005,0.004509,
5,27,22,0,0,0.221825,0,0,0,1.05514,0.788205,1.56074,0.382647,0,0,4.00855,0,0,0,0,0.196415,0,0,0.042147,0,0,0.238562,0,0,0,0,0,0,0,0,0,0,0,21.3577,311.638,0,6.65034e-005,0.004509,
5,27,23,0,0,0.221825,0,0,0,0.636433,0.763754,1.35064,0.382647,0,0,3.3553,0,0,0,0,0.00529232,0,0,0.0364733,0,0,0.0417656,0,0,0,0,0,0,0,0,0,0,0,21.3092,311.638,0,6.57329e-005,0.004509,
5,27,24,0,0,0.221825,0,0,0,0.385211,0.735811,1.11052,0,0,0,2.45337,0,0,0,0,0.0171706,0,0,0.0299892,0,0,0.0471598,0,0,0,0,0,0,0,0,0,0,0,21.2964,311.638,0,6.53234e-005,0.004509,
5,28,1,0,0,0.221825,0,0,0,0.318218,0.728825,1.0505,0,0,0,2.31936,0,0,0,0,0.000590394,0,0,0.0283681,0,0,0.0289585,0,0,0,0,0,0,0,0,0,0,0,21.3373,311.638,0,6.71238e-005,0.004509,
5,28,2,0,0,0.221825,0,0,0,0.251224,0.725332,1.02048,0,0,0,2.21886,0,0,0,0,0.000882763,0,0,0.0275576,0,0,0.0284404,0,0,0,0,0,0,0,0,0,0,0,21.3237,311.638,0,6.68492e-005,0.004509,
5,28,3,0,0,0.221825,0,0,0,0.28472,0.725332,1.02048,0,0,0,2.25236,0,0,0,0,0,0,0,0.0275576,0,0,0.0275576,0,0,0,0,0,0,0,0,0,0,0,21.3249,311.638,0,6.687e-005,0.004509,
5,28,4,0,0,0.221825,0,0,0,0.351715,0.718346,0.960451,0,0,0,2.25234,0,0,0,0,0,0,0,0.0259366,0,0,0.0259366,0,0,0,0,0,0,0,0,0,0,0,21.3263,311.638,0,6.69214e-005,0.004509,
5,28,5,0,0,0.221825,0,0,0,0.519197,0.732318,1.08051,0,0,0,2.55385,0,0,0,0,0.0095773,0,0,0.0291787,0,0,0.038756,0,0,0,0,0,0,0,0,0,0,0,21.3507,311.638,0,6.73723e-005,0.004509,
5,28,6,0,0,0.221825,0,0,0,0.703426,0.753275,1.26059,0,0,0,2.93912,0,0,0,0,0.125909,0,0,0.0340418,0,0,0.159951,0,0,0,0,0,0,0,0,0,0,0,21.2873,311.638,0,6.63906e-005,0.004509,
5,28,7,0,0,0.221825,0,0,0,0.686679,0.760261,1.32062,0,0,0,2.98939,0,0,0,0,0.380327,0,0,0.0356628,0,0,0.41599,0,0,0,0,0,0,0,0,0,0,0,18.6247,311.638,0,1.90882e-005,0.004509,
5,28,8,0,0,0.221825,0,0,0,0.56944,0.735811,1.11052,0,0,0,2.6376,0,0,0,0,0.675922,0,0,0.0299892,0,0,0.705911,0,0,0,0,0,0,0,0,0,0,0,16.5869,311.638,0,0,0.004509,
5,28,9,0,0,0.221825,0,0,0,0.4857,0.718346,0.960451,0,0,0,2.38632,0,0,0,0,0.091931,0,0,0.0259366,0,0,0.117868,0,0,0,0,0,0,0,0,0,0,0,16.0895,311.638,0,0,0.004509,
5,28,10,0,0,0.221825,0,0,0,0.452204,0.721839,0.990466,0,0,0,2.38633,0,0,0,0,0.0928393,0,0,0.0267471,0,0,0.119586,0,0,0,0,0,0,0,0,0,0,0,15.9713,311.638,0,0,0.004509,
5,28,11,0,0,0.221825,0,0,0,0.418708,0.721839,0.990466,0,0,0,2.35284,0,0,0,0,0.045842,0,0,0.0267471,0,0,0.0725891,0,0,0,0,0,0,0,0,0,0,0,16.1819,311.638,0,0,0.004509,
5,28,12,0,0,0.221825,0,0,0,0.351715,0.718346,0.960451,0,0,0,2.25234,0,0,0,0,0.118955,0,0,0.0259366,0,0,0.144892,0,0,0,0,0,0,0,0,0,0,0,16.1256,311.638,0,0,0.004509,
5,28,13,0,0,0.221825,0,0,0,0.351715,0.721839,0.990466,0,0,0,2.28584,0,0,0,0,0.0660433,0,0,0.0267471,0,0,0.0927904,0,0,0,0,0,0,0,0,0,0,0,16.1478,311.638,0,0,0.004509,
5,28,14,0,0,0.221825,0,0,0,0.351715,0.728825,1.0505,0,0,0,2.35286,0,0,0,0,0.114271,0,0,0.0283681,0,0,0.142639,0,0,0,0,0,0,0,0,0,0,0,16.1431,311.638,0,0,0.004509,
5,28,15,0,0.488897,0.221825,0,0,0,0.435454,0.735811,1.11052,0,0,0,2.99251,0,0,0,0,0.121567,0,0,0.0299892,0,0,0.151556,0,0,0,0,0,0,0,0,0,0,0,16.0268,311.638,1.15878e-014,0,0.004509,
5,28,16,0,1.8147,0.221825,0,0,0,0.519197,0.760261,1.32062,0,0,0,4.6366,0,0,0,0,0.108778,0,0,0.0356628,0,0,0.144441,0,0,0,0,0,0,0,0,0,0,0,16.1331,311.638,3.58981e-013,0,0.004509,
5,28,17,0,2.5508,0.221825,0,0,0,0.736923,0.791698,1.59075,0,0,0,5.892,0,0,0,0,0.0721731,0,0,0.0429574,0,0,0.115131,0,0,0,0,0,0,0,0,0,0,0,16.8963,311.638,2.92737e-010,1.81156e-006,0.004509,
5,28,18,0,3.05331,0.221825,0,0,0,1.40685,0.809163,1.74082,0,0,0,7.23198,0,0,0,0,0.194708,0,0,0.04701,0,0,0.241718,0,0,0,0,0,0,0,0,0,0,0,20.0202,311.638,2.4832e-010,3.75666e-005,0.004509,
5,28,19,0,2.79649,0.221825,0,0,0,1.9763,0.816149,1.80085,0,0,0,7.61161,0,0,0,0,0.0729227,0,0,0.0486311,0,0,0.121554,0,0,0,0,0,0,0,0,0,0,0,21.8182,311.638,6.42395e-007,7.19537e-005,0.004509,
5,28,20,0,2.05539,0.221825,0,0,0,1.89255,0.823135,1.86088,0.382647,0,0,7.23643,0,0,0,0,0.0751957,0,0,0.0502522,0,0,0.125448,0,0,0,0,0,0,0,0,0,0,0,21.7759,311.638,6.66471e-006,7.1481e-005,0.004509,
5,28,21,0,1.42005,0.221825,0,0,0,1.60783,0.816149,1.80085,0.382647,0,0,6.24935,0,0,0,0,0.220938,0,0,0.0486311,0,0,0.269569,0,0,0,0,0,0,0,0,0,0,0,21.759,311.638,6.36198e-010,7.0737e-005,0.004509,
5,28,22,0,0.88029,0.221825,0,0,0,1.05514,0.788205,1.56074,0.382647,0,0,4.88884,0,0,0,0,0.0223773,0,0,0.042147,0,0,0.0645243,0,0,0,0,0,0,0,0,0,0,0,21.6789,311.638,0,6.80871e-005,0.004509,
5,28,23,0,0.367787,0.221825,0,0,0,0.636433,0.763754,1.35064,0.382647,0,0,3.72308,0,0,0,0,0.0226933,0,0,0.0364733,0,0,0.0591666,0,0,0,0,0,0,0,0,0,0,0,21.5581,311.638,0,6.70131e-005,0.004509,
5,28,24,0,0.0248266,0.221825,0,0,0,0.385211,0.735811,1.11052,0,0,0,2.4782,0,0,0,0,0,0,0,0.0299892,0,0,0.0299892,0,0,0,0,0,0,0,0,0,0,0,21.5452,311.638,0,6.6554e-005,0.004509,
5,29,1,0,0,0.221825,0,0,0,0.318218,0.728825,1.0505,0,0,0,2.31936,0,0,0,0,0.0352646,0,0,0.0283681,0,0,0.0636327,0,0,0,0,0,0,0,0,0,0,0,21.5139,311.638,0,6.95154e-005,0.004509,
5,29,2,0,0,0.221825,0,0,0,0.251224,0.725332,1.02048,0,0,0,2.21886,0,0,0,0,0.0169544,0,0,0.0275576,0,0,0.044512,0,0,0,0,0,0,0,0,0,0,0,21.5194,311.638,0,6.91248e-005,0.004509,
5,29,3,0,0,0.221825,0,0,0,0.28472,0.725332,1.02048,0,0,0,2.25236,0,0,0,0,0,0,0,0.0275576,0,0,0.0275576,0,0,0,0,0,0,0,0,0,0,0,21.5204,311.638,0,6.92567e-005,0.004509,
5,29,4,0,0,0.221825,0,0,0,0.351715,0.718346,0.960451,0,0,0,2.25234,0,0,0,0,0.000692362,0,0,0.0259366,0,0,0.026629,0,0,0,0,0,0,0,0,0,0,0,21.5252,311.638,0,6.94022e-005,0.004509,
5,29,5,0,0,0.221825,0,0,0,0.519197,0.732318,1.08051,0,0,0,2.55385,0,0,0,0,0.00721522,0,0,0.0291787,0,0,0.0363939,0,0,0,0,0,0,0,0,0,0,0,21.5322,311.638,0,6.94309e-005,0.004509,
5,29,6,0,0,0.221825,0,0,0,0.703426,0.753275,1.26059,0,0,0,2.93912,0,0,0,0,0.0631296,0,0,0.0340418,0,0,0.0971714,0,0,0,0,0,0,0,0,0,0,0,21.4937,311.638,0,6.88567e-005,0.004509,
5,29,7,0,0,0.221825,0,0,0,0.686679,0.760261,1.32062,0,0,0,2.98939,0,0,0,0,0.495244,0,0,0.0356628,0,0,0.530907,0,0,0,0,0,0,0,0,0,0,0,19.1225,311.638,0,2.27399e-005,0.004509,
5,29,8,0,0,0.221825,0,0,0,0.56944,0.735811,1.11052,0,0,0,2.6376,0,0,0,0,0.0703002,0,0,0.0299892,0,0,0.100289,0,0,0,0,0,0,0,0,0,0,0,17.0462,311.638,0,1.01925e-006,0.004509,
5,29,9,0,0,0.221825,0,0,0,0.4857,0.718346,0.960451,0,0,0,2.38632,0,0,0,0,0.222874,0,0,0.0259366,0,0,0.248811,0,0,0,0,0,0,0,0,0,0,0,16.271,311.638,0,0,0.004509,
5,29,10,0,0.481414,0.221825,0,0,0,0.452204,0.721839,0.990466,0,0,0,2.86775,0,0,0,0,0.128329,0,0,0.0267471,0,0,0.155076,0,0,0,0,0,0,0,0,0,0,0,16.1689,311.638,0,0,0.004509,
5,29,11,0,1.36943,0.221825,0,0,0,0.418708,0.721839,0.990466,0,0,0,3.72227,0,0,0,0,0.00726728,0,0,0.0267471,0,0,0.0340144,0,0,0,0,0,0,0,0,0,0,0,16.3701,311.638,0,0,0.004509,
5,29,12,0,1.99288,0.221825,0,0,0,0.351715,0.718346,0.960451,0,0,0,4.24522,0,0,0,0,0.0230354,0,0,0.0259366,0,0,0.048972,0,0,0,0,0,0,0,0,0,0,0,16.249,311.638,0,0,0.004509,
5,29,13,0,2.58684,0.221825,0,0,0,0.351715,0.721839,0.990466,0,0,0,4.87268,0,0,0,0,0.00858808,0,0,0.0267471,0,0,0.0353352,0,0,0,0,0,0,0,0,0,0,0,16.393,311.638,0,0,0.004509,
5,29,14,0,3.45958,0.221825,0,0,0,0.351715,0.728825,1.0505,0,0,0,5.81244,0,0,0,0,0.288591,0,0,0.0283681,0,0,0.316959,0,0,0,0,0,0,0,0,0,0,0,16.3581,311.638,0,0,0.004509,
5,29,15,0,4.66894,0.221825,0,0,0,0.435454,0.735811,1.11052,0,0,0,7.17256,0,0,0,0,0.151107,0,0,0.0299892,0,0,0.181096,0,0,0,0,0,0,0,0,0,0,0,16.2778,311.638,0,0,0.004509,
5,29,16,0,5.68295,0.221825,0,0,0,0.519197,0.760261,1.32062,0,0,0,8.50486,0,0,0,0,0.0458538,0,0,0.0356628,0,0,0.0815166,0,0,0,0,0,0,0,0,0,0,0,16.2853,311.638,0,0,0.004509,
5,29,17,0,6.09411,0.221825,0,0,0,0.736923,0.791698,1.59075,0,0,0,9.43531,0,0,0,0,0.0537195,0,0,0.0429574,0,0,0.0966769,0,0,0,0,0,0,0,0,0,0,0,17.8199,311.638,0,1.36131e-005,0.004509,
5,29,18,0,6.19341,0.221825,0,0,0,1.40685,0.809163,1.74082,0,0,0,10.3721,0,0,0,0,0.08048,0,0,0.04701,0,0,0.12749,0,0,0,0,0,0,0,0,0,0,0,21.2109,311.638,0,6.3998e-005,0.004509,
5,29,19,0,5.09687,0.221825,0,0,0,1.9763,0.816149,1.80085,0,0,0,9.91199,0,0,0,0,0.178116,0,0,0.0486311,0,0,0.226747,0,0,0,0,0,0,0,0,0,0,0,22.2995,311.638,0,8.06011e-005,0.004509,
5,29,20,0,3.36326,0.221825,0,0,0,1.89255,0.823135,1.86088,0.382647,0,0,8.5443,0,0,0,0,0.0584604,0,0,0.0502522,0,0,0.108713,0,0,0,0,0,0,0,0,0,0,0,22.2383,311.638,0,7.97918e-005,0.004509,
5,29,21,0,2.11651,0.221825,0,0,0,1.60783,0.816149,1.80085,0.382647,0,0,6.94581,0,0,0,0,0.103554,0,0,0.0486311,0,0,0.152185,0,0,0,0,0,0,0,0,0,0,0,22.1216,311.638,0,7.72342e-005,0.004509,
5,29,22,0,1.14634,0.221825,0,0,0,1.05514,0.788205,1.56074,0.382647,0,0,5.15489,0,0,0,0,0.204384,0,0,0.042147,0,0,0.246531,0,0,0,0,0,0,0,0,0,0,0,21.8616,311.638,0,7.31579e-005,0.004509,
5,29,23,0,0.668443,0.221825,0,0,0,0.636433,0.763754,1.35064,0.382647,0,0,4.02374,0,0,0,0,0.0362579,0,0,0.0364733,0,0,0.0727312,0,0,0,0,0,0,0,0,0,0,0,21.8464,311.638,0,7.14714e-005,0.004509,
5,29,24,0,0.329004,0.221825,0,0,0,0.385211,0.735811,1.11052,0,0,0,2.78238,0,0,0,0,0.0455166,0,0,0.0299892,0,0,0.0755058,0,0,0,0,0,0,0,0,0,0,0,21.7712,311.638,0,7.0438e-005,0.004509,
5,30,1,0,0.0736531,0.221825,0,0,0,0.318218,0.728825,1.0505,0,0,0,2.39302,0,0,0,0,0.000480214,0,0,0.0283681,0,0,0.0288483,0,0,0,0,0,0,0,0,0,0,0,21.7983,311.638,0,7.16357e-005,0.004509,
5,30,2,0,0,0.221825,0,0,0,0.251224,0.725332,1.02048,0,0,0,2.21886,0,0,0,0,0,0,0,0.0275576,0,0,0.0275576,0,0,0,0,0,0,0,0,0,0,0,21.798,311.638,0,7.16419e-005,0.004509,
5,30,3,0,0,0.221825,0,0,0,0.28472,0.725332,1.02048,0,0,0,2.25236,0,0,0,0,0,0,0,0.0275576,0,0,0.0275576,0,0,0,0,0,0,0,0,0,0,0,21.7987,311.638,0,7.16617e-005,0.004509,
5,30,4,0,0,0.221825,0,0,0,0.351715,0.718346,0.960451,0,0,0,2.25234,0,0,0,0,0.000281758,0,0,0.0259366,0,0,0.0262184,0,0,0,0,0,0,0,0,0,0,0,21.7999,311.638,0,7.17071e-005,0.004509,
5,30,5,0,0,0.221825,0,0,0,0.519197,0.732318,1.08051,0,0,0,2.55385,0,0,0,0,0.00370209,0,0,0.0291787,0,0,0.0328808,0,0,0,0,0,0,0,0,0,0,0,21.8134,311.638,0,7.21856e-005,0.004509,
5,30,6,0,0,0.221825,0,0,0,0.703426,0.753275,1.26059,0,0,0,2.93912,0,0,0,0,0.0148412,0,0,0.0340418,0,0,0.048883,0,0,0,0,0,0,0,0,0,0,0,21.7869,311.638,0,7.17627e-005,0.004509,
5,30,7,0,0,0.221825,0,0,0,0.686679,0.760261,1.32062,0,0,0,2.98939,0,0,0,0,0.0235349,0,0,0.0356628,0,0,0.0591977,0,0,0,0,0,0,0,0,0,0,0,19.9856,311.638,0,4.4752e-005,0.004509,
5,30,8,0,0,0.221825,0,0,0,0.56944,0.735811,1.11052,0,0,0,2.6376,0,0,0,0,0.126217,0,0,0.0299892,0,0,0.156206,0,0,0,0,0,0,0,0,0,0,0,17.2105,311.638,0,3.28332e-006,0.004509,
5,30,9,0,0.47191,0.221825,0,0,0,0.4857,0.718346,0.960451,0,0,0,2.85823,0,0,0,0,0.392763,0,0,0.0259366,0,0,0.4187,0,0,0,0,0,0,0,0,0,0,0,16.4485,311.638,0,0,0.004509,
5,30,10,0,1.2631,0.221825,0,0,0,0.452204,0.721839,0.990466,0,0,0,3.64943,0,0,0,0,0.242415,0,0,0.0267471,0,0,0.269162,0,0,0,0,0,0,0,0,0,0,0,16.4296,311.638,0,0,0.004509,
5,30,11,0,1.80049,0.221825,0,0,0,0.418708,0.721839,0.990466,0,0,0,4.15332,0,0,0,0,0.115532,0,0,0.0267471,0,0,0.142279,0,0,0,0,0,0,0,0,0,0,0,16.6356,311.638,0,0,0.004509,
5,30,12,0,2.37876,0.221825,0,0,0,0.351715,0.718346,0.960451,0,0,0,4.63109,0,0,0,0,0.167428,0,0,0.0259366,0,0,0.193365,0,0,0,0,0,0,0,0,0,0,0,16.4922,311.638,0,0,0.004509,
5,30,13,0,3.46977,0.221825,0,0,0,0.351715,0.721839,0.990466,0,0,0,5.75562,0,0,0,0,0.268871,0,0,0.0267471,0,0,0.295618,0,0,0,0,0,0,0,0,0,0,0,16.6301,311.638,0,0,0.004509,
5,30,14,0,4.50508,0.221825,0,0,0,0.351715,0.728825,1.0505,0,0,0,6.85794,0,0,0,0,0.15186,0,0,0.0283681,0,0,0.180228,0,0,0,0,0,0,0,0,0,0,0,16.6395,311.638,0,0,0.004509,
5,30,15,0,5.25444,0.221825,0,0,0,0.435454,0.735811,1.11052,0,0,0,7.75805,0,0,0,0,0.0391673,0,0,0.0299892,0,0,0.0691565,0,0,0,0,0,0,0,0,0,0,0,16.4812,311.638,0,0,0.004509,
5,30,16,0,5.8854,0.221825,0,0,0,0.519197,0.760261,1.32062,0,0,0,8.7073,0,0,0,0,0.035405,0,0,0.0356628,0,0,0.0710678,0,0,0,0,0,0,0,0,0,0,0,16.6671,311.638,0,0,0.004509,
5,30,17,0,6.28064,0.221825,0,0,0,0.736923,0.791698,1.59075,0,0,0,9.62184,0,0,0,0,0.00663587,0,0,0.0429574,0,0,0.0495933,0,0,0,0,0,0,0,0,0,0,0,17.9591,311.638,0,1.32583e-005,0.004509,
5,30,18,0,6.30381,0.221825,0,0,0,1.40685,0.809163,1.74082,0,0,0,10.4825,0,0,0,0,0.137135,0,0,0.04701,0,0,0.184145,0,0,0,0,0,0,0,0,0,0,0,22.1541,311.638,0,7.3606e-005,0.004509,
5,30,19,0,5.16596,0.221825,0,0,0,1.9763,0.816149,1.80085,0,0,0,9.98108,0,0,0,0,0.0261657,0,0,0.0486311,0,0,0.0747968,0,0,0,0,0,0,0,0,0,0,0,23.6872,311.638,0,9.7797e-005,0.004509,
5,30,20,0,3.56088,0.221825,0,0,0,1.89255,0.823135,1.86088,0.382647,0,0,8.74191,0,0,0,0,0.125754,0,0,0.0502522,0,0,0.176006,0,0,0,0,0,0,0,0,0,0,0,23.6521,311.638,0,9.73236e-005,0.004509,
5,30,21,0,2.40344,0.221825,0,0,0,1.60783,0.816149,1.80085,0.382647,0,0,7.23274,0,0,0,0,0.302007,0,0,0.0486311,0,0,0.350638,0,0,0,0,0,0,0,0,0,0,0,23.5406,311.638,0,9.53524e-005,0.004509,
5,30,22,0,1.27306,0.221825,0,0,0,1.05514,0.788205,1.56074,0.382647,0,0,5.28161,0,0,0,0,0.0541847,0,0,0.042147,0,0,0.0963317,0,0,0,0,0,0,0,0,0,0,0,23.333,311.638,0,9.1084e-005,0.004509,
5,30,23,0,0.654472,0.221825,0,0,0,0.636433,0.763754,1.35064,0.382647,0,0,4.00977,0,0,0,0,0.00314541,0,0,0.0364733,0,0,0.0396187,0,0,0,0,0,0,0,0,0,0,0,23.2807,311.638,0,8.88046e-005,0.004509,
5,30,24,0,0.361061,0.221825,0,0,0,0.385211,0.735811,1.11052,0,0,0,2.81443,0,0,0,0,0.0494951,0,0,0.0299892,0,0,0.0794843,0,0,0,0,0,0,0,0,0,0,0,23.2394,311.638,0,8.85363e-005,0.004509,
5,31,1,0,0.20046,0.221825,0,0,0,0.318218,0.728825,1.0505,0,0,0,2.51982,0,0,0,0,0,0,0,0.0283681,0,0,0.0283681,0,0,0,0,0,0,0,0,0,0,0,23.5977,311.638,0,0.000108361,0.004509,
5,31,2,0,0.018611,0.221825,0,0,0,0.251224,0.725332,1.02048,0,0,0,2.23747,0,0,0,0,0.0269377,0,0,0.0275576,0,0,0.0544953,0,0,0,0,0,0,0,0,0,0,0,23.5978,311.638,0,0.000108441,0.004509,
5,31,3,0,0,0.221825,0,0,0,0.28472,0.725332,1.02048,0,0,0,2.25236,0,0,0,0,0.0182174,0,0,0.0275576,0,0,0.045775,0,0,0,0,0,0,0,0,0,0,0,23.5988,311.638,0,0.00010846,0.004509,
5,31,4,0,0,0.221825,0,0,0,0.351715,0.718346,0.960451,0,0,0,2.25234,0,0,0,0,0.000280498,0,0,0.0259366,0,0,0.0262171,0,0,0,0,0,0,0,0,0,0,0,23.6002,311.638,0,0.000108532,0.004509,
5,31,5,0,0,0.221825,0,0,0,0.519197,0.732318,1.08051,0,0,0,2.55385,0,0,0,0,0.00191787,0,0,0.0291787,0,0,0.0310966,0,0,0,0,0,0,0,0,0,0,0,23.6009,311.638,0,0.000108577,0.004509,
5,31,6,0,0,0.221825,0,0,0,0.703426,0.753275,1.26059,0,0,0,2.93912,0,0,0,0,0.00212467,0,0,0.0340418,0,0,0.0361665,0,0,0,0,0,0,0,0,0,0,0,23.5751,311.638,0,0.000107983,0.004509,
5,31,7,0,0,0.221825,0,0,0,0.686679,0.760261,1.32062,0,0,0,2.98939,0,0,0,0,0.0139308,0,0,0.0356628,0,0,0.0495936,0,0,0,0,0,0,0,0,0,0,0,23.3809,311.638,0,0.000105847,0.004509,
5,31,8,0,0,0.221825,0,0,0,0.56944,0.735811,1.11052,0,0,0,2.6376,0,0,0,0,0.055472,0,0,0.0299892,0,0,0.0854612,0,0,0,0,0,0,0,0,0,0,0,20.0827,311.638,0,2.50718e-005,0.004509,
5,31,9,0,0,0.221825,0,0,0,0.4857,0.718346,0.960451,0,0,0,2.38632,0,0,0,0,0.243397,0,0,0.0259366,0,0,0.269334,0,0,0,0,0,0,0,0,0,0,0,18.135,311.638,0,2.89138e-006,0.004509,
5,31,10,0,0,0.221825,0,0,0,0.452204,0.721839,0.990466,0,0,0,2.38633,0,0,0,0,0.0335528,0,0,0.0267471,0,0,0.0602999,0,0,0,0,0,0,0,0,0,0,0,17.7928,311.638,0,0,0.004509,
5,31,11,0,0.192383,0.221825,0,0,0,0.418708,0.721839,0.990466,0,0,0,2.54522,0,0,0,0,0.100859,0,0,0.0267471,0,0,0.127606,0,0,0,0,0,0,0,0,0,0,0,17.7635,311.638,0,0,0.004509,
5,31,12,0,0.507688,0.221825,0,0,0,0.351715,0.718346,0.960451,0,0,0,2.76002,0,0,0,0,0.0633593,0,0,0.0259366,0,0,0.0892959,0,0,0,0,0,0,0,0,0,0,0,17.8761,311.638,0,5.27682e-007,0.004509,
5,31,13,0,0.724352,0.221825,0,0,0,0.351715,0.721839,0.990466,0,0,0,3.0102,0,0,0,0,0.182437,0,0,0.0267471,0,0,0.209184,0,0,0,0,0,0,0,0,0,0,0,17.7608,311.638,0,7.08916e-007,0.004509,
5,31,14,0,1.01305,0.221825,0,0,0,0.351715,0.728825,1.0505,0,0,0,3.36591,0,0,0,0,0.0490506,0,0,0.0283681,0,0,0.0774187,0,0,0,0,0,0,0,0,0,0,0,17.7767,311.638,0,0,0.004509,
5,31,15,0,1.30814,0.221825,0,0,0,0.435454,0.735811,1.11052,0,0,0,3.81176,0,0,0,0,0.0293362,0,0,0.0299892,0,0,0.0593254,0,0,0,0,0,0,0,0,0,0,0,18.0121,311.638,0,0,0.004509,
5,31,16,0,1.35038,0.221825,0,0,0,0.519197,0.760261,1.32062,0,0,0,4.17229,0,0,0,0,0.0188902,0,0,0.0356628,0,0,0.054553,0,0,0,0,0,0,0,0,0,0,0,18.0127,311.638,0,1.67442e-006,0.004509,
5,31,17,0,1.35874,0.221825,0,0,0,0.736923,0.791698,1.59075,0,0,0,4.69994,0,0,0,0,0.00323134,0,0,0.0429574,0,0,0.0461887,0,0,0,0,0,0,0,0,0,0,0,18.6118,311.638,0,1.74124e-005,0.004509,
5,31,18,0,1.44246,0.221825,0,0,0,1.40685,0.809163,1.74082,0,0,0,5.62112,0,0,0,0,0.241904,0,0,0.04701,0,0,0.288914,0,0,0,0,0,0,0,0,0,0,0,21.9451,311.638,0,6.97216e-005,0.004509,
5,31,19,0,1.37815,0.221825,0,0,0,1.9763,0.816149,1.80085,0,0,0,6.19327,0,0,0,0,0.0235787,0,0,0.0486311,0,0,0.0722098,0,0,0,0,0,0,0,0,0,0,0,23.9486,311.638,0,0.00011696,0.004509,
5,31,20,0,0.214162,0.221825,0,0,0,1.89255,0.823135,1.86088,0.382647,0,0,5.3952,0,0,0,0,0.10672,0,0,0.0502522,0,0,0.156972,0,0,0,0,0,0,0,0,0,0,0,23.889,311.638,0,0.000115759,0.004509,
5,31,21,0,0,0.221825,0,0,0,1.60783,0.816149,1.80085,0.382647,0,0,4.8293,0,0,0,0,0.0496958,0,0,0.0486311,0,0,0.0983269,0,0,0,0,0,0,0,0,0,0,0,23.7973,311.638,0,0.000112768,0.004509,
5,31,22,0,0,0.221825,0,0,0,1.05514,0.788205,1.56074,0.382647,0,0,4.00855,0,0,0,0,0.00409689,0,0,0.042147,0,0,0.0462439,0,0,0,0,0,0,0,0,0,0,0,23.6477,311.638,0,0.000109659,0.004509,
5,31,23,0,0,0.221825,0,0,0,0.636433,0.763754,1.35064,0.382647,0,0,3.3553,0,0,0,0,0.00748637,0,0,0.0364733,0,0,0.0439597,0,0,0,0,0,0,0,0,0,0,0,23.612,311.638,0,0.000108414,0.004509,
5,31,24,0,0,0.221825,0,0,0,0.385211,0.735811,1.11052,0,0,0,2.45337,0,0,0,0,0.0131875,0,0,0.0299892,0,0,0.0431767,0,0,0,0,0,0,0,0,0,0,0,23.6049,311.638,0,0.000108642,0.004509,
6,1,1,0,0,0.221825,0,0,0,0.318218,0.728825,1.0505,0,0,0,2.31936,0,0,0,0,0,0,0,0.0283681,0,0,0.0283681,0,0,0,0,0,0,0,0,0,0,0,22.3235,309.908,0,7.69961e-005,0.004509,
6,1,2,0,0,0.221825,0,0,0,0.251224,0.725332,1.02048,0,0,0,2.21886,0,0,0,0,0,0,0,0.0275576,0,0,0.0275576,0,0,0,0,0,0,0,0,0,0,0,22.3111,309.908,0,7.69992e-005,0.004509,
6,1,3,0,0,0.221825,0,0,0,0.28472,0.725332,1.02048,0,0,0,2.25236,0,0,0,0,0,0,0,0.0275576,0,0,0.0275576,0,0,0,0,0,0,0,0,0,0,0,22.312,309.908,0,7.70314e-005,0.004509,
6,1,4,0,0,0.221825,0,0,0,0.351715,0.718346,0.960451,0,0,0,2.25234,0,0,0,0,0.000406588,0,0,0.0259366,0,0,0.0263432,0,0,0,0,0,0,0,0,0,0,0,22.3104,309.908,0,7.64767e-005,0.004509,
6,1,5,0,0,0.221825,0,0,0,0.519197,0.732318,1.08051,0,0,0,2.55385,0,0,0,0,0.0170736,0,0,0.0291787,0,0,0.0462523,0,0,0,0,0,0,0,0,0,0,0,22.3177,309.908,0,7.7225e-005,0.004509,
6,1,6,0,0,0.221825,0,0,0,0.703426,0.753275,1.26059,0,0,0,2.93912,0,0,0,0,0.199953,0,0,0.0340418,0,0,0.233995,0,0,0,0,0,0,0,0,0,0,0,22.2111,309.908,0,7.48349e-005,0.004509,
6,1,7,0,0,0.221825,0,0,0,0.686679,0.760261,1.32062,0,0,0,2.98939,0,0,0,0,0.190745,0,0,0.0356628,0,0,0.226408,0,0,0,0,0,0,0,0,0,0,0,19.3054,309.908,0,2.55385e-005,0.004509,
6,1,8,0,0,0.221825,0,0,0,0.56944,0.735811,1.11052,0,0,0,2.6376,0,0,0,0,0.259957,0,0,0.0299892,0,0,0.289946,0,0,0,0,0,0,0,0,0,0,0,17.3842,309.908,0,2.07434e-006,0.004509,
6,1,9,0,0,0.221825,0,0,0,0.4857,0.718346,0.960451,0,0,0,2.38632,0,0,0,0,0.207505,0,0,0.0259366,0,0,0.233442,0,0,0,0,0,0,0,0,0,0,0,17.1509,309.908,0,0,0.004509,
6,1,10,0,0,0.221825,0,0,0,0.452204,0.721839,0.990466,0,0,0,2.38633,0,0,0,0,0.131543,0,0,0.0267471,0,0,0.15829,0,0,0,0,0,0,0,0,0,0,0,17.1182,309.908,0,0,0.004509,
6,1,11,0,0.437356,0.221825,0,0,0,0.418708,0.721839,0.990466,0,0,0,2.79019,0,0,0,0,0.00777374,0,0,0.0267471,0,0,0.0345208,0,0,0,0,0,0,0,0,0,0,0,17.1365,309.908,0,0,0.004509,
6,1,12,0,1.49812,0.221825,0,0,0,0.351715,0.718346,0.960451,0,0,0,3.75046,0,0,0,0,0.176213,0,0,0.0259366,0,0,0.20215,0,0,0,0,0,0,0,0,0,0,0,17.3683,309.908,0,0,0.004509,
6,1,13,0,2.45553,0.221825,0,0,0,0.351715,0.721839,0.990466,0,0,0,4.74137,0,0,0,0,0.0495956,0,0,0.0267471,0,0,0.0763427,0,0,0,0,0,0,0,0,0,0,0,17.126,309.908,0,0,0.004509,
6,1,14,0,3.92441,0.221825,0,0,0,0.351715,0.728825,1.0505,0,0,0,6.27727,0,0,0,0,0.126403,0,0,0.0283681,0,0,0.154771,0,0,0,0,0,0,0,0,0,0,0,17.305,309.908,0,0,0.004509,
6,1,15,0,5.98284,0.221825,0,0,0,0.435454,0.735811,1.11052,0,0,0,8.48645,0,0,0,0,0.0357581,0,0,0.0299892,0,0,0.0657473,0,0,0,0,0,0,0,0,0,0,0,17.1477,309.908,0,0,0.004509,
6,1,16,0,7.47002,0.221825,0,0,0,0.519197,0.760261,1.32062,0,0,0,10.2919,0,0,0,0,0.0748813,0,0,0.0356628,0,0,0.110544,0,0,0,0,0,0,0,0,0,0,0,17.392,309.908,0,6.62086e-006,0.004509,
6,1,17,0,8.52192,0.221825,0,0,0,0.736923,0.791698,1.59075,0,0,0,11.8631,0,0,0,0,0.0418518,0,0,0.0429574,0,0,0.0848092,0,0,0,0,0,0,0,0,0,0,0,19.2326,309.908,0,3.35096e-005,0.004509,
6,1,18,0,8.40856,0.221825,0,0,0,1.40685,0.809163,1.74082,0,0,0,12.5872,0,0,0,0,0.145505,0,0,0.04701,0,0,0.192515,0,0,0,0,0,0,0,0,0,0,0,22.6556,309.908,0,8.71899e-005,0.004509,
6,1,19,0,6.96975,0.221825,0,0,0,1.9763,0.816149,1.80085,0,0,0,11.7849,0,0,0,0,0.0587016,0,0,0.0486311,0,0,0.107333,0,0,0,0,0,0,0,0,0,0,0,23.361,309.908,0,0.000100652,0.004509,
6,1,20,0,5.51076,0.221825,0,0,0,1.89255,0.823135,1.86088,0.382647,0,0,10.6918,0,0,0,0,0.177557,0,0,0.0502522,0,0,0.227809,0,0,0,0,0,0,0,0,0,0,0,23.3691,309.908,0,9.96918e-005,0.004509,
6,1,21,0,4.34161,0.221825,0,0,0,1.60783,0.816149,1.80085,0.382647,0,0,9.17092,0,0,0,0,0.194822,0,0,0.0486311,0,0,0.243453,0,0,0,0,0,0,0,0,0,0,0,23.1514,309.908,0,9.65738e-005,0.004509,
6,1,22,0,3.07475,0.221825,0,0,0,1.05514,0.788205,1.56074,0.382647,0,0,7.0833,0,0,0,0,0.0601751,0,0,0.042147,0,0,0.102322,0,0,0,0,0,0,0,0,0,0,0,22.8079,309.908,0,9.01977e-005,0.004509,
6,1,23,0,1.95433,0.221825,0,0,0,0.636433,0.763754,1.35064,0.382647,0,0,5.30962,0,0,0,0,0.0641561,0,0,0.0364733,0,0,0.100629,0,0,0,0,0,0,0,0,0,0,0,22.4776,309.908,0,8.14766e-005,0.004509,
6,1,24,0,0.95946,0.221825,0,0,0,0.385211,0.735811,1.11052,0,0,0,3.41283,0,0,0,0,0.000748466,0,0,0.0299892,0,0,0.0307377,0,0,0,0,0,0,0,0,0,0,0,22.4448,309.908,0,8.00137e-005,0.004509,
6,2,1,0,0.602788,0.221825,0,0,0,0.318218,0.728825,1.0505,0,0,0,2.92215,0,0,0,0,0,0,0,0.0283681,0,0,0.0283681,0,0,0,0,0,0,0,0,0,0,0,23.1653,309.908,0,8.82817e-005,0.004509,
6,2,2,0,0.389626,0.221825,0,0,0,0.251224,0.725332,1.02048,0,0,0,2.60849,0,0,0,0,0.00255885,0,0,0.0275576,0,0,0.0301164,0,0,0,0,0,0,0,0,0,0,0,23.124,309.908,0,8.72936e-005,0.004509,
6,2,3,0,0.182,0.221825,0,0,0,0.28472,0.725332,1.02048,0,0,0,2.43436,0,0,0,0,0.000372462,0,0,0.0275576,0,0,0.0279301,0,0,0,0,0,0,0,0,0,0,0,23.1194,309.908,0,8.71194e-005,0.004509,
6,2,4,0,0.036224,0.221825,0,0,0,0.351715,0.718346,0.960451,0,0,0,2.28856,0,0,0,0,0.0117414,0,0,0.0259366,0,0,0.037678,0,0,0,0,0,0,0,0,0,0,0,23.1214,309.908,0,8.71467e-005,0.004509,
6,2,5,0,0,0.221825,0,0,0,0.519197,0.732318,1.08051,0,0,0,2.55385,0,0,0,0,0.110532,0,0,0.0291787,0,0,0.139711,0,0,0,0,0,0,0,0,0,0,0,23.1274,309.908,0,8.7269e-005,0.004509,
6,2,6,0,0,0.221825,0,0,0,0.703426,0.753275,1.26059,0,0,0,2.93912,0,0,0,0,0.0702596,0,0,0.0340418,0,0,0.104301,0,0,0,0,0,0,0,0,0,0,0,22.7514,309.908,0,8.37102e-005,0.004509,
6,2,7,0,0.623672,0.221825,0,0,0,0.686679,0.760261,1.32062,0,0,0,3.61306,0,0,0,0,0.616213,0,0,0.0356628,0,0,0.651876,0,0,0,0,0,0,0,0,0,0,0,19.292,309.908,0,2.10602e-005,0.004509,
6,2,8,0,1.39233,0.221825,0,0,0,0.56944,0.735811,1.11052,0,0,0,4.02993,0,0,0,0,0.195502,0,0,0.0299892,0,0,0.225491,0,0,0,0,0,0,0,0,0,0,0,17.7462,309.908,0,4.66362e-007,0.004509,
6,2,9,0,2.68036,0.221825,0,0,0,0.4857,0.718346,0.960451,0,0,0,5.06669,0,0,0,0,0.369051,0,0,0.0259366,0,0,0.394988,0,0,0,0,0,0,0,0,0,0,0,17.4691,309.908,0,0,0.004509,
6,2,10,0,3.92976,0.221825,0,0,0,0.452204,0.721839,0.990466,0,0,0,6.31609,0,0,0,0,0.217584,0,0,0.0267471,0,0,0.244331,0,0,0,0,0,0,0,0,0,0,0,17.4121,309.908,0,0,0.004509,
6,2,11,0,4.63818,0.221825,0,0,0,0.418708,0.721839,0.990466,0,0,0,6.99102,0,0,0,0,0.0626221,0,0,0.0267471,0,0,0.0893692,0,0,0,0,0,0,0,0,0,0,0,17.7299,309.908,0,0,0.004509,
6,2,12,0,5.33301,0.221825,0,0,0,0.351715,0.718346,0.960451,0,0,0,7.58534,0,0,0,0,0.0627779,0,0,0.0259366,0,0,0.0887145,0,0,0,0,0,0,0,0,0,0,0,17.2955,309.908,0,0,0.004509,
6,2,13,0,5.93406,0.221825,0,0,0,0.351715,0.721839,0.990466,0,0,0,8.2199,0,0,0,0,0.0708855,0,0,0.0267471,0,0,0.0976326,0,0,0,0,0,0,0,0,0,0,0,17.4507,309.908,0,0,0.004509,
6,2,14,0,6.30695,0.221825,0,0,0,0.351715,0.728825,1.0505,0,0,0,8.65981,0,0,0,0,0.053051,0,0,0.0283681,0,0,0.0814191,0,0,0,0,0,0,0,0,0,0,0,17.4672,309.908,0,0,0.004509,
6,2,15,0,6.85394,0.221825,0,0,0,0.435454,0.735811,1.11052,0,0,0,9.35755,0,0,0,0,0.0587974,0,0,0.0299892,0,0,0.0887866,0,0,0,0,0,0,0,0,0,0,0,17.4622,309.908,0,0,0.004509,
6,2,16,0,6.89732,0.221825,0,0,0,0.519197,0.760261,1.32062,0,0,0,9.71922,0,0,0,0,0.0297356,0,0,0.0356628,0,0,0.0653984,0,0,0,0,0,0,0,0,0,0,0,17.767,309.908,0,0,0.004509,
6,2,17,0,6.66354,0.221825,0,0,0,0.736923,0.791698,1.59075,0,0,0,10.0047,0,0,0,0,0.0252636,0,0,0.0429574,0,0,0.068221,0,0,0,0,0,0,0,0,0,0,0,18.0951,309.908,0,9.51783e-006,0.004509,
6,2,18,0,6.37723,0.221825,0,0,0,1.40685,0.809163,1.74082,0,0,0,10.5559,0,0,0,0,0.189418,0,0,0.04701,0,0,0.236428,0,0,0,0,0,0,0,0,0,0,0,21.2052,309.908,0,5.50795e-005,0.004509,
6,2,19,0,5.19662,0.221825,0,0,0,1.9763,0.816149,1.80085,0,0,0,10.0117,0,0,0,0,0.238864,0,0,0.0486311,0,0,0.287495,0,0,0,0,0,0,0,0,0,0,0,23.7149,309.908,0,0.000107277,0.004509,
6,2,20,0,3.70158,0.221825,0,0,0,1.89255,0.823135,1.86088,0.382647,0,0,8.88261,0,0,0,0,0.0475625,0,0,0.0502522,0,0,0.0978147,0,0,0,0,0,0,0,0,0,0,0,23.6982,309.908,0,0.000106717,0.004509,
6,2,21,0,2.7344,0.221825,0,0,0,1.60783,0.816149,1.80085,0.382647,0,0,7.5637,0,0,0,0,0.291669,0,0,0.0486311,0,0,0.3403,0,0,0,0,0,0,0,0,0,0,0,23.6169,309.908,0,0.00010493,0.004509,
6,2,22,0,1.64408,0.221825,0,0,0,1.05514,0.788205,1.56074,0.382647,0,0,5.65263,0,0,0,0,0.109095,0,0,0.042147,0,0,0.151242,0,0,0,0,0,0,0,0,0,0,0,23.4216,309.908,0,9.97372e-005,0.004509,
6,2,23,0,0.707328,0.221825,0,0,0,0.636433,0.763754,1.35064,0.382647,0,0,4.06262,0,0,0,0,0.0774865,0,0,0.0364733,0,0,0.11396,0,0,0,0,0,0,0,0,0,0,0,23.3045,309.908,0,9.55583e-005,0.004509,
6,2,24,0,0.395032,0.221825,0,0,0,0.385211,0.735811,1.11052,0,0,0,2.8484,0,0,0,0,0,0,0,0.0299892,0,0,0.0299892,0,0,0,0,0,0,0,0,0,0,0,23.2377,309.908,0,9.13543e-005,0.004509,
6,3,1,0,0.230503,0.221825,0,0,0,0.318218,0.728825,1.0505,0,0,0,2.54987,0,0,0,0,0,0,0,0.0283681,0,0,0.0283681,0,0,0,0,0,0,0,0,0,0,0,23.7659,309.908,0,0.000114435,0.004509,
6,3,2,0,0.0269289,0.221825,0,0,0,0.251224,0.725332,1.02048,0,0,0,2.24579,0,0,0,0,0.0115443,0,0,0.0275576,0,0,0.0391019,0,0,0,0,0,0,0,0,0,0,0,23.7277,309.908,0,0.000114224,0.004509,
6,3,3,0,0,0.221825,0,0,0,0.28472,0.725332,1.02048,0,0,0,2.25236,0,0,0,0,0,0,0,0.0275576,0,0,0.0275576,0,0,0,0,0,0,0,0,0,0,0,23.727,309.908,0,0.000114097,0.004509,
6,3,4,0,0,0.221825,0,0,0,0.351715,0.718346,0.960451,0,0,0,2.25234,0,0,0,0,0,0,0,0.0259366,0,0,0.0259366,0,0,0,0,0,0,0,0,0,0,0,23.7268,309.908,0,0.000114285,0.004509,
6,3,5,0,0,0.221825,0,0,0,0.519197,0.732318,1.08051,0,0,0,2.55385,0,0,0,0,0.00278082,0,0,0.0291787,0,0,0.0319595,0,0,0,0,0,0,0,0,0,0,0,23.7274,309.908,0,0.000114313,0.004509,
6,3,6,0,0,0.221825,0,0,0,0.703426,0.753275,1.26059,0,0,0,2.93912,0,0,0,0,0.111234,0,0,0.0340418,0,0,0.145276,0,0,0,0,0,0,0,0,0,0,0,23.5528,309.908,0,0.000113423,0.004509,
6,3,7,0,0,0.221825,0,0,0,0.686679,0.760261,1.32062,0,0,0,2.98939,0,0,0,0,0.386239,0,0,0.0356628,0,0,0.421902,0,0,0,0,0,0,0,0,0,0,0,19.9962,309.908,0,2.69087e-005,0.004509,
6,3,8,0,0,0.221825,0,0,0,0.56944,0.735811,1.11052,0,0,0,2.6376,0,0,0,0,0.531945,0,0,0.0299892,0,0,0.561934,0,0,0,0,0,0,0,0,0,0,0,18.0665,309.908,0,7.02581e-006,0.004509,
6,3,9,0,0.180939,0.221825,0,0,0,0.4857,0.718346,0.960451,0,0,0,2.56726,0,0,0,0,0.33374,0,0,0.0259366,0,0,0.359677,0,0,0,0,0,0,0,0,0,0,0,17.7894,309.908,0,2.16297e-007,0.004509,
6,3,10,0,0.977455,0.221825,0,0,0,0.452204,0.721839,0.990466,0,0,0,3.36379,0,0,0,0,0.150385,0,0,0.0267471,0,0,0.177132,0,0,0,0,0,0,0,0,0,0,0,17.8386,309.908,0,0,0.004509,
6,3,11,0,1.5224,0.221825,0,0,0,0.418708,0.721839,0.990466,0,0,0,3.87524,0,0,0,0,0.0711175,0,0,0.0267471,0,0,0.0978646,0,0,0,0,0,0,0,0,0,0,0,17.6628,309.908,0,0,0.004509,
6,3,12,0,2.24071,0.221825,0,0,0,0.351715,0.718346,0.960451,0,0,0,4.49304,0,0,0,0,0.0538427,0,0,0.0259366,0,0,0.0797793,0,0,0,0,0,0,0,0,0,0,0,17.6884,309.908,0,1.36208e-006,0.004509,
6,3,13,0,2.89382,0.221825,0,0,0,0.351715,0.721839,0.990466,0,0,0,5.17966,0,0,0,0,0.0544323,0,0,0.0267471,0,0,0.0811794,0,0,0,0,0,0,0,0,0,0,0,17.9819,309.908,0,1.39894e-006,0.004509,
6,3,14,0,3.6418,0.221825,0,0,0,0.351715,0.728825,1.0505,0,0,0,5.99466,0,0,0,0,0.0401094,0,0,0.0283681,0,0,0.0684775,0,0,0,0,0,0,0,0,0,0,0,17.9749,309.908,0,0,0.004509,
6,3,15,0,4.61907,0.221825,0,0,0,0.435454,0.735811,1.11052,0,0,0,7.12268,0,0,0,0,0.199544,0,0,0.0299892,0,0,0.229533,0,0,0,0,0,0,0,0,0,0,0,17.6913,309.908,0,0,0.004509,
6,3,16,0,5.47028,0.221825,0,0,0,0.519197,0.760261,1.32062,0,0,0,8.29218,0,0,0,0,0.102786,0,0,0.0356628,0,0,0.138449,0,0,0,0,0,0,0,0,0,0,0,17.8511,309.908,0,1.235e-006,0.004509,
6,3,17,0,5.76953,0.221825,0,0,0,0.736923,0.791698,1.59075,0,0,0,9.11073,0,0,0,0,0.0846556,0,0,0.0429574,0,0,0.127613,0,0,0,0,0,0,0,0,0,0,0,18.487,309.908,0,1.56784e-005,0.004509,
6,3,18,0,5.93304,0.221825,0,0,0,1.40685,0.809163,1.74082,0,0,0,10.1117,0,0,0,0,0.100817,0,0,0.04701,0,0,0.147827,0,0,0,0,0,0,0,0,0,0,0,21.8118,309.908,0,6.53537e-005,0.004509,
6,3,19,0,5.02789,0.221825,0,0,0,1.9763,0.816149,1.80085,0,0,0,9.84301,0,0,0,0,0.0424661,0,0,0.0486311,0,0,0.0910972,0,0,0,0,0,0,0,0,0,0,0,25.3727,309.908,0,0.000154003,0.004509,
6,3,20,0,3.32218,0.221825,0,0,0,1.89255,0.823135,1.86088,0.382647,0,0,8.50322,0,0,0,0,0.147641,0,0,0.0502522,0,0,0.197893,0,0,0,0,0,0,0,0,0,0,0,25.4413,309.908,0,0.000152963,0.004509,
6,3,21,0,2.27308,0.221825,0,0,0,1.60783,0.816149,1.80085,0.382647,0,0,7.10238,0,0,0,0,0.0680705,0,0,0.0486311,0,0,0.116702,0,0,0,0,0,0,0,0,0,0,0,25.2493,309.908,0,0.000150733,0.004509,
6,3,22,0,1.17657,0.221825,0,0,0,1.05514,0.788205,1.56074,0.382647,0,0,5.18512,0,0,0,0,0.0369645,0,0,0.042147,0,0,0.0791115,0,0,0,0,0,0,0,0,0,0,0,24.6629,309.908,0,0.000139416,0.004509,
6,3,23,0,0.477847,0.221825,0,0,0,0.636433,0.763754,1.35064,0.382647,0,0,3.83314,0,0,0,0,0.0615771,0,0,0.0364733,0,0,0.0980504,0,0,0,0,0,0,0,0,0,0,0,24.4517,309.908,0,0.000132737,0.004509,
6,3,24,0,0.100851,0.221825,0,0,0,0.385211,0.735811,1.11052,0,0,0,2.55422,0,0,0,0,0.0129344,0,0,0.0299892,0,0,0.0429236,0,0,0,0,0,0,0,0,0,0,0,24.4108,309.908,0,0.000131621,0.004509,
6,4,1,0,0,0.221825,0,0,0,0.318218,0.728825,1.0505,0,0,0,2.31936,0,0,0,0,0,0,0,0.0283681,0,0,0.0283681,0,0,0,0,0,0,0,0,0,0,0,24.2153,309.908,0,0.00013224,0.004509,
6,4,2,0,0,0.221825,0,0,0,0.251224,0.725332,1.02048,0,0,0,2.21886,0,0,0,0,0.00991856,0,0,0.0275576,0,0,0.0374762,0,0,0,0,0,0,0,0,0,0,0,24.1558,309.908,0,0.000131198,0.004509,
6,4,3,0,0,0.221825,0,0,0,0.28472,0.725332,1.02048,0,0,0,2.25236,0,0,0,0,0,0,0,0.0275576,0,0,0.0275576,0,0,0,0,0,0,0,0,0,0,0,24.1474,309.908,0,0.000130506,0.004509,
6,4,4,0,0,0.221825,0,0,0,0.351715,0.718346,0.960451,0,0,0,2.25234,0,0,0,0,0,0,0,0.0259366,0,0,0.0259366,0,0,0,0,0,0,0,0,0,0,0,24.1268,309.908,0,0.000130104,0.004509,
6,4,5,0,0,0.221825,0,0,0,0.519197,0.732318,1.08051,0,0,0,2.55385,0,0,0,0,0.00239161,0,0,0.0291787,0,0,0.0315703,0,0,0,0,0,0,0,0,0,0,0,24.1323,309.908,0,0.000130382,0.004509,
6,4,6,0,0,0.221825,0,0,0,0.703426,0.753275,1.26059,0,0,0,2.93912,0,0,0,0,0.111866,0,0,0.0340418,0,0,0.145908,0,0,0,0,0,0,0,0,0,0,0,24.0859,309.908,0,0.000129499,0.004509,
6,4,7,0,0,0.221825,0,0,0,0.686679,0.760261,1.32062,0,0,0,2.98939,0,0,0,0,0.394769,0,0,0.0356628,0,0,0.430432,0,0,0,0,0,0,0,0,0,0,0,20.5276,309.908,0,3.38845e-005,0.004509,
6,4,8,0,0,0.221825,0,0,0,0.56944,0.735811,1.11052,0,0,0,2.6376,0,0,0,0,0.162173,0,0,0.0299892,0,0,0.192162,0,0,0,0,0,0,0,0,0,0,0,18.3824,309.908,0,9.23981e-006,0.004509,
6,4,9,0,0,0.221825,0,0,0,0.4857,0.718346,0.960451,0,0,0,2.38632,0,0,0,0,0.301287,0,0,0.0259366,0,0,0.327224,0,0,0,0,0,0,0,0,0,0,0,18.03,309.908,0,2.70571e-006,0.004509,
6,4,10,0,0,0.221825,0,0,0,0.452204,0.721839,0.990466,0,0,0,2.38633,0,0,0,0,0.0293171,0,0,0.0267471,0,0,0.0560642,0,0,0,0,0,0,0,0,0,0,0,17.8601,309.908,0,0,0.004509,
6,4,11,0,0.227827,0.221825,0,0,0,0.418708,0.721839,0.990466,0,0,0,2.58066,0,0,0,0,0.0135387,0,0,0.0267471,0,0,0.0402858,0,0,0,0,0,0,0,0,0,0,0,18.113,309.908,0,0,0.004509,
6,4,12,0,0.945187,0.221825,0,0,0,0.351715,0.718346,0.960451,0,0,0,3.19752,0,0,0,0,0.0341913,0,0,0.0259366,0,0,0.0601279,0,0,0,0,0,0,0,0,0,0,0,17.9222,309.908,0,0,0.004509,
6,4,13,0,1.55397,0.221825,0,0,0,0.351715,0.721839,0.990466,0,0,0,3.83981,0,0,0,0,0.00860217,0,0,0.0267471,0,0,0.0353493,0,0,0,0,0,0,0,0,0,0,0,18.1154,309.908,0,0,0.004509,
6,4,14,0,2.87413,0.221825,0,0,0,0.351715,0.728825,1.0505,0,0,0,5.22699,0,0,0,0,0.38432,0,0,0.0283681,0,0,0.412688,0,0,0,0,0,0,0,0,0,0,0,18.2312,309.908,0,0,0.004509,
6,4,15,0,4.19603,0.221825,0,0,0,0.435454,0.735811,1.11052,0,0,0,6.69965,0,0,0,0,0.240714,0,0,0.0299892,0,0,0.270703,0,0,0,0,0,0,0,0,0,0,0,17.87,309.908,0,0,0.004509,
6,4,16,0,4.96041,0.221825,0,0,0,0.519197,0.760261,1.32062,0,0,0,7.78232,0,0,0,0,0.249172,0,0,0.0356628,0,0,0.284835,0,0,0,0,0,0,0,0,0,0,0,18.0487,309.908,0,7.01672e-007,0.004509,
6,4,17,0,5.4479,0.221825,0,0,0,0.736923,0.791698,1.59075,0,0,0,8.7891,0,0,0,0,0.0655615,0,0,0.0429574,0,0,0.108519,0,0,0,0,0,0,0,0,0,0,0,18.7274,309.908,0,1.75765e-005,0.004509,
6,4,18,0,5.74279,0.221825,0,0,0,1.40685,0.809163,1.74082,0,0,0,9.92145,0,0,0,0,0.092364,0,0,0.04701,0,0,0.139374,0,0,0,0,0,0,0,0,0,0,0,21.9052,309.908,0,8.36605e-005,0.004509,
6,4,19,0,4.95114,0.221825,0,0,0,1.9763,0.816149,1.80085,0,0,0,9.76626,0,0,0,0,0.100897,0,0,0.0486311,0,0,0.149528,0,0,0,0,0,0,0,0,0,0,0,24.9954,309.908,0,0.000151223,0.004509,
6,4,20,0,3.12702,0.221825,0,0,0,1.89255,0.823135,1.86088,0.382647,0,0,8.30806,0,0,0,0,0.0479209,0,0,0.0502522,0,0,0.0981731,0,0,0,0,0,0,0,0,0,0,0,24.9737,309.908,0,0.000150399,0.004509,
6,4,21,0,1.92295,0.221825,0,0,0,1.60783,0.816149,1.80085,0.382647,0,0,6.75225,0,0,0,0,0.104185,0,0,0.0486311,0,0,0.152816,0,0,0,0,0,0,0,0,0,0,0,24.8762,309.908,0,0.00014754,0.004509,
6,4,22,0,0.913692,0.221825,0,0,0,1.05514,0.788205,1.56074,0.382647,0,0,4.92224,0,0,0,0,0.0311707,0,0,0.042147,0,0,0.0733177,0,0,0,0,0,0,0,0,0,0,0,24.4746,309.908,0,0.000136523,0.004509,
6,4,23,0,0.45227,0.221825,0,0,0,0.636433,0.763754,1.35064,0.382647,0,0,3.80757,0,0,0,0,0.0462553,0,0,0.0364733,0,0,0.0827286,0,0,0,0,0,0,0,0,0,0,0,24.3659,309.908,0,0.000132691,0.004509,
6,4,24,0,0.218643,0.221825,0,0,0,0.385211,0.735811,1.11052,0,0,0,2.67201,0,0,0,0,0.000740076,0,0,0.0299892,0,0,0.0307293,0,0,0,0,0,0,0,0,0,0,0,24.2012,309.908,0,0.000130916,0.004509,
6,5,1,0,0.0503226,0.221825,0,0,0,0.318218,0.728825,1.0505,0,0,0,2.36969,0,0,0,0,0.000469192,0,0,0.0283681,0,0,0.0288373,0,0,0,0,0,0,0,0,0,0,0,24.0192,309.908,0,0.000121723,0.004509,
6,5,2,0,0,0.221825,0,0,0,0.251224,0.725332,1.02048,0,0,0,2.21886,0,0,0,0,0.000964731,0,0,0.0275576,0,0,0.0285223,0,0,0,0,0,0,0,0,0,0,0,23.9856,309.908,0,0.00012112,0.004509,
6,5,3,0,0,0.221825,0,0,0,0.28472,0.725332,1.02048,0,0,0,2.25236,0,0,0,0,0.000877301,0,0,0.0275576,0,0,0.0284349,0,0,0,0,0,0,0,0,0,0,0,23.9877,309.908,0,0.000121177,0.004509,
6,5,4,0,0,0.221825,0,0,0,0.351715,0.718346,0.960451,0,0,0,2.25234,0,0,0,0,0.00468718,0,0,0.0259366,0,0,0.0306238,0,0,0,0,0,0,0,0,0,0,0,23.9889,309.908,0,0.00012124,0.004509,
6,5,5,0,0,0.221825,0,0,0,0.519197,0.732318,1.08051,0,0,0,2.55385,0,0,0,0,0.00761468,0,0,0.0291787,0,0,0.0367934,0,0,0,0,0,0,0,0,0,0,0,23.9938,309.908,0,0.000121296,0.004509,
6,5,6,0,0,0.221825,0,0,0,0.703426,0.753275,1.26059,0,0,0,2.93912,0,0,0,0,0.0239543,0,0,0.0340418,0,0,0.0579961,0,0,0,0,0,0,0,0,0,0,0,23.899,309.908,0,0.000120852,0.004509,
6,5,7,0,0,0.221825,0,0,0,0.686679,0.760261,1.32062,0,0,0,2.98939,0,0,0,0,0.361957,0,0,0.0356628,0,0,0.39762,0,0,0,0,0,0,0,0,0,0,0,20.8374,309.908,0,3.02383e-005,0.004509,
6,5,8,0,0.191926,0.221825,0,0,0,0.56944,0.735811,1.11052,0,0,0,2.82953,0,0,0,0,0.323661,0,0,0.0299892,0,0,0.35365,0,0,0,0,0,0,0,0,0,0,0,18.2706,309.908,0,1.00064e-005,0.004509,
6,5,9,0,0.888444,0.221825,0,0,0,0.4857,0.718346,0.960451,0,0,0,3.27477,0,0,0,0,0.0663831,0,0,0.0259366,0,0,0.0923197,0,0,0,0,0,0,0,0,0,0,0,17.8269,309.908,0,0,0.004509,
6,5,10,0,1.72809,0.221825,0,0,0,0.452204,0.721839,0.990466,0,0,0,4.11442,0,0,0,0,0.154321,0,0,0.0267471,0,0,0.181068,0,0,0,0,0,0,0,0,0,0,0,17.6805,309.908,0,0,0.004509,
6,5,11,0,2.96963,0.221825,0,0,0,0.418708,0.721839,0.990466,0,0,0,5.32247,0,0,0,0,0.0246072,0,0,0.0267471,0,0,0.0513543,0,0,0,0,0,0,0,0,0,0,0,17.9766,309.908,0,0,0.004509,
6,5,12,0,3.99544,0.221825,0,0,0,0.351715,0.718346,0.960451,0,0,0,6.24777,0,0,0,0,0.0948136,0,0,0.0259366,0,0,0.12075,0,0,0,0,0,0,0,0,0,0,0,17.7538,309.908,3.12796e-015,0,0.004509,
6,5,13,0,4.84619,0.221825,0,0,0,0.351715,0.721839,0.990466,0,0,0,7.13203,0,0,0,0,0.0874857,0,0,0.0267471,0,0,0.114233,0,0,0,0,0,0,0,0,0,0,0,17.9406,309.908,3.51165e-013,0,0.004509,
6,5,14,0,5.92444,0.221825,0,0,0,0.351715,0.728825,1.0505,0,0,0,8.2773,0,0,0,0,0.320721,0,0,0.0283681,0,0,0.349089,0,0,0,0,0,0,0,0,0,0,0,18.0241,309.908,1.48467e-010,0,0.004509,
6,5,15,0,6.99754,0.221825,0,0,0,0.435454,0.735811,1.11052,0,0,0,9.50116,0,0,0,0,0.0799086,0,0,0.0299892,0,0,0.109898,0,0,0,0,0,0,0,0,0,0,0,17.6991,309.908,1.08519e-008,0,0.004509,
6,5,16,0,7.64242,0.221825,0,0,0,0.519197,0.760261,1.32062,0,0,0,10.4643,0,0,0,0,0.169488,0,0,0.0356628,0,0,0.205151,0,0,0,0,0,0,0,0,0,0,0,17.8369,309.908,5.76177e-007,0,0.004509,
6,5,17,0,7.90349,0.221825,0,0,0,0.736923,0.791698,1.59075,0,0,0,11.2447,0,0,0,0,0.200229,0,0,0.0429574,0,0,0.243186,0,0,0,0,0,0,0,0,0,0,0,18.6471,309.908,1.11416e-006,2.08955e-005,0.004509,
6,5,18,0,7.7975,0.221825,0,0,0,1.40685,0.809163,1.74082,0,0,0,11.9762,0,0,0,0,0.0957233,0,0,0.04701,0,0,0.142733,0,0,0,0,0,0,0,0,0,0,0,22.4598,309.908,1.86636e-005,8.28996e-005,0.004509,
6,5,19,0,6.51974,0.221825,0,0,0,1.9763,0.816149,1.80085,0,0,0,11.3349,0,0,0,0,0.110851,0,0,0.0486311,0,0,0.159482,0,0,0,0,0,0,0,0,0,0,0,25.2188,309.908,0.00216002,0.000149484,0.004509,
6,5,20,0,4.45326,0.221825,0,0,0,1.89255,0.823135,1.86088,0.382647,0,0,9.63429,0,0,0,0,0.229733,0,0,0.0502522,0,0,0.279985,0,0,0,0,0,0,0,0,0,0,0,25.174,309.908,0.00256751,0.000148539,0.004509,
6,5,21,0,3.09944,0.221825,0,0,0,1.60783,0.816149,1.80085,0.382647,0,0,7.92874,0,0,0,0,0.354517,0,0,0.0486311,0,0,0.403148,0,0,0,0,0,0,0,0,0,0,0,25.1043,309.908,2.69851e-006,0.000143777,0.004509,
6,5,22,0,2.03929,0.221825,0,0,0,1.05514,0.788205,1.56074,0.382647,0,0,6.04785,0,0,0,0,0.0612537,0,0,0.042147,0,0,0.103401,0,0,0,0,0,0,0,0,0,0,0,24.6161,309.908,8.85432e-013,0.000132129,0.004509,
6,5,23,0,1.19608,0.221825,0,0,0,0.636433,0.763754,1.35064,0.382647,0,0,4.55138,0,0,0,0,0.0774317,0,0,0.0364733,0,0,0.113905,0,0,0,0,0,0,0,0,0,0,0,24.4138,309.908,0,0.000125715,0.004509,
6,5,24,0,0.631276,0.221825,0,0,0,0.385211,0.735811,1.11052,0,0,0,3.08465,0,0,0,0,0.0460922,0,0,0.0299892,0,0,0.0760814,0,0,0,0,0,0,0,0,0,0,0,24.3887,309.908,0,0.000125461,0.004509,
6,6,1,0,0.448614,0.221825,0,0,0,0.318218,0.728825,1.0505,0,0,0,2.76798,0,0,0,0,0.0166557,0,0,0.0283681,0,0,0.0450238,0,0,0,0,0,0,0,0,0,0,0,23.679,309.908,0,0.000106118,0.004509,
6,6,2,0,0.299875,0.221825,0,0,0,0.251224,0.725332,1.02048,0,0,0,2.51874,0,0,0,0,0.0299069,0,0,0.0275576,0,0,0.0574645,0,0,0,0,0,0,0,0,0,0,0,23.6633,309.908,0,0.000105738,0.004509,
6,6,3,0,0.151615,0.221825,0,0,0,0.28472,0.725332,1.02048,0,0,0,2.40397,0,0,0,0,0.0202402,0,0,0.0275576,0,0,0.0477978,0,0,0,0,0,0,0,0,0,0,0,23.6443,309.908,0,0.000105633,0.004509,
6,6,4,0,0.00955428,0.221825,0,0,0,0.351715,0.718346,0.960451,0,0,0,2.26189,0,0,0,0,0,0,0,0.0259366,0,0,0.0259366,0,0,0,0,0,0,0,0,0,0,0,23.6447,309.908,0,0.000105716,0.004509,
6,6,5,0,0,0.221825,0,0,0,0.519197,0.732318,1.08051,0,0,0,2.55385,0,0,0,0,0.00299442,0,0,0.0291787,0,0,0.0321731,0,0,0,0,0,0,0,0,0,0,0,23.6548,309.908,0,0.000105787,0.004509,
6,6,6,0,0,0.221825,0,0,0,0.703426,0.753275,1.26059,0,0,0,2.93912,0,0,0,0,0.287127,0,0,0.0340418,0,0,0.321169,0,0,0,0,0,0,0,0,0,0,0,23.4915,309.908,0,0.000103045,0.004509,
6,6,7,0,0.87715,0.221825,0,0,0,0.686679,0.760261,1.32062,0,0,0,3.86654,0,0,0,0,0.351225,0,0,0.0356628,0,0,0.386888,0,0,0,0,0,0,0,0,0,0,0,20.0868,309.908,0,3.02218e-005,0.004509,
6,6,8,0,2.01187,0.221825,0,0,0,0.56944,0.735811,1.11052,0,0,0,4.64947,0,0,0,0,0.120155,0,0,0.0299892,0,0,0.150144,0,0,0,0,0,0,0,0,0,0,0,17.9743,309.908,0,5.13403e-006,0.004509,
6,6,9,0,3.11954,0.221825,0,0,0,0.4857,0.718346,0.960451,0,0,0,5.50586,0,0,0,0,0.232343,0,0,0.0259366,0,0,0.25828,0,0,0,0,0,0,0,0,0,0,0,17.4076,309.908,0,0,0.004509,
6,6,10,0,4.16499,0.221825,0,0,0,0.452204,0.721839,0.990466,0,0,0,6.55133,0,0,0,0,0.292691,0,0,0.0267471,0,0,0.319438,0,0,0,0,0,0,0,0,0,0,0,17.3258,309.908,0,0,0.004509,
6,6,11,0,4.95145,0.221825,0,0,0,0.418708,0.721839,0.990466,0,0,0,7.30429,0,0,0,0,0.141991,0,0,0.0267471,0,0,0.168738,0,0,0,0,0,0,0,0,0,0,0,17.3496,309.908,0,0,0.004509,
6,6,12,0,5.74715,0.221825,0,0,0,0.351715,0.718346,0.960451,0,0,0,7.99948,0,0,0,0,0.0355827,0,0,0.0259366,0,0,0.0615193,0,0,0,0,0,0,0,0,0,0,0,17.3826,309.908,0,0,0.004509,
6,6,13,0,6.74582,0.221825,0,0,0,0.351715,0.721839,0.990466,0,0,0,9.03166,0,0,0,0,0.164445,0,0,0.0267471,0,0,0.191192,0,0,0,0,0,0,0,0,0,0,0,17.6818,309.908,0,0,0.004509,
6,6,14,0,7.93014,0.221825,0,0,0,0.351715,0.728825,1.0505,0,0,0,10.283,0,0,0,0,0.0153162,0,0,0.0283681,0,0,0.0436843,0,0,0,0,0,0,0,0,0,0,0,17.6514,309.908,0,0,0.004509,
6,6,15,0,8.85883,0.221825,0,0,0,0.435454,0.735811,1.11052,0,0,0,11.3624,0,0,0,0,0.00776489,0,0,0.0299892,0,0,0.0377541,0,0,0,0,0,0,0,0,0,0,0,17.4027,309.908,0,0,0.004509,
6,6,16,0,8.97256,0.221825,0,0,0,0.519197,0.760261,1.32062,0,0,0,11.7945,0,0,0,0,0.00734088,0,0,0.0356628,0,0,0.0430037,0,0,0,0,0,0,0,0,0,0,0,17.8548,309.908,0,5.22568e-006,0.004509,
6,6,17,0,8.85192,0.221825,0,0,0,0.736923,0.791698,1.59075,0,0,0,12.1931,0,0,0,0,0.170591,0,0,0.0429574,0,0,0.213548,0,0,0,0,0,0,0,0,0,0,0,18.8716,309.908,0,2.97459e-005,0.004509,
6,6,18,0,8.46361,0.221825,0,0,0,1.40685,0.809163,1.74082,0,0,0,12.6423,0,0,0,0,0.3372,0,0,0.04701,0,0,0.38421,0,0,0,0,0,0,0,0,0,0,0,22.2036,309.908,0,7.21767e-005,0.004509,
6,6,19,0,7.0999,0.221825,0,0,0,1.9763,0.816149,1.80085,0,0,0,11.915,0,0,0,0,0.181158,0,0,0.0486311,0,0,0.229789,0,0,0,0,0,0,0,0,0,0,0,24.773,309.908,0,0.000140338,0.004509,
6,6,20,0,5.08599,0.221825,0,0,0,1.89255,0.823135,1.86088,0.382647,0,0,10.267,0,0,0,0,0.143939,0,0,0.0502522,0,0,0.194191,0,0,0,0,0,0,0,0,0,0,0,24.7417,309.908,0,0.000139561,0.004509,
6,6,21,0,3.83161,0.221825,0,0,0,1.60783,0.816149,1.80085,0.382647,0,0,8.66092,0,0,0,0,0.022939,0,0,0.0486311,0,0,0.0715701,0,0,0,0,0,0,0,0,0,0,0,24.6675,309.908,0,0.000137962,0.004509,
6,6,22,0,2.55074,0.221825,0,0,0,1.05514,0.788205,1.56074,0.382647,0,0,6.55929,0,0,0,0,0.0118366,0,0,0.042147,0,0,0.0539836,0,0,0,0,0,0,0,0,0,0,0,24.3339,309.908,0,0.000121486,0.004509,
6,6,23,0,1.55563,0.221825,0,0,0,0.636433,0.763754,1.35064,0.382647,0,0,4.91092,0,0,0,0,0.0450017,0,0,0.0364733,0,0,0.081475,0,0,0,0,0,0,0,0,0,0,0,23.962,309.908,0,0.000112155,0.004509,
6,6,24,0,1.02587,0.221825,0,0,0,0.385211,0.735811,1.11052,0,0,0,3.47924,0,0,0,0,0.00136194,0,0,0.0299892,0,0,0.0313511,0,0,0,0,0,0,0,0,0,0,0,23.7923,309.908,0,0.000107374,0.004509,
6,7,1,0,0.70542,0.221825,0,0,0,0.318218,0.728825,1.0505,0,0,0,3.02478,0,0,0,0,0.000424537,0,0,0.0283681,0,0,0.0287926,0,0,0,0,0,0,0,0,0,0,0,23.2545,309.908,0,9.32964e-005,0.004509,
6,7,2,0,0.413482,0.221825,0,0,0,0.251224,0.725332,1.02048,0,0,0,2.63234,0,0,0,0,0.0297311,0,0,0.0275576,0,0,0.0572887,0,0,0,0,0,0,0,0,0,0,0,23.1903,309.908,0,9.26957e-005,0.004509,
6,7,3,0,0.149851,0.221825,0,0,0,0.28472,0.725332,1.02048,0,0,0,2.40221,0,0,0,0,0.0210802,0,0,0.0275576,0,0,0.0486378,0,0,0,0,0,0,0,0,0,0,0,23.1781,309.908,0,9.25431e-005,0.004509,
6,7,4,0,0.00622659,0.221825,0,0,0,0.351715,0.718346,0.960451,0,0,0,2.25856,0,0,0,0,0,0,0,0.0259366,0,0,0.0259366,0,0,0,0,0,0,0,0,0,0,0,23.1794,309.908,0,9.26087e-005,0.004509,
6,7,5,0,0,0.221825,0,0,0,0.519197,0.732318,1.08051,0,0,0,2.55385,0,0,0,0,0.0229347,0,0,0.0291787,0,0,0.0521134,0,0,0,0,0,0,0,0,0,0,0,23.1923,309.908,0,9.27846e-005,0.004509,
6,7,6,0,0,0.221825,0,0,0,0.703426,0.753275,1.26059,0,0,0,2.93912,0,0,0,0,0.087522,0,0,0.0340418,0,0,0.121564,0,0,0,0,0,0,0,0,0,0,0,23.0264,309.908,0,8.97118e-005,0.004509,
6,7,7,0,0.884277,0.221825,0,0,0,0.686679,0.760261,1.32062,0,0,0,3.87366,0,0,0,0,0.0842132,0,0,0.0356628,0,0,0.119876,0,0,0,0,0,0,0,0,0,0,0,20.8591,309.908,0,3.05332e-005,0.004509,
6,7,8,0,2.25062,0.221825,0,0,0,0.56944,0.735811,1.11052,0,0,0,4.88822,0,0,0,0,0.687821,0,0,0.0299892,0,0,0.71781,0,0,0,0,0,0,0,0,0,0,0,18.4955,309.908,0,6.86863e-006,0.004509,
6,7,9,0,3.29091,0.221825,0,0,0,0.4857,0.718346,0.960451,0,0,0,5.67724,0,0,0,0,0.323783,0,0,0.0259366,0,0,0.34972,0,0,0,0,0,0,0,0,0,0,0,17.7358,309.908,0,4.67093e-007,0.004509,
6,7,10,0,4.36081,0.221825,0,0,0,0.452204,0.721839,0.990466,0,0,0,6.74715,0,0,0,0,0.359493,0,0,0.0267471,0,0,0.38624,0,0,0,0,0,0,0,0,0,0,0,17.7181,309.908,0,1.49543e-006,0.004509,
6,7,11,0,5.56771,0.221825,0,0,0,0.418708,0.721839,0.990466,0,0,0,7.92054,0,0,0,0,0.546492,0,0,0.0267471,0,0,0.573239,0,0,0,0,0,0,0,0,0,0,0,17.736,309.908,0,1.5277e-006,0.004509,
6,7,12,0,6.68583,0.221825,0,0,0,0.351715,0.718346,0.960451,0,0,0,8.93816,0,0,0,0,0.140633,0,0,0.0259366,0,0,0.16657,0,0,0,0,0,0,0,0,0,0,0,17.6972,309.908,0,0,0.004509,
6,7,13,0,7.95033,0.221825,0,0,0,0.351715,0.721839,0.990466,0,0,0,10.2362,0,0,0,0,0.205522,0,0,0.0267471,0,0,0.232269,0,0,0,0,0,0,0,0,0,0,0,18.022,309.908,0,0,0.004509,
6,7,14,0,10.2751,0.221825,0,0,0,0.351715,0.728825,1.0505,0,0,0,12.6279,0,0,0,0,0.175767,0,0,0.0283681,0,0,0.204135,0,0,0,0,0,0,0,0,0,0,0,17.8963,309.908,0,0,0.004509,
6,7,15,0,11.1065,0.221825,0,0,0,0.435454,0.735811,1.11052,0,0,0,13.6101,0,0,0,0,0.0815384,0,0,0.0299892,0,0,0.111528,0,0,0,0,0,0,0,0,0,0,0,17.7623,309.908,0,3.97984e-006,0.004509,
6,7,16,0,11.66,0.221825,0,0,0,0.519197,0.760261,1.32062,0,0,0,14.4819,0,0,0,0,0.116498,0,0,0.0356628,0,0,0.152161,0,0,0,0,0,0,0,0,0,0,0,18.0748,309.908,0,1.67265e-005,0.004509,
6,7,17,0,11.5806,0.221825,0,0,0,0.736923,0.791698,1.59075,0,0,0,14.9218,0,0,0,0,0.0320432,0,0,0.0429574,0,0,0.0750006,0,0,0,0,0,0,0,0,0,0,0,19.2884,309.908,0,3.19139e-005,0.004509,
6,7,18,0,11.3381,0.221825,0,0,0,1.40685,0.809163,1.74082,0,0,0,15.5168,0,0,0,0,0.169491,0,0,0.04701,0,0,0.216501,0,0,0,0,0,0,0,0,0,0,0,22.801,309.908,0,8.75086e-005,0.004509,
6,7,19,0,9.96195,0.221825,0,0,0,1.9763,0.816149,1.80085,0,0,0,14.7771,0,0,0,0,0.0968282,0,0,0.0486311,0,0,0.145459,0,0,0,0,0,0,0,0,0,0,0,25.0962,309.908,0,0.000143142,0.004509,
6,7,20,0,6.94288,0.221825,0,0,0,1.89255,0.823135,1.86088,0.382647,0,0,12.1239,0,0,0,0,0.240109,0,0,0.0502522,0,0,0.290361,0,0,0,0,0,0,0,0,0,0,0,25.688,309.908,0,0.000152952,0.004509,
6,7,21,0,5.12402,0.221825,0,0,0,1.60783,0.816149,1.80085,0.382647,0,0,9.95332,0,0,0,0,0.554631,0,0,0.0486311,0,0,0.603262,0,0,0,0,0,0,0,0,0,0,0,24.6648,309.908,0,0.000133565,0.004509,
6,7,22,0,3.77064,0.221825,0,0,0,1.05514,0.788205,1.56074,0.382647,0,0,7.77919,0,0,0,0,0.0189894,0,0,0.042147,0,0,0.0611364,0,0,0,0,0,0,0,0,0,0,0,24.0834,309.908,0,0.000113787,0.004509,
6,7,23,0,2.84888,0.221825,0,0,0,0.636433,0.763754,1.35064,0.382647,0,0,6.20418,0,0,0,0,0.00939672,0,0,0.0364733,0,0,0.04587,0,0,0,0,0,0,0,0,0,0,0,23.5574,309.908,0,0.00010165,0.004509,
6,7,24,0,2.09475,0.221825,0,0,0,0.385211,0.735811,1.11052,0,0,0,4.54812,0,0,0,0,0.0439207,0,0,0.0299892,0,0,0.0739099,0,0,0,0,0,0,0,0,0,0,0,23.3638,309.908,0,9.56043e-005,0.004509,
6,8,1,0,1.48075,0.221825,0,0,0,0.318218,0.728825,1.0505,0,0,0,3.80011,0,0,0,0,0.00215688,0,0,0.0283681,0,0,0.030525,0,0,0,0,0,0,0,0,0,0,0,22.6008,309.908,0,8.25452e-005,0.004509,
6,8,2,0,1.02146,0.221825,0,0,0,0.251224,0.725332,1.02048,0,0,0,3.24033,0,0,0,0,0.00592341,0,0,0.0275576,0,0,0.033481,0,0,0,0,0,0,0,0,0,0,0,22.4925,309.908,0,8.03496e-005,0.004509,
6,8,3,0,0.670475,0.221825,0,0,0,0.28472,0.725332,1.02048,0,0,0,2.92283,0,0,0,0,0,0,0,0.0275576,0,0,0.0275576,0,0,0,0,0,0,0,0,0,0,0,22.4809,309.908,0,8.04015e-005,0.004509,
6,8,4,0,0.394903,0.221825,0,0,0,0.351715,0.718346,0.960451,0,0,0,2.64724,0,0,0,0,0,0,0,0.0259366,0,0,0.0259366,0,0,0,0,0,0,0,0,0,0,0,22.4643,309.908,0,7.96333e-005,0.004509,
6,8,5,0,0.271336,0.221825,0,0,0,0.519197,0.732318,1.08051,0,0,0,2.82519,0,0,0,0,0.000551534,0,0,0.0291787,0,0,0.0297302,0,0,0,0,0,0,0,0,0,0,0,22.4802,309.908,0,8.03445e-005,0.004509,
6,8,6,0,1.09382,0.221825,0,0,0,0.703426,0.753275,1.26059,0,0,0,4.03294,0,0,0,0,0.104532,0,0,0.0340418,0,0,0.138574,0,0,0,0,0,0,0,0,0,0,0,22.3869,309.908,0,7.87472e-005,0.004509,
6,8,7,0,2.82549,0.221825,0,0,0,0.686679,0.760261,1.32062,0,0,0,5.81488,0,0,0,0,0.0943813,0,0,0.0356628,0,0,0.130044,0,0,0,0,0,0,0,0,0,0,0,19.4849,309.908,0,2.89303e-005,0.004509,
6,8,8,0,4.19345,0.221825,0,0,0,0.56944,0.735811,1.11052,0,0,0,6.83105,0,0,0,0,0.246381,0,0,0.0299892,0,0,0.27637,0,0,0,0,0,0,0,0,0,0,0,17.7245,309.908,0,5.14378e-006,0.004509,
6,8,9,0,5.33045,0.221825,0,0,0,0.4857,0.718346,0.960451,0,0,0,7.71677,0,0,0,0,0.340026,0,0,0.0259366,0,0,0.365963,0,0,0,0,0,0,0,0,0,0,0,17.4747,309.908,0,2.00141e-006,0.004509,
6,8,10,0,6.64755,0.221825,0,0,0,0.452204,0.721839,0.990466,0,0,0,9.03388,0,0,0,0,0.202072,0,0,0.0267471,0,0,0.228819,0,0,0,0,0,0,0,0,0,0,0,17.3715,309.908,0,4.7385e-007,0.004509,
6,8,11,0,7.966,0.221825,0,0,0,0.418708,0.721839,0.990466,0,0,0,10.3188,0,0,0,0,0.182869,0,0,0.0267471,0,0,0.209616,0,0,0,0,0,0,0,0,0,0,0,17.3378,309.908,0,5.07306e-007,0.004509,
6,8,12,0,8.73603,0.221825,0,0,0,0.351715,0.718346,0.960451,0,0,0,10.9884,0,0,0,0,0.116173,0,0,0.0259366,0,0,0.14211,0,0,0,0,0,0,0,0,0,0,0,17.3575,309.908,0,5.46927e-007,0.004509,
6,8,13,0,9.77381,0.221825,0,0,0,0.351715,0.721839,0.990466,0,0,0,12.0597,0,0,0,0,0.0862789,0,0,0.0267471,0,0,0.113026,0,0,0,0,0,0,0,0,0,0,0,17.6257,309.908,0,6.29228e-007,0.004509,
6,8,14,0,10.4443,0.221825,0,0,0,0.351715,0.728825,1.0505,0,0,0,12.7972,0,0,0,0,0.275369,0,0,0.0283681,0,0,0.303737,0,0,0,0,0,0,0,0,0,0,0,17.3498,309.908,0,6.91901e-007,0.004509,
6,8,15,0,10.2593,0.221825,0,0,0,0.435454,0.735811,1.11052,0,0,0,12.7629,0,0,0,0,0.0923728,0,0,0.0299892,0,0,0.122362,0,0,0,0,0,0,0,0,0,0,0,17.5425,309.908,0,4.03965e-006,0.004509,
6,8,16,0,10.3315,0.221825,0,0,0,0.519197,0.760261,1.32062,0,0,0,13.1534,0,0,0,0,0.0599435,0,0,0.0356628,0,0,0.0956063,0,0,0,0,0,0,0,0,0,0,0,17.5272,309.908,0,1.25069e-005,0.004509,
6,8,17,0,10.2904,0.221825,0,0,0,0.736923,0.791698,1.59075,0,0,0,13.6316,0,0,0,0,0.0558482,0,0,0.0429574,0,0,0.0988056,0,0,0,0,0,0,0,0,0,0,0,18.571,309.908,0,2.95852e-005,0.004509,
6,8,18,0,10.1241,0.221825,0,0,0,1.40685,0.809163,1.74082,0,0,0,14.3028,0,0,0,0,0.256677,0,0,0.04701,0,0,0.303687,0,0,0,0,0,0,0,0,0,0,0,21.4401,309.908,0,6.5006e-005,0.004509,
6,8,19,0,8.71452,0.221825,0,0,0,1.9763,0.816149,1.80085,0,0,0,13.5296,0,0,0,0,0.0623415,0,0,0.0486311,0,0,0.110973,0,0,0,0,0,0,0,0,0,0,0,23.6217,309.908,0,0.000107396,0.004509,
6,8,20,0,6.22852,0.221825,0,0,0,1.89255,0.823135,1.86088,0.382647,0,0,11.4096,0,0,0,0,0.275219,0,0,0.0502522,0,0,0.325471,0,0,0,0,0,0,0,0,0,0,0,23.6282,309.908,0,0.000106251,0.004509,
6,8,21,0,4.62584,0.221825,0,0,0,1.60783,0.816149,1.80085,0.382647,0,0,9.45515,0,0,0,0,0.041318,0,0,0.0486311,0,0,0.0899491,0,0,0,0,0,0,0,0,0,0,0,23.4992,309.908,0,0.000104386,0.004509,
6,8,22,0,3.17621,0.221825,0,0,0,1.05514,0.788205,1.56074,0.382647,0,0,7.18476,0,0,0,0,0.0591272,0,0,0.042147,0,0,0.101274,0,0,0,0,0,0,0,0,0,0,0,23.1668,309.908,0,9.18145e-005,0.004509,
6,8,23,0,1.79548,0.221825,0,0,0,0.636433,0.763754,1.35064,0.382647,0,0,5.15077,0,0,0,0,0.0578411,0,0,0.0364733,0,0,0.0943144,0,0,0,0,0,0,0,0,0,0,0,22.7997,309.908,0,8.25776e-005,0.004509,
6,8,24,0,0.842521,0.221825,0,0,0,0.385211,0.735811,1.11052,0,0,0,3.29589,0,0,0,0,0.00184901,0,0,0.0299892,0,0,0.0318382,0,0,0,0,0,0,0,0,0,0,0,22.644,309.908,0,8.04047e-005,0.004509,
6,9,1,0,0.49987,0.221825,0,0,0,0.318218,0.728825,1.0505,0,0,0,2.81923,0,0,0,0,0.0336377,0,0,0.0283681,0,0,0.0620058,0,0,0,0,0,0,0,0,0,0,0,22.564,309.908,0,7.96283e-005,0.004509,
6,9,2,0,0.355977,0.221825,0,0,0,0.251224,0.725332,1.02048,0,0,0,2.57484,0,0,0,0,0.0162711,0,0,0.0275576,0,0,0.0438287,0,0,0,0,0,0,0,0,0,0,0,22.5354,309.908,0,7.88913e-005,0.004509,
6,9,3,0,0.152141,0.221825,0,0,0,0.28472,0.725332,1.02048,0,0,0,2.4045,0,0,0,0,0,0,0,0.0275576,0,0,0.0275576,0,0,0,0,0,0,0,0,0,0,0,22.5246,309.908,0,7.8259e-005,0.004509,
6,9,4,0,0,0.221825,0,0,0,0.351715,0.718346,0.960451,0,0,0,2.25234,0,0,0,0,0,0,0,0.0259366,0,0,0.0259366,0,0,0,0,0,0,0,0,0,0,0,22.5235,309.908,0,7.82584e-005,0.004509,
6,9,5,0,0,0.221825,0,0,0,0.519197,0.732318,1.08051,0,0,0,2.55385,0,0,0,0,0.00308895,0,0,0.0291787,0,0,0.0322677,0,0,0,0,0,0,0,0,0,0,0,22.5245,309.908,0,7.84829e-005,0.004509,
6,9,6,0,0,0.221825,0,0,0,0.703426,0.753275,1.26059,0,0,0,2.93912,0,0,0,0,0.11069,0,0,0.0340418,0,0,0.144732,0,0,0,0,0,0,0,0,0,0,0,22.4303,309.908,0,7.76292e-005,0.004509,
6,9,7,0,0.428711,0.221825,0,0,0,0.686679,0.760261,1.32062,0,0,0,3.4181,0,0,0,0,0.0615268,0,0,0.0356628,0,0,0.0971896,0,0,0,0,0,0,0,0,0,0,0,19.1362,309.908,0,2.02846e-005,0.004509,
6,9,8,0,1.73233,0.221825,0,0,0,0.56944,0.735811,1.11052,0,0,0,4.36993,0,0,0,0,0.397933,0,0,0.0299892,0,0,0.427922,0,0,0,0,0,0,0,0,0,0,0,17.9808,309.908,0,2.13955e-006,0.004509,
6,9,9,0,2.88173,0.221825,0,0,0,0.4857,0.718346,0.960451,0,0,0,5.26805,0,0,0,0,0.0628552,0,0,0.0259366,0,0,0.0887918,0,0,0,0,0,0,0,0,0,0,0,17.8858,309.908,0,1.03601e-007,0.004509,
6,9,10,0,3.9005,0.221825,0,0,0,0.452204,0.721839,0.990466,0,0,0,6.28683,0,0,0,0,0.0509506,0,0,0.0267471,0,0,0.0776977,0,0,0,0,0,0,0,0,0,0,0,17.6927,309.908,0,0,0.004509,
6,9,11,0,4.73011,0.221825,0,0,0,0.418708,0.721839,0.990466,0,0,0,7.08294,0,0,0,0,0.078005,0,0,0.0267471,0,0,0.104752,0,0,0,0,0,0,0,0,0,0,0,17.1837,309.908,0,0,0.004509,
6,9,12,0,5.2008,0.221825,0,0,0,0.351715,0.718346,0.960451,0,0,0,7.45313,0,0,0,0,0.0663347,0,0,0.0259366,0,0,0.0922713,0,0,0,0,0,0,0,0,0,0,0,17.2063,309.908,0,0,0.004509,
6,9,13,0,5.66739,0.221825,0,0,0,0.351715,0.721839,0.990466,0,0,0,7.95323,0,0,0,0,0.0507263,0,0,0.0267471,0,0,0.0774734,0,0,0,0,0,0,0,0,0,0,0,17.4005,309.908,0,0,0.004509,
6,9,14,0,6.77459,0.221825,0,0,0,0.351715,0.728825,1.0505,0,0,0,9.12745,0,0,0,0,0.291859,0,0,0.0283681,0,0,0.320227,0,0,0,0,0,0,0,0,0,0,0,17.2109,309.908,0,0,0.004509,
6,9,15,0,7.47886,0.221825,0,0,0,0.435454,0.735811,1.11052,0,0,0,9.98247,0,0,0,0,0.0879465,0,0,0.0299892,0,0,0.117936,0,0,0,0,0,0,0,0,0,0,0,17.2219,309.908,0,0,0.004509,
6,9,16,0,7.51262,0.221825,0,0,0,0.519197,0.760261,1.32062,0,0,0,10.3345,0,0,0,0,0.0125286,0,0,0.0356628,0,0,0.0481914,0,0,0,0,0,0,0,0,0,0,0,17.2949,309.908,0,0,0.004509,
6,9,17,0,7.1607,0.221825,0,0,0,0.736923,0.791698,1.59075,0,0,0,10.5019,0,0,0,0,0.0264774,0,0,0.0429574,0,0,0.0694348,0,0,0,0,0,0,0,0,0,0,0,17.948,309.908,0,1.03955e-005,0.004509,
6,9,18,0,7.37878,0.221825,0,0,0,1.40685,0.809163,1.74082,0,0,0,11.5574,0,0,0,0,0.148665,0,0,0.04701,0,0,0.195675,0,0,0,0,0,0,0,0,0,0,0,20.8248,309.908,0,4.83317e-005,0.004509,
6,9,19,0,6.27414,0.221825,0,0,0,1.9763,0.816149,1.80085,0,0,0,11.0893,0,0,0,0,0.0442793,0,0,0.0486311,0,0,0.0929104,0,0,0,0,0,0,0,0,0,0,0,22.9456,309.908,0,9.02352e-005,0.004509,
6,9,20,0,4.21609,0.221825,0,0,0,1.89255,0.823135,1.86088,0.382647,0,0,9.39713,0,0,0,0,0.137295,0,0,0.0502522,0,0,0.187547,0,0,0,0,0,0,0,0,0,0,0,22.9709,309.908,0,8.98024e-005,0.004509,
6,9,21,0,2.88313,0.221825,0,0,0,1.60783,0.816149,1.80085,0.382647,0,0,7.71243,0,0,0,0,0.255366,0,0,0.0486311,0,0,0.303997,0,0,0,0,0,0,0,0,0,0,0,22.9039,309.908,0,8.86041e-005,0.004509,
6,9,22,0,1.6986,0.221825,0,0,0,1.05514,0.788205,1.56074,0.382647,0,0,5.70716,0,0,0,0,0.195793,0,0,0.042147,0,0,0.23794,0,0,0,0,0,0,0,0,0,0,0,22.7329,309.908,0,8.42045e-005,0.004509,
6,9,23,0,0.998624,0.221825,0,0,0,0.636433,0.763754,1.35064,0.382647,0,0,4.35392,0,0,0,0,0.00498749,0,0,0.0364733,0,0,0.0414608,0,0,0,0,0,0,0,0,0,0,0,22.6204,309.908,0,8.10945e-005,0.004509,
6,9,24,0,0.377654,0.221825,0,0,0,0.385211,0.735811,1.11052,0,0,0,2.83102,0,0,0,0,0.0585313,0,0,0.0299892,0,0,0.0885205,0,0,0,0,0,0,0,0,0,0,0,22.5339,309.908,0,7.89977e-005,0.004509,
6,10,1,0,0.0227448,0.221825,0,0,0,0.318218,0.728825,1.0505,0,0,0,2.34211,0,0,0,0,0.000375754,0,0,0.0283681,0,0,0.0287439,0,0,0,0,0,0,0,0,0,0,0,23.9403,309.908,0,0.000124351,0.004509,
6,10,2,0,0,0.221825,0,0,0,0.251224,0.725332,1.02048,0,0,0,2.21886,0,0,0,0,0.00296356,0,0,0.0275576,0,0,0.0305212,0,0,0,0,0,0,0,0,0,0,0,23.923,309.908,0,0.000123167,0.004509,
6,10,3,0,0,0.221825,0,0,0,0.28472,0.725332,1.02048,0,0,0,2.25236,0,0,0,0,0.00113495,0,0,0.0275576,0,0,0.0286925,0,0,0,0,0,0,0,0,0,0,0,23.9295,309.908,0,0.000123474,0.004509,
6,10,4,0,0,0.221825,0,0,0,0.351715,0.718346,0.960451,0,0,0,2.25234,0,0,0,0,0,0,0,0.0259366,0,0,0.0259366,0,0,0,0,0,0,0,0,0,0,0,23.9293,309.908,0,0.000123545,0.004509,
6,10,5,0,0,0.221825,0,0,0,0.519197,0.732318,1.08051,0,0,0,2.55385,0,0,0,0,0.00966851,0,0,0.0291787,0,0,0.0388472,0,0,0,0,0,0,0,0,0,0,0,23.9305,309.908,0,0.000123611,0.004509,
6,10,6,0,0,0.221825,0,0,0,0.703426,0.753275,1.26059,0,0,0,2.93912,0,0,0,0,0.152785,0,0,0.0340418,0,0,0.186827,0,0,0,0,0,0,0,0,0,0,0,23.7558,309.908,0,0.000121236,0.004509,
6,10,7,0,0,0.221825,0,0,0,0.686679,0.760261,1.32062,0,0,0,2.98939,0,0,0,0,0.4929,0,0,0.0356628,0,0,0.528563,0,0,0,0,0,0,0,0,0,0,0,21.4856,309.908,0,5.24211e-005,0.004509,
6,10,8,0,0,0.221825,0,0,0,0.56944,0.735811,1.11052,0,0,0,2.6376,0,0,0,0,0.160215,0,0,0.0299892,0,0,0.190204,0,0,0,0,0,0,0,0,0,0,0,18.969,309.908,0,1.60872e-005,0.004509,
6,10,9,0,0,0.221825,0,0,0,0.4857,0.718346,0.960451,0,0,0,2.38632,0,0,0,0,0.0910316,0,0,0.0259366,0,0,0.116968,0,0,0,0,0,0,0,0,0,0,0,17.8746,309.908,0,6.72009e-006,0.004509,
6,10,10,0,0,0.221825,0,0,0,0.452204,0.721839,0.990466,0,0,0,2.38633,0,0,0,0,0.0800843,0,0,0.0267471,0,0,0.106831,0,0,0,0,0,0,0,0,0,0,0,17.6558,309.908,0,7.08423e-007,0.004509,
6,10,11,0,0,0.221825,0,0,0,0.418708,0.721839,0.990466,0,0,0,2.35284,0,0,0,0,0.043454,0,0,0.0267471,0,0,0.0702011,0,0,0,0,0,0,0,0,0,0,0,17.8519,309.908,0,0,0.004509,
6,10,12,0,0,0.221825,0,0,0,0.351715,0.718346,0.960451,0,0,0,2.25234,0,0,0,0,0.0620407,0,0,0.0259366,0,0,0.0879773,0,0,0,0,0,0,0,0,0,0,0,17.8611,309.908,0,0,0.004509,
6,10,13,0,0.0461471,0.221825,0,0,0,0.351715,0.721839,0.990466,0,0,0,2.33199,0,0,0,0,0.0326434,0,0,0.0267471,0,0,0.0593905,0,0,0,0,0,0,0,0,0,0,0,17.8917,309.908,0,0,0.004509,
6,10,14,0,0.675462,0.221825,0,0,0,0.351715,0.728825,1.0505,0,0,0,3.02832,0,0,0,0,0.259034,0,0,0.0283681,0,0,0.287402,0,0,0,0,0,0,0,0,0,0,0,17.8762,309.908,0,0,0.004509,
6,10,15,0,1.31457,0.221825,0,0,0,0.435454,0.735811,1.11052,0,0,0,3.81818,0,0,0,0,0.0202623,0,0,0.0299892,0,0,0.0502515,0,0,0,0,0,0,0,0,0,0,0,18.342,309.908,0,0,0.004509,
6,10,16,0,2.41414,0.221825,0,0,0,0.519197,0.760261,1.32062,0,0,0,5.23605,0,0,0,0,0.124261,0,0,0.0356628,0,0,0.159924,0,0,0,0,0,0,0,0,0,0,0,18.0147,309.908,0,6.60886e-008,0.004509,
6,10,17,0,3.19297,0.221825,0,0,0,0.736923,0.791698,1.59075,0,0,0,6.53417,0,0,0,0,0.14185,0,0,0.0429574,0,0,0.184807,0,0,0,0,0,0,0,0,0,0,0,18.884,309.908,0,1.47235e-005,0.004509,
6,10,18,0,3.80975,0.221825,0,0,0,1.40685,0.809163,1.74082,0,0,0,7.98841,0,0,0,0,0.0884834,0,0,0.04701,0,0,0.135493,0,0,0,0,0,0,0,0,0,0,0,21.5763,309.908,0,6.22771e-005,0.004509,
6,10,19,0,3.44625,0.221825,0,0,0,1.9763,0.816149,1.80085,0,0,0,8.26136,0,0,0,0,0.137593,0,0,0.0486311,0,0,0.186224,0,0,0,0,0,0,0,0,0,0,0,25.5675,309.908,0,0.000155712,0.004509,
6,10,20,0,2.19353,0.221825,0,0,0,1.89255,0.823135,1.86088,0.382647,0,0,7.37456,0,0,0,0,0.36403,0,0,0.0502522,0,0,0.414282,0,0,0,0,0,0,0,0,0,0,0,25.5365,309.908,0,0.000154949,0.004509,
6,10,21,0,1.36237,0.221825,0,0,0,1.60783,0.816149,1.80085,0.382647,0,0,6.19167,0,0,0,0,0.156155,0,0,0.0486311,0,0,0.204786,0,0,0,0,0,0,0,0,0,0,0,25.3899,309.908,0,0.000151553,0.004509,
6,10,22,0,0,0.221825,0,0,0,1.05514,0.788205,1.56074,0.382647,0,0,4.00855,0,0,0,0,0.138175,0,0,0.042147,0,0,0.180322,0,0,0,0,0,0,0,0,0,0,0,24.8751,309.908,0,0.000141296,0.004509,
6,10,23,0,0.0227024,0.221825,0,0,0,0.636433,0.763754,1.35064,0.382647,0,0,3.378,0,0,0,0,0.0659498,0,0,0.0364733,0,0,0.102423,0,0,0,0,0,0,0,0,0,0,0,24.5681,309.908,0,0.000131865,0.004509,
6,10,24,0,0.0154063,0.221825,0,0,0,0.385211,0.735811,1.11052,0,0,0,2.46878,0,0,0,0,0,0,0,0.0299892,0,0,0.0299892,0,0,0,0,0,0,0,0,0,0,0,24.3346,309.908,0,0.000127859,0.004509,
6,11,1,0,0,0.221825,0,0,0,0.318218,0.728825,1.0505,0,0,0,2.31936,0,0,0,0,0.0289478,0,0,0.0283681,0,0,0.0573159,0,0,0,0,0,0,0,0,0,0,0,23.9869,309.908,0,0.000120541,0.004509,
6,11,2,0,0,0.221825,0,0,0,0.251224,0.725332,1.02048,0,0,0,2.21886,0,0,0,0,0.0153587,0,0,0.0275576,0,0,0.0429163,0,0,0,0,0,0,0,0,0,0,0,23.9803,309.908,0,0.000120571,0.004509,
6,11,3,0,0,0.221825,0,0,0,0.28472,0.725332,1.02048,0,0,0,2.25236,0,0,0,0,0,0,0,0.0275576,0,0,0.0275576,0,0,0,0,0,0,0,0,0,0,0,23.9915,309.908,0,0.00012076,0.004509,
6,11,4,0,0,0.221825,0,0,0,0.351715,0.718346,0.960451,0,0,0,2.25234,0,0,0,0,0.000224419,0,0,0.0259366,0,0,0.026161,0,0,0,0,0,0,0,0,0,0,0,23.9925,309.908,0,0.000120806,0.004509,
6,11,5,0,0,0.221825,0,0,0,0.519197,0.732318,1.08051,0,0,0,2.55385,0,0,0,0,0.000224419,0,0,0.0291787,0,0,0.0294031,0,0,0,0,0,0,0,0,0,0,0,23.9922,309.908,0,0.000120982,0.004509,
6,11,6,0,0,0.221825,0,0,0,0.703426,0.753275,1.26059,0,0,0,2.93912,0,0,0,0,0.110272,0,0,0.0340418,0,0,0.144314,0,0,0,0,0,0,0,0,0,0,0,23.8442,309.908,0,0.000118376,0.004509,
6,11,7,0,0,0.221825,0,0,0,0.686679,0.760261,1.32062,0,0,0,2.98939,0,0,0,0,0.272358,0,0,0.0356628,0,0,0.308021,0,0,0,0,0,0,0,0,0,0,0,21.86,309.908,0,5.43794e-005,0.004509,
6,11,8,0,0.0508899,0.221825,0,0,0,0.56944,0.735811,1.11052,0,0,0,2.68849,0,0,0,0,0.146738,0,0,0.0299892,0,0,0.176727,0,0,0,0,0,0,0,0,0,0,0,18.7812,309.908,0,1.35296e-005,0.004509,
6,11,9,0,0.827602,0.221825,0,0,0,0.4857,0.718346,0.960451,0,0,0,3.21392,0,0,0,0,0.190613,0,0,0.0259366,0,0,0.21655,0,0,0,0,0,0,0,0,0,0,0,18.1256,309.908,0,3.47052e-006,0.004509,
6,11,10,0,2.07634,0.221825,0,0,0,0.452204,0.721839,0.990466,0,0,0,4.46267,0,0,0,0,0.0453513,0,0,0.0267471,0,0,0.0720984,0,0,0,0,0,0,0,0,0,0,0,17.8867,309.908,0,0,0.004509,
6,11,11,0,3.26307,0.221825,0,0,0,0.418708,0.721839,0.990466,0,0,0,5.61591,0,0,0,0,0.0860956,0,0,0.0267471,0,0,0.112843,0,0,0,0,0,0,0,0,0,0,0,17.874,309.908,0,0,0.004509,
6,11,12,0,4.49641,0.221825,0,0,0,0.351715,0.718346,0.960451,0,0,0,6.74875,0,0,0,0,0.126832,0,0,0.0259366,0,0,0.152769,0,0,0,0,0,0,0,0,0,0,0,17.9237,309.908,0,0,0.004509,
6,11,13,0,5.63772,0.221825,0,0,0,0.351715,0.721839,0.990466,0,0,0,7.92357,0,0,0,0,0.0800295,0,0,0.0267471,0,0,0.106777,0,0,0,0,0,0,0,0,0,0,0,17.9513,309.908,0,0,0.004509,
6,11,14,0,6.47918,0.221825,0,0,0,0.351715,0.728825,1.0505,0,0,0,8.83204,0,0,0,0,0.324724,0,0,0.0283681,0,0,0.353092,0,0,0,0,0,0,0,0,0,0,0,17.9402,309.908,0,0,0.004509,
6,11,15,0,7.05039,0.221825,0,0,0,0.435454,0.735811,1.11052,0,0,0,9.55401,0,0,0,0,0.0941343,0,0,0.0299892,0,0,0.124124,0,0,0,0,0,0,0,0,0,0,0,18.4783,309.908,0,9.0925e-007,0.004509,
6,11,16,0,6.59991,0.221825,0,0,0,0.519197,0.760261,1.32062,0,0,0,9.42181,0,0,0,0,0.126905,0,0,0.0356628,0,0,0.162568,0,0,0,0,0,0,0,0,0,0,0,18.6119,309.908,0,1.07134e-005,0.004509,
6,11,17,0,6.43246,0.221825,0,0,0,0.736923,0.791698,1.59075,0,0,0,9.77366,0,0,0,0,0.183191,0,0,0.0429574,0,0,0.226148,0,0,0,0,0,0,0,0,0,0,0,20.4616,309.908,0,4.11532e-005,0.004509,
6,11,18,0,5.98882,0.221825,0,0,0,1.40685,0.809163,1.74082,0,0,0,10.1675,0,0,0,0,0.158345,0,0,0.04701,0,0,0.205355,0,0,0,0,0,0,0,0,0,0,0,24.3302,309.908,0,0.000127099,0.004509,
6,11,19,0,5.32354,0.221825,0,0,0,1.9763,0.816149,1.80085,0,0,0,10.1387,0,0,0,0,0.208557,0,0,0.0486311,0,0,0.257188,0,0,0,0,0,0,0,0,0,0,0,25.6073,309.908,0,0.000162469,0.004509,
6,11,20,0,4.30059,0.221825,0,0,0,1.89255,0.823135,1.86088,0.382647,0,0,9.48162,0,0,0,0,0.129679,0,0,0.0502522,0,0,0.179931,0,0,0,0,0,0,0,0,0,0,0,25.5514,309.908,0,0.00016048,0.004509,
6,11,21,0,3.14654,0.221825,0,0,0,1.60783,0.816149,1.80085,0.382647,0,0,7.97584,0,0,0,0,0.18215,0,0,0.0486311,0,0,0.230781,0,0,0,0,0,0,0,0,0,0,0,25.3415,309.908,0,0.000158713,0.004509,
6,11,22,0,1.9919,0.221825,0,0,0,1.05514,0.788205,1.56074,0.382647,0,0,6.00045,0,0,0,0,0.163409,0,0,0.042147,0,0,0.205556,0,0,0,0,0,0,0,0,0,0,0,24.708,309.908,0,0.000135135,0.004509,
6,11,23,0,1.14633,0.221825,0,0,0,0.636433,0.763754,1.35064,0.382647,0,0,4.50162,0,0,0,0,0.0300075,0,0,0.0364733,0,0,0.0664808,0,0,0,0,0,0,0,0,0,0,0,24.2257,309.908,0,0.000125197,0.004509,
6,11,24,0,0.609228,0.221825,0,0,0,0.385211,0.735811,1.11052,0,0,0,3.0626,0,0,0,0,0.0477923,0,0,0.0299892,0,0,0.0777815,0,0,0,0,0,0,0,0,0,0,0,24.0738,309.908,0,0.000120989,0.004509,
6,12,1,0,0.244425,0.221825,0,0,0,0.318218,0.728825,1.0505,0,0,0,2.56379,0,0,0,0,0.00394664,0,0,0.0283681,0,0,0.0323147,0,0,0,0,0,0,0,0,0,0,0,22.9793,309.908,0,8.70483e-005,0.004509,
6,12,2,0,0.0123089,0.221825,0,0,0,0.251224,0.725332,1.02048,0,0,0,2.23117,0,0,0,0,0.00949284,0,0,0.0275576,0,0,0.0370504,0,0,0,0,0,0,0,0,0,0,0,22.9425,309.908,0,8.6678e-005,0.004509,
6,12,3,0,0,0.221825,0,0,0,0.28472,0.725332,1.02048,0,0,0,2.25236,0,0,0,0,0.00480747,0,0,0.0275576,0,0,0.0323651,0,0,0,0,0,0,0,0,0,0,0,22.9431,309.908,0,8.66338e-005,0.004509,
6,12,4,0,0,0.221825,0,0,0,0.351715,0.718346,0.960451,0,0,0,2.25234,0,0,0,0,0.000529687,0,0,0.0259366,0,0,0.0264663,0,0,0,0,0,0,0,0,0,0,0,22.9554,309.908,0,8.68955e-005,0.004509,
6,12,5,0,0,0.221825,0,0,0,0.519197,0.732318,1.08051,0,0,0,2.55385,0,0,0,0,0.100179,0,0,0.0291787,0,0,0.129358,0,0,0,0,0,0,0,0,0,0,0,22.9561,309.908,0,8.69306e-005,0.004509,
6,12,6,0,0,0.221825,0,0,0,0.703426,0.753275,1.26059,0,0,0,2.93912,0,0,0,0,0.145986,0,0,0.0340418,0,0,0.180028,0,0,0,0,0,0,0,0,0,0,0,22.8619,309.908,0,8.52647e-005,0.004509,
6,12,7,0,0.0287929,0.221825,0,0,0,0.686679,0.760261,1.32062,0,0,0,3.01818,0,0,0,0,0.221576,0,0,0.0356628,0,0,0.257239,0,0,0,0,0,0,0,0,0,0,0,21.2947,309.908,0,4.53997e-005,0.004509,
6,12,8,0,0.63948,0.221825,0,0,0,0.56944,0.735811,1.11052,0,0,0,3.27708,0,0,0,0,0.395451,0,0,0.0299892,0,0,0.42544,0,0,0,0,0,0,0,0,0,0,0,18.1237,309.908,0,6.84278e-006,0.004509,
6,12,9,0,1.69404,0.221825,0,0,0,0.4857,0.718346,0.960451,0,0,0,4.08036,0,0,0,0,0.193021,0,0,0.0259366,0,0,0.218958,0,0,0,0,0,0,0,0,0,0,0,17.6801,309.908,0,0,0.004509,
6,12,10,0,3.05488,0.221825,0,0,0,0.452204,0.721839,0.990466,0,0,0,5.44122,0,0,0,0,0.101568,0,0,0.0267471,0,0,0.128315,0,0,0,0,0,0,0,0,0,0,0,17.5119,309.908,0,0,0.004509,
6,12,11,0,3.68385,0.221825,0,0,0,0.418708,0.721839,0.990466,0,0,0,6.03669,0,0,0,0,0.195366,0,0,0.0267471,0,0,0.222113,0,0,0,0,0,0,0,0,0,0,0,17.7275,309.908,0,0,0.004509,
6,12,12,0,4.00406,0.221825,0,0,0,0.351715,0.718346,0.960451,0,0,0,6.2564,0,0,0,0,0.0400386,0,0,0.0259366,0,0,0.0659752,0,0,0,0,0,0,0,0,0,0,0,17.5843,309.908,0,0,0.004509,
6,12,13,0,4.34322,0.221825,0,0,0,0.351715,0.721839,0.990466,0,0,0,6.62907,0,0,0,0,0.0559753,0,0,0.0267471,0,0,0.0827224,0,0,0,0,0,0,0,0,0,0,0,17.6085,309.908,0,0,0.004509,
6,12,14,0,4.85604,0.221825,0,0,0,0.351715,0.728825,1.0505,0,0,0,7.2089,0,0,0,0,0.242234,0,0,0.0283681,0,0,0.270602,0,0,0,0,0,0,0,0,0,0,0,17.6703,309.908,0,0,0.004509,
6,12,15,0,5.60007,0.221825,0,0,0,0.435454,0.735811,1.11052,0,0,0,8.10368,0,0,0,0,0.146108,0,0,0.0299892,0,0,0.176097,0,0,0,0,0,0,0,0,0,0,0,18.0215,309.908,0,1.09681e-006,0.004509,
6,12,16,0,6.24829,0.221825,0,0,0,0.519197,0.760261,1.32062,0,0,0,9.0702,0,0,0,0,0.139854,0,0,0.0356628,0,0,0.175517,0,0,0,0,0,0,0,0,0,0,0,17.7857,309.908,0,4.35819e-007,0.004509,
6,12,17,0,6.55606,0.221825,0,0,0,0.736923,0.791698,1.59075,0,0,0,9.89726,0,0,0,0,0.11548,0,0,0.0429574,0,0,0.158437,0,0,0,0,0,0,0,0,0,0,0,18.3671,309.908,0,1.91215e-005,0.004509,
6,12,18,0,6.55396,0.221825,0,0,0,1.40685,0.809163,1.74082,0,0,0,10.7326,0,0,0,0,0.138289,0,0,0.04701,0,0,0.185299,0,0,0,0,0,0,0,0,0,0,0,21.1986,309.908,0,6.27091e-005,0.004509,
6,12,19,0,5.48428,0.221825,0,0,0,1.9763,0.816149,1.80085,0,0,0,10.2994,0,0,0,0,0.128846,0,0,0.0486311,0,0,0.177477,0,0,0,0,0,0,0,0,0,0,0,24.1711,309.908,0,0.000114749,0.004509,
6,12,20,0,3.68726,0.221825,0,0,0,1.89255,0.823135,1.86088,0.382647,0,0,8.8683,0,0,0,0,0.164237,0,0,0.0502522,0,0,0.214489,0,0,0,0,0,0,0,0,0,0,0,24.2555,309.908,0,0.000113704,0.004509,
6,12,21,0,2.6194,0.221825,0,0,0,1.60783,0.816149,1.80085,0.382647,0,0,7.4487,0,0,0,0,0.10257,0,0,0.0486311,0,0,0.151201,0,0,0,0,0,0,0,0,0,0,0,23.9544,309.908,0,0.000112142,0.004509,
6,12,22,0,1.62356,0.221825,0,0,0,1.05514,0.788205,1.56074,0.382647,0,0,5.63211,0,0,0,0,0.0278355,0,0,0.042147,0,0,0.0699825,0,0,0,0,0,0,0,0,0,0,0,23.5365,309.908,0,9.97218e-005,0.004509,
6,12,23,0,0.857364,0.221825,0,0,0,0.636433,0.763754,1.35064,0.382647,0,0,4.21266,0,0,0,0,0.0535311,0,0,0.0364733,0,0,0.0900044,0,0,0,0,0,0,0,0,0,0,0,23.2165,309.908,0,8.96851e-005,0.004509,
6,12,24,0,0.407534,0.221825,0,0,0,0.385211,0.735811,1.11052,0,0,0,2.8609,0,0,0,0,0,0,0,0.0299892,0,0,0.0299892,0,0,0,0,0,0,0,0,0,0,0,23.0229,309.908,0,8.76019e-005,0.004509,
6,13,1,0,0.210771,0.221825,0,0,0,0.318218,0.728825,1.0505,0,0,0,2.53013,0,0,0,0,0.000443427,0,0,0.0283681,0,0,0.0288115,0,0,0,0,0,0,0,0,0,0,0,23.335,309.908,0,9.5035e-005,0.004509,
6,13,2,0,0.0213195,0.221825,0,0,0,0.251224,0.725332,1.02048,0,0,0,2.24018,0,0,0,0,0,0,0,0.0275576,0,0,0.0275576,0,0,0,0,0,0,0,0,0,0,0,23.3312,309.908,0,9.4861e-005,0.004509,
6,13,3,0,0,0.221825,0,0,0,0.28472,0.725332,1.02048,0,0,0,2.25236,0,0,0,0,0,0,0,0.0275576,0,0,0.0275576,0,0,0,0,0,0,0,0,0,0,0,23.3326,309.908,0,9.47508e-005,0.004509,
6,13,4,0,0,0.221825,0,0,0,0.351715,0.718346,0.960451,0,0,0,2.25234,0,0,0,0,0,0,0,0.0259366,0,0,0.0259366,0,0,0,0,0,0,0,0,0,0,0,23.3347,309.908,0,9.48135e-005,0.004509,
6,13,5,0,0,0.221825,0,0,0,0.519197,0.732318,1.08051,0,0,0,2.55385,0,0,0,0,0,0,0,0.0291787,0,0,0.0291787,0,0,0,0,0,0,0,0,0,0,0,23.3358,309.908,0,9.49133e-005,0.004509,
6,13,6,0,0,0.221825,0,0,0,0.703426,0.753275,1.26059,0,0,0,2.93912,0,0,0,0,0.00187329,0,0,0.0340418,0,0,0.0359151,0,0,0,0,0,0,0,0,0,0,0,23.0635,309.908,0,8.74562e-005,0.004509,
6,13,7,0,0,0.221825,0,0,0,0.686679,0.760261,1.32062,0,0,0,2.98939,0,0,0,0,0.012405,0,0,0.0356628,0,0,0.0480678,0,0,0,0,0,0,0,0,0,0,0,20.6268,309.908,0,2.41498e-005,0.004509,
6,13,8,0,0.13987,0.221825,0,0,0,0.56944,0.735811,1.11052,0,0,0,2.77747,0,0,0,0,0.285359,0,0,0.0299892,0,0,0.315348,0,0,0,0,0,0,0,0,0,0,0,18.9083,309.908,0,6.49617e-006,0.004509,
6,13,9,0,0.953682,0.221825,0,0,0,0.4857,0.718346,0.960451,0,0,0,3.34,0,0,0,0,0.26804,0,0,0.0259366,0,0,0.293977,0,0,0,0,0,0,0,0,0,0,0,17.9278,309.908,0,0,0.004509,
6,13,10,0,2.05956,0.221825,0,0,0,0.452204,0.721839,0.990466,0,0,0,4.44589,0,0,0,0,0.180109,0,0,0.0267471,0,0,0.206856,0,0,0,0,0,0,0,0,0,0,0,17.3762,309.908,0,0,0.004509,
6,13,11,0,2.87105,0.221825,0,0,0,0.418708,0.721839,0.990466,0,0,0,5.22388,0,0,0,0,0.147152,0,0,0.0267471,0,0,0.173899,0,0,0,0,0,0,0,0,0,0,0,17.1356,309.908,0,0,0.004509,
6,13,12,0,3.41152,0.221825,0,0,0,0.351715,0.718346,0.960451,0,0,0,5.66385,0,0,0,0,0.0251461,0,0,0.0259366,0,0,0.0510827,0,0,0,0,0,0,0,0,0,0,0,17.163,309.908,0,0,0.004509,
6,13,13,0,4.03677,0.221825,0,0,0,0.351715,0.721839,0.990466,0,0,0,6.32261,0,0,0,0,0.233951,0,0,0.0267471,0,0,0.260698,0,0,0,0,0,0,0,0,0,0,0,17.3445,309.908,0,0,0.004509,
6,13,14,0,4.82102,0.221825,0,0,0,0.351715,0.728825,1.0505,0,0,0,7.17388,0,0,0,0,0.053646,0,0,0.0283681,0,0,0.0820141,0,0,0,0,0,0,0,0,0,0,0,17.3324,309.908,0,0,0.004509,
6,13,15,0,5.75623,0.221825,0,0,0,0.435454,0.735811,1.11052,0,0,0,8.25985,0,0,0,0,0.0267569,0,0,0.0299892,0,0,0.0567461,0,0,0,0,0,0,0,0,0,0,0,17.1748,309.908,0,0,0.004509,
6,13,16,0,6.47317,0.221825,0,0,0,0.519197,0.760261,1.32062,0,0,0,9.29508,0,0,0,0,0.0142023,0,0,0.0356628,0,0,0.0498651,0,0,0,0,0,0,0,0,0,0,0,17.1966,309.908,0,0,0.004509,
6,13,17,0,6.74364,0.221825,0,0,0,0.736923,0.791698,1.59075,0,0,0,10.0848,0,0,0,0,0.0508743,0,0,0.0429574,0,0,0.0938317,0,0,0,0,0,0,0,0,0,0,0,17.9871,309.908,0,9.38362e-006,0.004509,
6,13,18,0,6.76356,0.221825,0,0,0,1.40685,0.809163,1.74082,0,0,0,10.9422,0,0,0,0,0.264336,0,0,0.04701,0,0,0.311346,0,0,0,0,0,0,0,0,0,0,0,20.1473,309.908,0,4.23311e-005,0.004509,
6,13,19,0,5.7452,0.221825,0,0,0,1.9763,0.816149,1.80085,0,0,0,10.5603,0,0,0,0,0.0505022,0,0,0.0486311,0,0,0.0991333,0,0,0,0,0,0,0,0,0,0,0,24.2095,309.908,0,0.0001181,0.004509,
6,13,20,0,3.66962,0.221825,0,0,0,1.89255,0.823135,1.86088,0.382647,0,0,8.85065,0,0,0,0,0.110711,0,0,0.0502522,0,0,0.160963,0,0,0,0,0,0,0,0,0,0,0,24.3426,309.908,0,0.000119793,0.004509,
6,13,21,0,2.29003,0.221825,0,0,0,1.60783,0.816149,1.80085,0.382647,0,0,7.11933,0,0,0,0,0.199301,0,0,0.0486311,0,0,0.247932,0,0,0,0,0,0,0,0,0,0,0,24.218,309.908,0,0.000118117,0.004509,
6,13,22,0,0.715223,0.221825,0,0,0,1.05514,0.788205,1.56074,0.382647,0,0,4.72378,0,0,0,0,0.0108709,0,0,0.042147,0,0,0.0530179,0,0,0,0,0,0,0,0,0,0,0,23.8393,309.908,0,0.000106886,0.004509,
6,13,23,0,0.415664,0.221825,0,0,0,0.636433,0.763754,1.35064,0.382647,0,0,3.77096,0,0,0,0,0.00020016,0,0,0.0364733,0,0,0.0366735,0,0,0,0,0,0,0,0,0,0,0,23.5489,309.908,0,9.89377e-005,0.004509,
6,13,24,0,0.111955,0.221825,0,0,0,0.385211,0.735811,1.11052,0,0,0,2.56533,0,0,0,0,0.00457212,0,0,0.0299892,0,0,0.0345613,0,0,0,0,0,0,0,0,0,0,0,23.4322,309.908,0,9.4578e-005,0.004509,
6,14,1,0,0,0.221825,0,0,0,0.318218,0.728825,1.0505,0,0,0,2.31936,0,0,0,0,0,0,0,0.0283681,0,0,0.0283681,0,0,0,0,0,0,0,0,0,0,0,22.9036,309.908,0,8.24393e-005,0.004509,
6,14,2,0,0,0.221825,0,0,0,0.251224,0.725332,1.02048,0,0,0,2.21886,0,0,0,0,0.0282443,0,0,0.0275576,0,0,0.0558019,0,0,0,0,0,0,0,0,0,0,0,22.8995,309.908,0,8.26817e-005,0.004509,
6,14,3,0,0,0.221825,0,0,0,0.28472,0.725332,1.02048,0,0,0,2.25236,0,0,0,0,0.019115,0,0,0.0275576,0,0,0.0466726,0,0,0,0,0,0,0,0,0,0,0,22.9083,309.908,0,8.26608e-005,0.004509,
6,14,4,0,0,0.221825,0,0,0,0.351715,0.718346,0.960451,0,0,0,2.25234,0,0,0,0,0,0,0,0.0259366,0,0,0.0259366,0,0,0,0,0,0,0,0,0,0,0,22.9094,309.908,0,8.28043e-005,0.004509,
6,14,5,0,0,0.221825,0,0,0,0.519197,0.732318,1.08051,0,0,0,2.55385,0,0,0,0,0,0,0,0.0291787,0,0,0.0291787,0,0,0,0,0,0,0,0,0,0,0,22.9177,309.908,0,8.29746e-005,0.004509,
6,14,6,0,0,0.221825,0,0,0,0.703426,0.753275,1.26059,0,0,0,2.93912,0,0,0,0,0.117303,0,0,0.0340418,0,0,0.151345,0,0,0,0,0,0,0,0,0,0,0,22.8086,309.908,0,8.07737e-005,0.004509,
6,14,7,0,0,0.221825,0,0,0,0.686679,0.760261,1.32062,0,0,0,2.98939,0,0,0,0,0.255948,0,0,0.0356628,0,0,0.291611,0,0,0,0,0,0,0,0,0,0,0,19.3701,309.908,0,2.64866e-005,0.004509,
6,14,8,0,0,0.221825,0,0,0,0.56944,0.735811,1.11052,0,0,0,2.6376,0,0,0,0,0.204796,0,0,0.0299892,0,0,0.234785,0,0,0,0,0,0,0,0,0,0,0,17.5948,309.908,0,2.97281e-006,0.004509,
6,14,9,0,0,0.221825,0,0,0,0.4857,0.718346,0.960451,0,0,0,2.38632,0,0,0,0,0.362194,0,0,0.0259366,0,0,0.388131,0,0,0,0,0,0,0,0,0,0,0,17.2478,309.908,0,0,0.004509,
6,14,10,0,0,0.221825,0,0,0,0.452204,0.721839,0.990466,0,0,0,2.38633,0,0,0,0,0.192446,0,0,0.0267471,0,0,0.219193,0,0,0,0,0,0,0,0,0,0,0,17.5496,309.908,0,0,0.004509,
6,14,11,0,0.439085,0.221825,0,0,0,0.418708,0.721839,0.990466,0,0,0,2.79192,0,0,0,0,0.126121,0,0,0.0267471,0,0,0.152868,0,0,0,0,0,0,0,0,0,0,0,17.2817,309.908,0,0,0.004509,
6,14,12,0,1.13061,0.221825,0,0,0,0.351715,0.718346,0.960451,0,0,0,3.38295,0,0,0,0,0.0499788,0,0,0.0259366,0,0,0.0759154,0,0,0,0,0,0,0,0,0,0,0,17.3029,309.908,0,0,0.004509,
6,14,13,0,2.27394,0.221825,0,0,0,0.351715,0.721839,0.990466,0,0,0,4.55979,0,0,0,0,0.152605,0,0,0.0267471,0,0,0.179352,0,0,0,0,0,0,0,0,0,0,0,17.5477,309.908,0,0,0.004509,
6,14,14,0,3.64076,0.221825,0,0,0,0.351715,0.728825,1.0505,0,0,0,5.99362,0,0,0,0,0.050462,0,0,0.0283681,0,0,0.0788301,0,0,0,0,0,0,0,0,0,0,0,17.293,309.908,0,8.06227e-007,0.004509,
6,14,15,0,4.95333,0.221825,0,0,0,0.435454,0.735811,1.11052,0,0,0,7.45694,0,0,0,0,0.0744013,0,0,0.0299892,0,0,0.104391,0,0,0,0,0,0,0,0,0,0,0,17.4639,309.908,0,1.52078e-006,0.004509,
6,14,16,0,5.88908,0.221825,0,0,0,0.519197,0.760261,1.32062,0,0,0,8.71098,0,0,0,0,0.0188307,0,0,0.0356628,0,0,0.0544935,0,0,0,0,0,0,0,0,0,0,0,17.3844,309.908,0,9.05351e-007,0.004509,
6,14,17,0,6.59027,0.221825,0,0,0,0.736923,0.791698,1.59075,0,0,0,9.93147,0,0,0,0,0.211395,0,0,0.0429574,0,0,0.254352,0,0,0,0,0,0,0,0,0,0,0,18.0701,309.908,0,1.70909e-005,0.004509,
6,14,18,0,6.9105,0.221825,0,0,0,1.40685,0.809163,1.74082,0,0,0,11.0892,0,0,0,0,0.151994,0,0,0.04701,0,0,0.199004,0,0,0,0,0,0,0,0,0,0,0,20.9339,309.908,0,5.50103e-005,0.004509,
6,14,19,0,5.98732,0.221825,0,0,0,1.9763,0.816149,1.80085,0,0,0,10.8024,0,0,0,0,0.0716715,0,0,0.0486311,0,0,0.120303,0,0,0,0,0,0,0,0,0,0,0,23.949,309.908,0,0.000108427,0.004509,
6,14,20,0,3.81273,0.221825,0,0,0,1.89255,0.823135,1.86088,0.382647,0,0,8.99376,0,0,0,0,0.0634673,0,0,0.0502522,0,0,0.11372,0,0,0,0,0,0,0,0,0,0,0,24.1564,309.908,0,0.000110962,0.004509,
6,14,21,0,2.33829,0.221825,0,0,0,1.60783,0.816149,1.80085,0.382647,0,0,7.1676,0,0,0,0,0.0844172,0,0,0.0486311,0,0,0.133048,0,0,0,0,0,0,0,0,0,0,0,24.0554,309.908,0,0.000109706,0.004509,
6,14,22,0,1.05247,0.221825,0,0,0,1.05514,0.788205,1.56074,0.382647,0,0,5.06102,0,0,0,0,0.0112481,0,0,0.042147,0,0,0.0533951,0,0,0,0,0,0,0,0,0,0,0,23.6329,309.908,0,9.965e-005,0.004509,
6,14,23,0,0.388795,0.221825,0,0,0,0.636433,0.763754,1.35064,0.382647,0,0,3.74409,0,0,0,0,0.00519536,0,0,0.0364733,0,0,0.0416687,0,0,0,0,0,0,0,0,0,0,0,23.2913,309.908,0,8.9978e-005,0.004509,
6,14,24,0,0.0560291,0.221825,0,0,0,0.385211,0.735811,1.11052,0,0,0,2.5094,0,0,0,0,0.00138818,0,0,0.0299892,0,0,0.0313774,0,0,0,0,0,0,0,0,0,0,0,23.0326,309.908,0,8.55907e-005,0.004509,
6,15,1,0,0,0.221825,0,0,0,0.318218,0.728825,1.0505,0,0,0,2.31936,0,0,0,0,0.0324652,0,0,0.0283681,0,0,0.0608333,0,0,0,0,0,0,0,0,0,0,0,21.7051,309.908,0,6.5213e-005,0.004509,
6,15,2,0,0,0.221825,0,0,0,0.251224,0.725332,1.02048,0,0,0,2.21886,0,0,0,0,0.0156574,0,0,0.0275576,0,0,0.043215,0,0,0,0,0,0,0,0,0,0,0,21.6653,309.908,0,6.42844e-005,0.004509,
6,15,3,0,0,0.221825,0,0,0,0.28472,0.725332,1.02048,0,0,0,2.25236,0,0,0,0,0,0,0,0.0275576,0,0,0.0275576,0,0,0,0,0,0,0,0,0,0,0,21.6651,309.908,0,6.42049e-005,0.004509,
6,15,4,0,0,0.221825,0,0,0,0.351715,0.718346,0.960451,0,0,0,2.25234,0,0,0,0,0,0,0,0.0259366,0,0,0.0259366,0,0,0,0,0,0,0,0,0,0,0,21.6662,309.908,0,6.4368e-005,0.004509,
6,15,5,0,0,0.221825,0,0,0,0.519197,0.732318,1.08051,0,0,0,2.55385,0,0,0,0,0.00577851,0,0,0.0291787,0,0,0.0349572,0,0,0,0,0,0,0,0,0,0,0,21.6809,309.908,0,6.44109e-005,0.004509,
6,15,6,0,0,0.221825,0,0,0,0.703426,0.753275,1.26059,0,0,0,2.93912,0,0,0,0,0.374464,0,0,0.0340418,0,0,0.408506,0,0,0,0,0,0,0,0,0,0,0,21.5736,309.908,0,6.38773e-005,0.004509,
6,15,7,0,0,0.221825,0,0,0,0.686679,0.760261,1.32062,0,0,0,2.98939,0,0,0,0,0.175742,0,0,0.0356628,0,0,0.211405,0,0,0,0,0,0,0,0,0,0,0,18.4709,309.908,0,1.34945e-005,0.004509,
6,15,8,0,0,0.221825,0,0,0,0.56944,0.735811,1.11052,0,0,0,2.6376,0,0,0,0,0.519101,0,0,0.0299892,0,0,0.54909,0,0,0,0,0,0,0,0,0,0,0,16.9527,309.908,0,0,0.004509,
6,15,9,0,0,0.221825,0,0,0,0.4857,0.718346,0.960451,0,0,0,2.38632,0,0,0,0,0.157528,0,0,0.0259366,0,0,0.183465,0,0,0,0,0,0,0,0,0,0,0,16.527,309.908,0,0,0.004509,
6,15,10,0,0.249198,0.221825,0,0,0,0.452204,0.721839,0.990466,0,0,0,2.63553,0,0,0,0,0.0981829,0,0,0.0267471,0,0,0.12493,0,0,0,0,0,0,0,0,0,0,0,16.5636,309.908,0,0,0.004509,
6,15,11,0,0.943324,0.221825,0,0,0,0.418708,0.721839,0.990466,0,0,0,3.29616,0,0,0,0,0.222095,0,0,0.0267471,0,0,0.248842,0,0,0,0,0,0,0,0,0,0,0,16.4388,309.908,0,0,0.004509,
6,15,12,0,1.84084,0.221825,0,0,0,0.351715,0.718346,0.960451,0,0,0,4.09317,0,0,0,0,0.137786,0,0,0.0259366,0,0,0.163723,0,0,0,0,0,0,0,0,0,0,0,16.608,309.908,0,0,0.004509,
6,15,13,0,2.46441,0.221825,0,0,0,0.351715,0.721839,0.990466,0,0,0,4.75026,0,0,0,0,0.150347,0,0,0.0267471,0,0,0.177094,0,0,0,0,0,0,0,0,0,0,0,16.4621,309.908,0,0,0.004509,
6,15,14,0,3.28868,0.221825,0,0,0,0.351715,0.728825,1.0505,0,0,0,5.64154,0,0,0,0,0.0778473,0,0,0.0283681,0,0,0.106215,0,0,0,0,0,0,0,0,0,0,0,16.5986,309.908,0,0,0.004509,
6,15,15,0,4.03712,0.221825,0,0,0,0.435454,0.735811,1.11052,0,0,0,6.54074,0,0,0,0,0.0506824,0,0,0.0299892,0,0,0.0806716,0,0,0,0,0,0,0,0,0,0,0,16.4759,309.908,0,0,0.004509,
6,15,16,0,4.56437,0.221825,0,0,0,0.519197,0.760261,1.32062,0,0,0,7.38627,0,0,0,0,0.0411476,0,0,0.0356628,0,0,0.0768104,0,0,0,0,0,0,0,0,0,0,0,16.559,309.908,0,0,0.004509,
6,15,17,0,4.89999,0.221825,0,0,0,0.736923,0.791698,1.59075,0,0,0,8.24119,0,0,0,0,0.0405152,0,0,0.0429574,0,0,0.0834726,0,0,0,0,0,0,0,0,0,0,0,17.8908,309.908,0,0,0.004509,
6,15,18,0,5.09086,0.221825,0,0,0,1.40685,0.809163,1.74082,0,0,0,9.26952,0,0,0,0,0.302854,0,0,0.04701,0,0,0.349864,0,0,0,0,0,0,0,0,0,0,0,21.1994,309.908,0,3.6927e-005,0.004509,
6,15,19,0,4.25678,0.221825,0,0,0,1.9763,0.816149,1.80085,0,0,0,9.0719,0,0,0,0,0.211249,0,0,0.0486311,0,0,0.25988,0,0,0,0,0,0,0,0,0,0,0,22.0168,309.908,0,7.58864e-005,0.004509,
6,15,20,0,2.73168,0.221825,0,0,0,1.89255,0.823135,1.86088,0.382647,0,0,7.91272,0,0,0,0,0.346197,0,0,0.0502522,0,0,0.396449,0,0,0,0,0,0,0,0,0,0,0,22.1066,309.908,0,7.59913e-005,0.004509,
6,15,21,0,1.79407,0.221825,0,0,0,1.60783,0.816149,1.80085,0.382647,0,0,6.62337,0,0,0,0,0.121068,0,0,0.0486311,0,0,0.169699,0,0,0,0,0,0,0,0,0,0,0,22.0622,309.908,0,7.47622e-005,0.004509,
6,15,22,0,0.0955262,0.221825,0,0,0,1.05514,0.788205,1.56074,0.382647,0,0,4.10408,0,0,0,0,0.169676,0,0,0.042147,0,0,0.211823,0,0,0,0,0,0,0,0,0,0,0,21.7597,309.908,0,6.92122e-005,0.004509,
6,15,23,0,0.142145,0.221825,0,0,0,0.636433,0.763754,1.35064,0.382647,0,0,3.49744,0,0,0,0,0.0167395,0,0,0.0364733,0,0,0.0532128,0,0,0,0,0,0,0,0,0,0,0,21.6883,309.908,0,6.63952e-005,0.004509,
6,15,24,0,0.0144804,0.221825,0,0,0,0.385211,0.735811,1.11052,0,0,0,2.46785,0,0,0,0,0.00192749,0,0,0.0299892,0,0,0.0319167,0,0,0,0,0,0,0,0,0,0,0,21.625,309.908,0,6.48074e-005,0.004509,
6,16,1,0,0,0.221825,0,0,0,0.318218,0.728825,1.0505,0,0,0,2.31936,0,0,0,0,0.032744,0,0,0.0283681,0,0,0.0611121,0,0,0,0,0,0,0,0,0,0,0,21.9305,309.908,0,6.64594e-005,0.004509,
6,16,2,0,0,0.221825,0,0,0,0.251224,0.725332,1.02048,0,0,0,2.21886,0,0,0,0,0.014801,0,0,0.0275576,0,0,0.0423586,0,0,0,0,0,0,0,0,0,0,0,21.9067,309.908,0,6.62787e-005,0.004509,
6,16,3,0,0,0.221825,0,0,0,0.28472,0.725332,1.02048,0,0,0,2.25236,0,0,0,0,0.00101289,0,0,0.0275576,0,0,0.0285705,0,0,0,0,0,0,0,0,0,0,0,21.9229,309.908,0,6.631e-005,0.004509,
6,16,4,0,0,0.221825,0,0,0,0.351715,0.718346,0.960451,0,0,0,2.25234,0,0,0,0,0.00086846,0,0,0.0259366,0,0,0.0268051,0,0,0,0,0,0,0,0,0,0,0,21.926,309.908,0,6.64351e-005,0.004509,
6,16,5,0,0,0.221825,0,0,0,0.519197,0.732318,1.08051,0,0,0,2.55385,0,0,0,0,0.00989532,0,0,0.0291787,0,0,0.039074,0,0,0,0,0,0,0,0,0,0,0,21.9327,309.908,0,6.66739e-005,0.004509,
6,16,6,0,0,0.221825,0,0,0,0.703426,0.753275,1.26059,0,0,0,2.93912,0,0,0,0,0.162167,0,0,0.0340418,0,0,0.196209,0,0,0,0,0,0,0,0,0,0,0,21.7732,309.908,0,6.47073e-005,0.004509,
6,16,7,0,0,0.221825,0,0,0,0.686679,0.760261,1.32062,0,0,0,2.98939,0,0,0,0,0.156709,0,0,0.0356628,0,0,0.192372,0,0,0,0,0,0,0,0,0,0,0,17.8916,309.908,0,3.40434e-006,0.004509,
6,16,8,0,0,0.221825,0,0,0,0.56944,0.735811,1.11052,0,0,0,2.6376,0,0,0,0,0.334182,0,0,0.0299892,0,0,0.364171,0,0,0,0,0,0,0,0,0,0,0,16.7546,309.908,0,0,0.004509,
6,16,9,0,0,0.221825,0,0,0,0.4857,0.718346,0.960451,0,0,0,2.38632,0,0,0,0,0.159135,0,0,0.0259366,0,0,0.185072,0,0,0,0,0,0,0,0,0,0,0,16.4417,309.908,0,0,0.004509,
6,16,10,0,0.599615,0.221825,0,0,0,0.452204,0.721839,0.990466,0,0,0,2.98595,0,0,0,0,0.00892494,0,0,0.0267471,0,0,0.035672,0,0,0,0,0,0,0,0,0,0,0,16.4345,309.908,0,0,0.004509,
6,16,11,0,1.54352,0.221825,0,0,0,0.418708,0.721839,0.990466,0,0,0,3.89636,0,0,0,0,0.0958658,0,0,0.0267471,0,0,0.122613,0,0,0,0,0,0,0,0,0,0,0,16.5442,309.908,0,0,0.004509,
6,16,12,0,2.32043,0.221825,0,0,0,0.351715,0.718346,0.960451,0,0,0,4.57277,0,0,0,0,0.0135774,0,0,0.0259366,0,0,0.039514,0,0,0,0,0,0,0,0,0,0,0,16.551,309.908,0,0,0.004509,
6,16,13,0,3.19355,0.221825,0,0,0,0.351715,0.721839,0.990466,0,0,0,5.4794,0,0,0,0,0.0283021,0,0,0.0267471,0,0,0.0550492,0,0,0,0,0,0,0,0,0,0,0,16.3864,309.908,0,0,0.004509,
6,16,14,0,4.49169,0.221825,0,0,0,0.351715,0.728825,1.0505,0,0,0,6.84455,0,0,0,0,0.0242747,0,0,0.0283681,0,0,0.0526428,0,0,0,0,0,0,0,0,0,0,0,16.503,309.908,0,0,0.004509,
6,16,15,0,5.51289,0.221825,0,0,0,0.435454,0.735811,1.11052,0,0,0,8.01651,0,0,0,0,0.0128743,0,0,0.0299892,0,0,0.0428635,0,0,0,0,0,0,0,0,0,0,0,16.4031,309.908,0,0,0.004509,
6,16,16,0,6.18846,0.221825,0,0,0,0.519197,0.760261,1.32062,0,0,0,9.01037,0,0,0,0,0.150339,0,0,0.0356628,0,0,0.186002,0,0,0,0,0,0,0,0,0,0,0,16.4823,309.908,0,0,0.004509,
6,16,17,0,6.65608,0.221825,0,0,0,0.736923,0.791698,1.59075,0,0,0,9.99728,0,0,0,0,0.0206944,0,0,0.0429574,0,0,0.0636518,0,0,0,0,0,0,0,0,0,0,0,16.766,309.908,0,0,0.004509,
6,16,18,0,6.7895,0.221825,0,0,0,1.40685,0.809163,1.74082,0,0,0,10.9682,0,0,0,0,0.162377,0,0,0.04701,0,0,0.209387,0,0,0,0,0,0,0,0,0,0,0,18.4807,309.908,0,2.1694e-005,0.004509,
6,16,19,0,5.73513,0.221825,0,0,0,1.9763,0.816149,1.80085,0,0,0,10.5502,0,0,0,0,0.0243259,0,0,0.0486311,0,0,0.072957,0,0,0,0,0,0,0,0,0,0,0,22.3383,309.908,0,7.93519e-005,0.004509,
6,16,20,0,3.65061,0.221825,0,0,0,1.89255,0.823135,1.86088,0.382647,0,0,8.83165,0,0,0,0,0.132469,0,0,0.0502522,0,0,0.182721,0,0,0,0,0,0,0,0,0,0,0,22.3368,309.908,0,7.93892e-005,0.004509,
6,16,21,0,2.39225,0.221825,0,0,0,1.60783,0.816149,1.80085,0.382647,0,0,7.22155,0,0,0,0,0.00908856,0,0,0.0486311,0,0,0.0577197,0,0,0,0,0,0,0,0,0,0,0,22.193,309.908,0,7.77633e-005,0.004509,
6,16,22,0,1.39798,0.221825,0,0,0,1.05514,0.788205,1.56074,0.382647,0,0,5.40653,0,0,0,0,0.155627,0,0,0.042147,0,0,0.197774,0,0,0,0,0,0,0,0,0,0,0,22.1182,309.908,0,7.47815e-005,0.004509,
6,16,23,0,0.632446,0.221825,0,0,0,0.636433,0.763754,1.35064,0.382647,0,0,3.98774,0,0,0,0,0.0139048,0,0,0.0364733,0,0,0.0503781,0,0,0,0,0,0,0,0,0,0,0,22.0772,309.908,0,7.44648e-005,0.004509,
6,16,24,0,0.265191,0.221825,0,0,0,0.385211,0.735811,1.11052,0,0,0,2.71856,0,0,0,0,0.000585934,0,0,0.0299892,0,0,0.0305751,0,0,0,0,0,0,0,0,0,0,0,22.0121,309.908,0,7.25356e-005,0.004509,
6,17,1,0,0.126673,0.221825,0,0,0,0.318218,0.728825,1.0505,0,0,0,2.44604,0,0,0,0,0.0319281,0,0,0.0283681,0,0,0.0602962,0,0,0,0,0,0,0,0,0,0,0,22.3034,309.908,0,7.57117e-005,0.004509,
6,17,2,0,0.0107376,0.221825,0,0,0,0.251224,0.725332,1.02048,0,0,0,2.2296,0,0,0,0,0.0238945,0,0,0.0275576,0,0,0.0514521,0,0,0,0,0,0,0,0,0,0,0,22.281,309.908,0,7.56296e-005,0.004509,
6,17,3,0,0,0.221825,0,0,0,0.28472,0.725332,1.02048,0,0,0,2.25236,0,0,0,0,0.00101038,0,0,0.0275576,0,0,0.028568,0,0,0,0,0,0,0,0,0,0,0,22.2711,309.908,0,7.56058e-005,0.004509,
6,17,4,0,0,0.221825,0,0,0,0.351715,0.718346,0.960451,0,0,0,2.25234,0,0,0,0,0.000866308,0,0,0.0259366,0,0,0.0268029,0,0,0,0,0,0,0,0,0,0,0,22.2596,309.908,0,7.52379e-005,0.004509,
6,17,5,0,0,0.221825,0,0,0,0.519197,0.732318,1.08051,0,0,0,2.55385,0,0,0,0,0.0182426,0,0,0.0291787,0,0,0.0474213,0,0,0,0,0,0,0,0,0,0,0,22.2597,309.908,0,7.52311e-005,0.004509,
6,17,6,0,0,0.221825,0,0,0,0.703426,0.753275,1.26059,0,0,0,2.93912,0,0,0,0,0.199393,0,0,0.0340418,0,0,0.233435,0,0,0,0,0,0,0,0,0,0,0,22.2157,309.908,0,7.39994e-005,0.004509,
6,17,7,0,0,0.221825,0,0,0,0.686679,0.760261,1.32062,0,0,0,2.98939,0,0,0,0,0.10488,0,0,0.0356628,0,0,0.140543,0,0,0,0,0,0,0,0,0,0,0,19.0413,309.908,0,1.73944e-005,0.004509,
6,17,8,0,0.194451,0.221825,0,0,0,0.56944,0.735811,1.11052,0,0,0,2.83205,0,0,0,0,0.244959,0,0,0.0299892,0,0,0.274948,0,0,0,0,0,0,0,0,0,0,0,17.5992,309.908,0,9.14213e-007,0.004509,
6,17,9,0,1.06987,0.221825,0,0,0,0.4857,0.718346,0.960451,0,0,0,3.45619,0,0,0,0,0.258602,0,0,0.0259366,0,0,0.284539,0,0,0,0,0,0,0,0,0,0,0,17.1568,309.908,0,0,0.004509,
6,17,10,0,1.94955,0.221825,0,0,0,0.452204,0.721839,0.990466,0,0,0,4.33588,0,0,0,0,0.0391337,0,0,0.0267471,0,0,0.0658808,0,0,0,0,0,0,0,0,0,0,0,17.2812,309.908,0,0,0.004509,
6,17,11,0,2.60941,0.221825,0,0,0,0.418708,0.721839,0.990466,0,0,0,4.96225,0,0,0,0,0.0688156,0,0,0.0267471,0,0,0.0955627,0,0,0,0,0,0,0,0,0,0,0,17.3023,309.908,0,0,0.004509,
6,17,12,0,3.23808,0.221825,0,0,0,0.351715,0.718346,0.960451,0,0,0,5.49042,0,0,0,0,0.0372931,0,0,0.0259366,0,0,0.0632297,0,0,0,0,0,0,0,0,0,0,0,17.373,309.908,0,0,0.004509,
6,17,13,0,4.27153,0.221825,0,0,0,0.351715,0.721839,0.990466,0,0,0,6.55737,0,0,0,0,0.0990131,0,0,0.0267471,0,0,0.12576,0,0,0,0,0,0,0,0,0,0,0,17.2217,309.908,0,0,0.004509,
6,17,14,0,5.55937,0.221825,0,0,0,0.351715,0.728825,1.0505,0,0,0,7.91223,0,0,0,0,0.231254,0,0,0.0283681,0,0,0.259622,0,0,0,0,0,0,0,0,0,0,0,17.4158,309.908,0,0,0.004509,
6,17,15,0,6.37984,0.221825,0,0,0,0.435454,0.735811,1.11052,0,0,0,8.88345,0,0,0,0,0.00722616,0,0,0.0299892,0,0,0.0372154,0,0,0,0,0,0,0,0,0,0,0,17.2027,309.908,0,0,0.004509,
6,17,16,0,6.88931,0.221825,0,0,0,0.519197,0.760261,1.32062,0,0,0,9.71121,0,0,0,0,0.0241377,0,0,0.0356628,0,0,0.0598005,0,0,0,0,0,0,0,0,0,0,0,17.2423,309.908,0,0,0.004509,
6,17,17,0,7.06915,0.221825,0,0,0,0.736923,0.791698,1.59075,0,0,0,10.4103,0,0,0,0,0.0192141,0,0,0.0429574,0,0,0.0621715,0,0,0,0,0,0,0,0,0,0,0,17.9475,309.908,0,7.19942e-006,0.004509,
6,17,18,0,7.04757,0.221825,0,0,0,1.40685,0.809163,1.74082,0,0,0,11.2262,0,0,0,0,0.174294,0,0,0.04701,0,0,0.221304,0,0,0,0,0,0,0,0,0,0,0,20.1866,309.908,0,4.67613e-005,0.004509,
6,17,19,0,5.94952,0.221825,0,0,0,1.9763,0.816149,1.80085,0,0,0,10.7646,0,0,0,0,0.0581629,0,0,0.0486311,0,0,0.106794,0,0,0,0,0,0,0,0,0,0,0,23.5784,309.908,0,0.000101897,0.004509,
6,17,20,0,3.84631,0.221825,0,0,0,1.89255,0.823135,1.86088,0.382647,0,0,9.02734,0,0,0,0,0.114013,0,0,0.0502522,0,0,0.164265,0,0,0,0,0,0,0,0,0,0,0,24.1184,309.908,0,0.000108116,0.004509,
6,17,21,0,2.67565,0.221825,0,0,0,1.60783,0.816149,1.80085,0.382647,0,0,7.50495,0,0,0,0,0.0109664,0,0,0.0486311,0,0,0.0595975,0,0,0,0,0,0,0,0,0,0,0,23.5962,309.908,0,0.000105573,0.004509,
6,17,22,0,1.73571,0.221825,0,0,0,1.05514,0.788205,1.56074,0.382647,0,0,5.74426,0,0,0,0,0.170364,0,0,0.042147,0,0,0.212511,0,0,0,0,0,0,0,0,0,0,0,23.0425,309.908,0,8.96878e-005,0.004509,
6,17,23,0,0.959444,0.221825,0,0,0,0.636433,0.763754,1.35064,0.382647,0,0,4.31474,0,0,0,0,0.00608743,0,0,0.0364733,0,0,0.0425607,0,0,0,0,0,0,0,0,0,0,0,22.7462,309.908,0,8.06156e-005,0.004509,
6,17,24,0,0.439342,0.221825,0,0,0,0.385211,0.735811,1.11052,0,0,0,2.89271,0,0,0,0,0.013087,0,0,0.0299892,0,0,0.0430762,0,0,0,0,0,0,0,0,0,0,0,22.5954,309.908,0,7.9036e-005,0.004509,
6,18,1,0,0.22164,0.221825,0,0,0,0.318218,0.728825,1.0505,0,0,0,2.541,0,0,0,0,0.0312334,0,0,0.0283681,0,0,0.0596015,0,0,0,0,0,0,0,0,0,0,0,22.0467,309.908,0,6.73119e-005,0.004509,
6,18,2,0,0.0297342,0.221825,0,0,0,0.251224,0.725332,1.02048,0,0,0,2.2486,0,0,0,0,0.0229528,0,0,0.0275576,0,0,0.0505104,0,0,0,0,0,0,0,0,0,0,0,21.9957,309.908,0,6.70099e-005,0.004509,
6,18,3,0,0,0.221825,0,0,0,0.28472,0.725332,1.02048,0,0,0,2.25236,0,0,0,0,0,0,0,0.0275576,0,0,0.0275576,0,0,0,0,0,0,0,0,0,0,0,21.9609,309.908,0,6.62083e-005,0.004509,
6,18,4,0,0,0.221825,0,0,0,0.351715,0.718346,0.960451,0,0,0,2.25234,0,0,0,0,0.000363629,0,0,0.0259366,0,0,0.0263002,0,0,0,0,0,0,0,0,0,0,0,21.9596,309.908,0,6.61199e-005,0.004509,
6,18,5,0,0,0.221825,0,0,0,0.519197,0.732318,1.08051,0,0,0,2.55385,0,0,0,0,0,0,0,0.0291787,0,0,0.0291787,0,0,0,0,0,0,0,0,0,0,0,21.9779,309.908,0,6.67173e-005,0.004509,
6,18,6,0,0,0.221825,0,0,0,0.703426,0.753275,1.26059,0,0,0,2.93912,0,0,0,0,0.347524,0,0,0.0340418,0,0,0.381566,0,0,0,0,0,0,0,0,0,0,0,21.8403,309.908,0,6.47944e-005,0.004509,
6,18,7,0,0,0.221825,0,0,0,0.686679,0.760261,1.32062,0,0,0,2.98939,0,0,0,0,0.12579,0,0,0.0356628,0,0,0.161453,0,0,0,0,0,0,0,0,0,0,0,18.7755,309.908,0,2.20913e-005,0.004509,
6,18,8,0,0.188914,0.221825,0,0,0,0.56944,0.735811,1.11052,0,0,0,2.82651,0,0,0,0,0.208753,0,0,0.0299892,0,0,0.238742,0,0,0,0,0,0,0,0,0,0,0,17.3889,309.908,0,1.72044e-006,0.004509,
6,18,9,0,1.02333,0.221825,0,0,0,0.4857,0.718346,0.960451,0,0,0,3.40966,0,0,0,0,0.404525,0,0,0.0259366,0,0,0.430462,0,0,0,0,0,0,0,0,0,0,0,17.0399,309.908,0,0,0.004509,
6,18,10,0,2.03281,0.221825,0,0,0,0.452204,0.721839,0.990466,0,0,0,4.41914,0,0,0,0,0.19148,0,0,0.0267471,0,0,0.218227,0,0,0,0,0,0,0,0,0,0,0,17.1626,309.908,0,0,0.004509,
6,18,11,0,2.81762,0.221825,0,0,0,0.418708,0.721839,0.990466,0,0,0,5.17046,0,0,0,0,0.152852,0,0,0.0267471,0,0,0.179599,0,0,0,0,0,0,0,0,0,0,0,17.2328,309.908,0,0,0.004509,
6,18,12,0,3.37016,0.221825,0,0,0,0.351715,0.718346,0.960451,0,0,0,5.6225,0,0,0,0,0.213306,0,0,0.0259366,0,0,0.239243,0,0,0,0,0,0,0,0,0,0,0,17.2542,309.908,0,0,0.004509,
6,18,13,0,3.77104,0.221825,0,0,0,0.351715,0.721839,0.990466,0,0,0,6.05688,0,0,0,0,0.0646732,0,0,0.0267471,0,0,0.0914203,0,0,0,0,0,0,0,0,0,0,0,17.0944,309.908,0,0,0.004509,
6,18,14,0,4.32339,0.221825,0,0,0,0.351715,0.728825,1.0505,0,0,0,6.67625,0,0,0,0,0.159897,0,0,0.0283681,0,0,0.188265,0,0,0,0,0,0,0,0,0,0,0,17.2725,309.908,0,0,0.004509,
6,18,15,0,5.00305,0.221825,0,0,0,0.435454,0.735811,1.11052,0,0,0,7.50666,0,0,0,0,0.0460483,0,0,0.0299892,0,0,0.0760375,0,0,0,0,0,0,0,0,0,0,0,17.0693,309.908,0,0,0.004509,
6,18,16,0,5.54337,0.221825,0,0,0,0.519197,0.760261,1.32062,0,0,0,8.36527,0,0,0,0,0.0275248,0,0,0.0356628,0,0,0.0631876,0,0,0,0,0,0,0,0,0,0,0,17.0588,309.908,0,0,0.004509,
6,18,17,0,5.86702,0.221825,0,0,0,0.736923,0.791698,1.59075,0,0,0,9.20821,0,0,0,0,0.0417516,0,0,0.0429574,0,0,0.084709,0,0,0,0,0,0,0,0,0,0,0,17.6677,309.908,0,4.2847e-006,0.004509,
6,18,18,0,6.085,0.221825,0,0,0,1.40685,0.809163,1.74082,0,0,0,10.2637,0,0,0,0,0.177245,0,0,0.04701,0,0,0.224255,0,0,0,0,0,0,0,0,0,0,0,19.5554,309.908,0,3.46862e-005,0.004509,
6,18,19,0,5.3073,0.221825,0,0,0,1.9763,0.816149,1.80085,0,0,0,10.1224,0,0,0,0,0.0948472,0,0,0.0486311,0,0,0.143478,0,0,0,0,0,0,0,0,0,0,0,22.6457,309.908,0,8.5548e-005,0.004509,
6,18,20,0,3.45962,0.221825,0,0,0,1.89255,0.823135,1.86088,0.382647,0,0,8.64065,0,0,0,0,0.193916,0,0,0.0502522,0,0,0.244168,0,0,0,0,0,0,0,0,0,0,0,22.7649,309.908,0,8.66658e-005,0.004509,
6,18,21,0,2.27641,0.221825,0,0,0,1.60783,0.816149,1.80085,0.382647,0,0,7.10571,0,0,0,0,0.0451555,0,0,0.0486311,0,0,0.0937866,0,0,0,0,0,0,0,0,0,0,0,22.6633,309.908,0,8.49618e-005,0.004509,
6,18,22,0,0.326049,0.221825,0,0,0,1.05514,0.788205,1.56074,0.382647,0,0,4.3346,0,0,0,0,0.192036,0,0,0.042147,0,0,0.234183,0,0,0,0,0,0,0,0,0,0,0,22.4548,309.908,0,7.98822e-005,0.004509,
6,18,23,0,0.223403,0.221825,0,0,0,0.636433,0.763754,1.35064,0.382647,0,0,3.5787,0,0,0,0,0.216917,0,0,0.0364733,0,0,0.25339,0,0,0,0,0,0,0,0,0,0,0,22.1643,309.908,0,7.13947e-005,0.004509,
6,18,24,0,0.0226248,0.221825,0,0,0,0.385211,0.735811,1.11052,0,0,0,2.476,0,0,0,0,0.00107307,0,0,0.0299892,0,0,0.0310623,0,0,0,0,0,0,0,0,0,0,0,22.0395,309.908,0,6.75305e-005,0.004509,
6,19,1,0,0,0.221825,0,0,0,0.318218,0.728825,1.0505,0,0,0,2.31936,0,0,0,0,0.000388412,0,0,0.0283681,0,0,0.0287565,0,0,0,0,0,0,0,0,0,0,0,22.2074,309.908,0,7.35661e-005,0.004509,
6,19,2,0,0,0.221825,0,0,0,0.251224,0.725332,1.02048,0,0,0,2.21886,0,0,0,0,0.00143031,0,0,0.0275576,0,0,0.0289879,0,0,0,0,0,0,0,0,0,0,0,22.163,309.908,0,7.32455e-005,0.004509,
6,19,3,0,0,0.221825,0,0,0,0.28472,0.725332,1.02048,0,0,0,2.25236,0,0,0,0,0.0130565,0,0,0.0275576,0,0,0.0406141,0,0,0,0,0,0,0,0,0,0,0,22.1637,309.908,0,7.29517e-005,0.004509,
6,19,4,0,0,0.221825,0,0,0,0.351715,0.718346,0.960451,0,0,0,2.25234,0,0,0,0,0.0167491,0,0,0.0259366,0,0,0.0426857,0,0,0,0,0,0,0,0,0,0,0,22.1688,309.908,0,7.30038e-005,0.004509,
6,19,5,0,0,0.221825,0,0,0,0.519197,0.732318,1.08051,0,0,0,2.55385,0,0,0,0,0.0441754,0,0,0.0291787,0,0,0.0733541,0,0,0,0,0,0,0,0,0,0,0,22.1659,309.908,0,7.27865e-005,0.004509,
6,19,6,0,0,0.221825,0,0,0,0.703426,0.753275,1.26059,0,0,0,2.93912,0,0,0,0,0.235753,0,0,0.0340418,0,0,0.269795,0,0,0,0,0,0,0,0,0,0,0,21.9918,309.908,0,7.08883e-005,0.004509,
6,19,7,0,0,0.221825,0,0,0,0.686679,0.760261,1.32062,0,0,0,2.98939,0,0,0,0,0.30545,0,0,0.0356628,0,0,0.341113,0,0,0,0,0,0,0,0,0,0,0,18.857,309.908,0,1.96411e-005,0.004509,
6,19,8,0,0,0.221825,0,0,0,0.56944,0.735811,1.11052,0,0,0,2.6376,0,0,0,0,0.185379,0,0,0.0299892,0,0,0.215368,0,0,0,0,0,0,0,0,0,0,0,17.2881,309.908,0,1.15529e-006,0.004509,
6,19,9,0,0,0.221825,0,0,0,0.4857,0.718346,0.960451,0,0,0,2.38632,0,0,0,0,0.33591,0,0,0.0259366,0,0,0.361847,0,0,0,0,0,0,0,0,0,0,0,17.0087,309.908,0,0,0.004509,
6,19,10,0,0,0.221825,0,0,0,0.452204,0.721839,0.990466,0,0,0,2.38633,0,0,0,0,0.260956,0,0,0.0267471,0,0,0.287703,0,0,0,0,0,0,0,0,0,0,0,17.1467,309.908,0,0,0.004509,
6,19,11,0,0,0.221825,0,0,0,0.418708,0.721839,0.990466,0,0,0,2.35284,0,0,0,0,0.0219418,0,0,0.0267471,0,0,0.0486889,0,0,0,0,0,0,0,0,0,0,0,17.2286,309.908,0,0,0.004509,
6,19,12,0,0,0.221825,0,0,0,0.351715,0.718346,0.960451,0,0,0,2.25234,0,0,0,0,0.0220446,0,0,0.0259366,0,0,0.0479812,0,0,0,0,0,0,0,0,0,0,0,17.2049,309.908,0,0,0.004509,
6,19,13,0,0,0.221825,0,0,0,0.351715,0.721839,0.990466,0,0,0,2.28584,0,0,0,0,0.102627,0,0,0.0267471,0,0,0.129374,0,0,0,0,0,0,0,0,0,0,0,17.059,309.908,0,0,0.004509,
6,19,14,0,0,0.221825,0,0,0,0.351715,0.728825,1.0505,0,0,0,2.35286,0,0,0,0,0.491874,0,0,0.0283681,0,0,0.520242,0,0,0,0,0,0,0,0,0,0,0,17.2272,309.908,0,0,0.004509,
6,19,15,0,0,0.221825,0,0,0,0.435454,0.735811,1.11052,0,0,0,2.50361,0,0,0,0,0.21725,0,0,0.0299892,0,0,0.247239,0,0,0,0,0,0,0,0,0,0,0,17.0405,309.908,0,0,0.004509,
6,19,16,0,0.0380834,0.221825,0,0,0,0.519197,0.760261,1.32062,0,0,0,2.85999,0,0,0,0,0.0842445,0,0,0.0356628,0,0,0.119907,0,0,0,0,0,0,0,0,0,0,0,17.0562,309.908,0,0,0.004509,
6,19,17,0,0.817992,0.221825,0,0,0,0.736923,0.791698,1.59075,0,0,0,4.15919,0,0,0,0,0.0811435,0,0,0.0429574,0,0,0.124101,0,0,0,0,0,0,0,0,0,0,0,17.5498,309.908,0,3.70852e-006,0.004509,
6,19,18,0,1.75057,0.221825,0,0,0,1.40685,0.809163,1.74082,0,0,0,5.92924,0,0,0,0,0.465443,0,0,0.04701,0,0,0.512453,0,0,0,0,0,0,0,0,0,0,0,19.5984,309.908,0,3.29922e-005,0.004509,
6,19,19,0,1.82294,0.221825,0,0,0,1.9763,0.816149,1.80085,0,0,0,6.63806,0,0,0,0,0.282916,0,0,0.0486311,0,0,0.331547,0,0,0,0,0,0,0,0,0,0,0,22.9008,309.908,0,8.99799e-005,0.004509,
6,19,20,0,0,0.221825,0,0,0,1.89255,0.823135,1.86088,0.382647,0,0,5.18104,0,0,0,0,0.0558057,0,0,0.0502522,0,0,0.106058,0,0,0,0,0,0,0,0,0,0,0,23.0353,309.908,0,9.41561e-005,0.004509,
6,19,21,0,0,0.221825,0,0,0,1.60783,0.816149,1.80085,0.382647,0,0,4.8293,0,0,0,0,0.0311235,0,0,0.0486311,0,0,0.0797546,0,0,0,0,0,0,0,0,0,0,0,22.9055,309.908,0,9.28502e-005,0.004509,
6,19,22,0,0,0.221825,0,0,0,1.05514,0.788205,1.56074,0.382647,0,0,4.00855,0,0,0,0,0.052696,0,0,0.042147,0,0,0.094843,0,0,0,0,0,0,0,0,0,0,0,22.5709,309.908,0,8.46049e-005,0.004509,
6,19,23,0,0,0.221825,0,0,0,0.636433,0.763754,1.35064,0.382647,0,0,3.3553,0,0,0,0,0.0295605,0,0,0.0364733,0,0,0.0660338,0,0,0,0,0,0,0,0,0,0,0,22.3755,309.908,0,7.88512e-005,0.004509,
6,19,24,0,0,0.221825,0,0,0,0.385211,0.735811,1.11052,0,0,0,2.45337,0,0,0,0,0.0137733,0,0,0.0299892,0,0,0.0437625,0,0,0,0,0,0,0,0,0,0,0,22.2935,309.908,0,7.5254e-005,0.004509,
6,20,1,0,0,0.221825,0,0,0,0.318218,0.728825,1.0505,0,0,0,2.31936,0,0,0,0,0,0,0,0.0283681,0,0,0.0283681,0,0,0,0,0,0,0,0,0,0,0,22.1433,309.908,0,7.89304e-005,0.004509,
6,20,2,0,0,0.221825,0,0,0,0.251224,0.725332,1.02048,0,0,0,2.21886,0,0,0,0,0,0,0,0.0275576,0,0,0.0275576,0,0,0,0,0,0,0,0,0,0,0,22.121,309.908,0,7.78311e-005,0.004509,
6,20,3,0,0,0.221825,0,0,0,0.28472,0.725332,1.02048,0,0,0,2.25236,0,0,0,0,0,0,0,0.0275576,0,0,0.0275576,0,0,0,0,0,0,0,0,0,0,0,22.1207,309.908,0,7.7345e-005,0.004509,
6,20,4,0,0,0.221825,0,0,0,0.351715,0.718346,0.960451,0,0,0,2.25234,0,0,0,0,0,0,0,0.0259366,0,0,0.0259366,0,0,0,0,0,0,0,0,0,0,0,22.1297,309.908,0,7.76408e-005,0.004509,
6,20,5,0,0,0.221825,0,0,0,0.519197,0.732318,1.08051,0,0,0,2.55385,0,0,0,0,0.000319153,0,0,0.0291787,0,0,0.0294979,0,0,0,0,0,0,0,0,0,0,0,22.1315,309.908,0,7.77943e-005,0.004509,
6,20,6,0,0,0.221825,0,0,0,0.703426,0.753275,1.26059,0,0,0,2.93912,0,0,0,0,0.0240906,0,0,0.0340418,0,0,0.0581324,0,0,0,0,0,0,0,0,0,0,0,21.9516,309.908,0,7.66547e-005,0.004509,
6,20,7,0,0,0.221825,0,0,0,0.686679,0.760261,1.32062,0,0,0,2.98939,0,0,0,0,0.0491315,0,0,0.0356628,0,0,0.0847943,0,0,0,0,0,0,0,0,0,0,0,18.7723,309.908,0,2.48223e-005,0.004509,
6,20,8,0,0,0.221825,0,0,0,0.56944,0.735811,1.11052,0,0,0,2.6376,0,0,0,0,0.181605,0,0,0.0299892,0,0,0.211594,0,0,0,0,0,0,0,0,0,0,0,17.3019,309.908,0,1.5696e-006,0.004509,
6,20,9,0,0,0.221825,0,0,0,0.4857,0.718346,0.960451,0,0,0,2.38632,0,0,0,0,0.273728,0,0,0.0259366,0,0,0.299665,0,0,0,0,0,0,0,0,0,0,0,16.8595,309.908,0,0,0.004509,
6,20,10,0,0,0.221825,0,0,0,0.452204,0.721839,0.990466,0,0,0,2.38633,0,0,0,0,0.463685,0,0,0.0267471,0,0,0.490432,0,0,0,0,0,0,0,0,0,0,0,16.8025,309.908,0,0,0.004509,
6,20,11,0,0,0.221825,0,0,0,0.418708,0.721839,0.990466,0,0,0,2.35284,0,0,0,0,0.296268,0,0,0.0267471,0,0,0.323015,0,0,0,0,0,0,0,0,0,0,0,17.0236,309.908,0,0,0.004509,
6,20,12,0,0,0.221825,0,0,0,0.351715,0.718346,0.960451,0,0,0,2.25234,0,0,0,0,0.0510938,0,0,0.0259366,0,0,0.0770304,0,0,0,0,0,0,0,0,0,0,0,17.0177,309.908,0,0,0.004509,
6,20,13,0,0,0.221825,0,0,0,0.351715,0.721839,0.990466,0,0,0,2.28584,0,0,0,0,0.126387,0,0,0.0267471,0,0,0.153134,0,0,0,0,0,0,0,0,0,0,0,16.8867,309.908,0,0,0.004509,
6,20,14,0,0.593707,0.221825,0,0,0,0.351715,0.728825,1.0505,0,0,0,2.94657,0,0,0,0,0.0360774,0,0,0.0283681,0,0,0.0644455,0,0,0,0,0,0,0,0,0,0,0,17.1337,309.908,0,0,0.004509,
6,20,15,0,1.67303,0.221825,0,0,0,0.435454,0.735811,1.11052,0,0,0,4.17664,0,0,0,0,0.127776,0,0,0.0299892,0,0,0.157765,0,0,0,0,0,0,0,0,0,0,0,16.941,309.908,0,4.20823e-007,0.004509,
6,20,16,0,3.17628,0.221825,0,0,0,0.519197,0.760261,1.32062,0,0,0,5.99818,0,0,0,0,0.0467929,0,0,0.0356628,0,0,0.0824557,0,0,0,0,0,0,0,0,0,0,0,17.0551,309.908,0,2.64414e-006,0.004509,
6,20,17,0,3.88998,0.221825,0,0,0,0.736923,0.791698,1.59075,0,0,0,7.23118,0,0,0,0,0.194054,0,0,0.0429574,0,0,0.237011,0,0,0,0,0,0,0,0,0,0,0,17.7099,309.908,0,7.69796e-006,0.004509,
6,20,18,0,4.18141,0.221825,0,0,0,1.40685,0.809163,1.74082,0,0,0,8.36007,0,0,0,0,0.210419,0,0,0.04701,0,0,0.257429,0,0,0,0,0,0,0,0,0,0,0,19.5882,309.908,0,3.61667e-005,0.004509,
6,20,19,0,3.60294,0.221825,0,0,0,1.9763,0.816149,1.80085,0,0,0,8.41806,0,0,0,0,0.0489286,0,0,0.0486311,0,0,0.0975597,0,0,0,0,0,0,0,0,0,0,0,22.7957,309.908,0,9.3401e-005,0.004509,
6,20,20,0,2.22363,0.221825,0,0,0,1.89255,0.823135,1.86088,0.382647,0,0,7.40466,0,0,0,0,0.0886311,0,0,0.0502522,0,0,0.138883,0,0,0,0,0,0,0,0,0,0,0,22.9373,309.908,0,9.7197e-005,0.004509,
6,20,21,0,0.873711,0.221825,0,0,0,1.60783,0.816149,1.80085,0.382647,0,0,5.70301,0,0,0,0,0.072518,0,0,0.0486311,0,0,0.121149,0,0,0,0,0,0,0,0,0,0,0,22.8567,309.908,0,9.56485e-005,0.004509,
6,20,22,0,0,0.221825,0,0,0,1.05514,0.788205,1.56074,0.382647,0,0,4.00855,0,0,0,0,0.00144703,0,0,0.042147,0,0,0.043594,0,0,0,0,0,0,0,0,0,0,0,22.6115,309.908,0,8.95593e-005,0.004509,
6,20,23,0,0,0.221825,0,0,0,0.636433,0.763754,1.35064,0.382647,0,0,3.3553,0,0,0,0,0.0159624,0,0,0.0364733,0,0,0.0524357,0,0,0,0,0,0,0,0,0,0,0,22.3302,309.908,0,8.26567e-005,0.004509,
6,20,24,0,0,0.221825,0,0,0,0.385211,0.735811,1.11052,0,0,0,2.45337,0,0,0,0,0.0138381,0,0,0.0299892,0,0,0.0438273,0,0,0,0,0,0,0,0,0,0,0,22.2473,309.908,0,7.88986e-005,0.004509,
6,21,1,0,0,0.221825,0,0,0,0.318218,0.728825,1.0505,0,0,0,2.31936,0,0,0,0,0,0,0,0.0283681,0,0,0.0283681,0,0,0,0,0,0,0,0,0,0,0,21.7162,309.908,0,7.06428e-005,0.004509,
6,21,2,0,0,0.221825,0,0,0,0.251224,0.725332,1.02048,0,0,0,2.21886,0,0,0,0,0.0272742,0,0,0.0275576,0,0,0.0548318,0,0,0,0,0,0,0,0,0,0,0,21.6661,309.908,0,7.0328e-005,0.004509,
6,21,3,0,0,0.221825,0,0,0,0.28472,0.725332,1.02048,0,0,0,2.25236,0,0,0,0,0.0184584,0,0,0.0275576,0,0,0.046016,0,0,0,0,0,0,0,0,0,0,0,21.6647,309.908,0,7.00438e-005,0.004509,
6,21,4,0,0,0.221825,0,0,0,0.351715,0.718346,0.960451,0,0,0,2.25234,0,0,0,0,0,0,0,0.0259366,0,0,0.0259366,0,0,0,0,0,0,0,0,0,0,0,21.6558,309.908,0,7.00609e-005,0.004509,
6,21,5,0,0,0.221825,0,0,0,0.519197,0.732318,1.08051,0,0,0,2.55385,0,0,0,0,0.0227102,0,0,0.0291787,0,0,0.0518889,0,0,0,0,0,0,0,0,0,0,0,21.6665,309.908,0,7.00445e-005,0.004509,
6,21,6,0,0,0.221825,0,0,0,0.703426,0.753275,1.26059,0,0,0,2.93912,0,0,0,0,0.148088,0,0,0.0340418,0,0,0.18213,0,0,0,0,0,0,0,0,0,0,0,21.5456,309.908,0,6.93443e-005,0.004509,
6,21,7,0,0,0.221825,0,0,0,0.686679,0.760261,1.32062,0,0,0,2.98939,0,0,0,0,0.189944,0,0,0.0356628,0,0,0.225607,0,0,0,0,0,0,0,0,0,0,0,19.074,309.908,0,2.93599e-005,0.004509,
6,21,8,0,0,0.221825,0,0,0,0.56944,0.735811,1.11052,0,0,0,2.6376,0,0,0,0,0.131078,0,0,0.0299892,0,0,0.161067,0,0,0,0,0,0,0,0,0,0,0,17.3462,309.908,0,4.78035e-006,0.004509,
6,21,9,0,0,0.221825,0,0,0,0.4857,0.718346,0.960451,0,0,0,2.38632,0,0,0,0,0.333535,0,0,0.0259366,0,0,0.359472,0,0,0,0,0,0,0,0,0,0,0,16.8064,309.908,0,0,0.004509,
6,21,10,0,0.107034,0.221825,0,0,0,0.452204,0.721839,0.990466,0,0,0,2.49337,0,0,0,0,0.120699,0,0,0.0267471,0,0,0.147446,0,0,0,0,0,0,0,0,0,0,0,16.7543,309.908,0,0,0.004509,
6,21,11,0,0.716744,0.221825,0,0,0,0.418708,0.721839,0.990466,0,0,0,3.06958,0,0,0,0,0.209345,0,0,0.0267471,0,0,0.236092,0,0,0,0,0,0,0,0,0,0,0,16.9229,309.908,0,0,0.004509,
6,21,12,0,1.22748,0.221825,0,0,0,0.351715,0.718346,0.960451,0,0,0,3.47982,0,0,0,0,0.0180417,0,0,0.0259366,0,0,0.0439783,0,0,0,0,0,0,0,0,0,0,0,16.9586,309.908,0,0,0.004509,
6,21,13,0,2.27468,0.221825,0,0,0,0.351715,0.721839,0.990466,0,0,0,4.56053,0,0,0,0,0.157088,0,0,0.0267471,0,0,0.183835,0,0,0,0,0,0,0,0,0,0,0,16.8245,309.908,0,0,0.004509,
6,21,14,0,3.40728,0.221825,0,0,0,0.351715,0.728825,1.0505,0,0,0,5.76014,0,0,0,0,0.0538142,0,0,0.0283681,0,0,0.0821823,0,0,0,0,0,0,0,0,0,0,0,16.9772,309.908,0,0,0.004509,
6,21,15,0,4.50853,0.221825,0,0,0,0.435454,0.735811,1.11052,0,0,0,7.01214,0,0,0,0,0.0339409,0,0,0.0299892,0,0,0.0639301,0,0,0,0,0,0,0,0,0,0,0,16.8261,309.908,0,0,0.004509,
6,21,16,0,5.40337,0.221825,0,0,0,0.519197,0.760261,1.32062,0,0,0,8.22528,0,0,0,0,0.110562,0,0,0.0356628,0,0,0.146225,0,0,0,0,0,0,0,0,0,0,0,16.9311,309.908,0,1.09534e-006,0.004509,
6,21,17,0,5.79845,0.221825,0,0,0,0.736923,0.791698,1.59075,0,0,0,9.13965,0,0,0,0,0.300086,0,0,0.0429574,0,0,0.343043,0,0,0,0,0,0,0,0,0,0,0,17.7592,309.908,0,1.1813e-005,0.004509,
6,21,18,0,6.13847,0.221825,0,0,0,1.40685,0.809163,1.74082,0,0,0,10.3171,0,0,0,0,0.184747,0,0,0.04701,0,0,0.231757,0,0,0,0,0,0,0,0,0,0,0,19.5883,309.908,0,3.93616e-005,0.004509,
6,21,19,0,5.69384,0.221825,0,0,0,1.9763,0.816149,1.80085,0,0,0,10.509,0,0,0,0,0.0450625,0,0,0.0486311,0,0,0.0936936,0,0,0,0,0,0,0,0,0,0,0,22.2906,309.908,0,8.55005e-005,0.004509,
6,21,20,0,3.6729,0.221825,0,0,0,1.89255,0.823135,1.86088,0.382647,0,0,8.85394,0,0,0,0,0.0851916,0,0,0.0502522,0,0,0.135444,0,0,0,0,0,0,0,0,0,0,0,22.5013,309.908,0,8.90061e-005,0.004509,
6,21,21,0,2.37778,0.221825,0,0,0,1.60783,0.816149,1.80085,0.382647,0,0,7.20708,0,0,0,0,0.0216572,0,0,0.0486311,0,0,0.0702883,0,0,0,0,0,0,0,0,0,0,0,22.3817,309.908,0,8.76812e-005,0.004509,
6,21,22,0,1.26336,0.221825,0,0,0,1.05514,0.788205,1.56074,0.382647,0,0,5.27191,0,0,0,0,0.00131001,0,0,0.042147,0,0,0.043457,0,0,0,0,0,0,0,0,0,0,0,22.1378,309.908,0,8.17606e-005,0.004509,
6,21,23,0,0.517033,0.221825,0,0,0,0.636433,0.763754,1.35064,0.382647,0,0,3.87233,0,0,0,0,0.00672164,0,0,0.0364733,0,0,0.0431949,0,0,0,0,0,0,0,0,0,0,0,21.8893,309.908,0,7.43089e-005,0.004509,
6,21,24,0,0.226259,0.221825,0,0,0,0.385211,0.735811,1.11052,0,0,0,2.67963,0,0,0,0,0.0127448,0,0,0.0299892,0,0,0.042734,0,0,0,0,0,0,0,0,0,0,0,21.7602,309.908,0,7.17095e-005,0.004509,
6,22,1,0,0.0391415,0.221825,0,0,0,0.318218,0.728825,1.0505,0,0,0,2.3585,0,0,0,0,0,0,0,0.0283681,0,0,0.0283681,0,0,0,0,0,0,0,0,0,0,0,21.3699,309.908,0,6.30298e-005,0.004509,
6,22,2,0,0,0.221825,0,0,0,0.251224,0.725332,1.02048,0,0,0,2.21886,0,0,0,0,0.0089179,0,0,0.0275576,0,0,0.0364755,0,0,0,0,0,0,0,0,0,0,0,21.3377,309.908,0,6.29443e-005,0.004509,
6,22,3,0,0,0.221825,0,0,0,0.28472,0.725332,1.02048,0,0,0,2.25236,0,0,0,0,0,0,0,0.0275576,0,0,0.0275576,0,0,0,0,0,0,0,0,0,0,0,21.3242,309.908,0,6.29311e-005,0.004509,
6,22,4,0,0,0.221825,0,0,0,0.351715,0.718346,0.960451,0,0,0,2.25234,0,0,0,0,0,0,0,0.0259366,0,0,0.0259366,0,0,0,0,0,0,0,0,0,0,0,21.3255,309.908,0,6.30374e-005,0.004509,
6,22,5,0,0,0.221825,0,0,0,0.519197,0.732318,1.08051,0,0,0,2.55385,0,0,0,0,0.00228866,0,0,0.0291787,0,0,0.0314674,0,0,0,0,0,0,0,0,0,0,0,21.3305,309.908,0,6.31446e-005,0.004509,
6,22,6,0,0,0.221825,0,0,0,0.703426,0.753275,1.26059,0,0,0,2.93912,0,0,0,0,0.527225,0,0,0.0340418,0,0,0.561267,0,0,0,0,0,0,0,0,0,0,0,21.2476,309.908,0,6.08623e-005,0.004509,
6,22,7,0,0,0.221825,0,0,0,0.686679,0.760261,1.32062,0,0,0,2.98939,0,0,0,0,0.480108,0,0,0.0356628,0,0,0.515771,0,0,0,0,0,0,0,0,0,0,0,18.3194,309.908,0,1.73364e-005,0.004509,
6,22,8,0,0,0.221825,0,0,0,0.56944,0.735811,1.11052,0,0,0,2.6376,0,0,0,0,0.43403,0,0,0.0299892,0,0,0.464019,0,0,0,0,0,0,0,0,0,0,0,16.9476,309.908,0,2.01495e-006,0.004509,
6,22,9,0,0.585149,0.221825,0,0,0,0.4857,0.718346,0.960451,0,0,0,2.97147,0,0,0,0,0.413777,0,0,0.0259366,0,0,0.439714,0,0,0,0,0,0,0,0,0,0,0,16.7488,309.908,0,0,0.004509,
6,22,10,0,1.37855,0.221825,0,0,0,0.452204,0.721839,0.990466,0,0,0,3.76489,0,0,0,0,0.0992195,0,0,0.0267471,0,0,0.125967,0,0,0,0,0,0,0,0,0,0,0,16.7108,309.908,0,0,0.004509,
6,22,11,0,2.1723,0.221825,0,0,0,0.418708,0.721839,0.990466,0,0,0,4.52514,0,0,0,0,0.0264675,0,0,0.0267471,0,0,0.0532146,0,0,0,0,0,0,0,0,0,0,0,16.7238,309.908,0,0,0.004509,
6,22,12,0,2.83152,0.221825,0,0,0,0.351715,0.718346,0.960451,0,0,0,5.08385,0,0,0,0,0.0400841,0,0,0.0259366,0,0,0.0660207,0,0,0,0,0,0,0,0,0,0,0,16.8439,309.908,0,0,0.004509,
6,22,13,0,3.59153,0.221825,0,0,0,0.351715,0.721839,0.990466,0,0,0,5.87737,0,0,0,0,0.0252192,0,0,0.0267471,0,0,0.0519663,0,0,0,0,0,0,0,0,0,0,0,16.7024,309.908,0,0,0.004509,
6,22,14,0,4.88166,0.221825,0,0,0,0.351715,0.728825,1.0505,0,0,0,7.23452,0,0,0,0,0.090005,0,0,0.0283681,0,0,0.118373,0,0,0,0,0,0,0,0,0,0,0,16.8596,309.908,0,0,0.004509,
6,22,15,0,6.28104,0.221825,0,0,0,0.435454,0.735811,1.11052,0,0,0,8.78466,0,0,0,0,0.28418,0,0,0.0299892,0,0,0.314169,0,0,0,0,0,0,0,0,0,0,0,16.6785,309.908,0,0,0.004509,
6,22,16,0,7.20524,0.221825,0,0,0,0.519197,0.760261,1.32062,0,0,0,10.0271,0,0,0,0,0.172058,0,0,0.0356628,0,0,0.207721,0,0,0,0,0,0,0,0,0,0,0,16.6998,309.908,0,0,0.004509,
6,22,17,0,7.57422,0.221825,0,0,0,0.736923,0.791698,1.59075,0,0,0,10.9154,0,0,0,0,0.102872,0,0,0.0429574,0,0,0.145829,0,0,0,0,0,0,0,0,0,0,0,17.3234,309.908,0,6.86299e-006,0.004509,
6,22,18,0,7.78404,0.221825,0,0,0,1.40685,0.809163,1.74082,0,0,0,11.9627,0,0,0,0,0.0287929,0,0,0.04701,0,0,0.0758029,0,0,0,0,0,0,0,0,0,0,0,19.1703,309.908,0,3.57072e-005,0.004509,
6,22,19,0,6.80639,0.221825,0,0,0,1.9763,0.816149,1.80085,0,0,0,11.6215,0,0,0,0,0.0378188,0,0,0.0486311,0,0,0.0864499,0,0,0,0,0,0,0,0,0,0,0,21.8534,309.908,0,7.66277e-005,0.004509,
6,22,20,0,4.57072,0.221825,0,0,0,1.89255,0.823135,1.86088,0.382647,0,0,9.75175,0,0,0,0,0.0497382,0,0,0.0502522,0,0,0.0999904,0,0,0,0,0,0,0,0,0,0,0,21.9739,309.908,0,7.73714e-005,0.004509,
6,22,21,0,3.14228,0.221825,0,0,0,1.60783,0.816149,1.80085,0.382647,0,0,7.97158,0,0,0,0,0.160056,0,0,0.0486311,0,0,0.208687,0,0,0,0,0,0,0,0,0,0,0,21.8825,309.908,0,7.65721e-005,0.004509,
6,22,22,0,1.92724,0.221825,0,0,0,1.05514,0.788205,1.56074,0.382647,0,0,5.93579,0,0,0,0,0.0144587,0,0,0.042147,0,0,0.0566057,0,0,0,0,0,0,0,0,0,0,0,21.6956,309.908,0,7.33185e-005,0.004509,
6,22,23,0,1.00739,0.221825,0,0,0,0.636433,0.763754,1.35064,0.382647,0,0,4.36268,0,0,0,0,0.00973267,0,0,0.0364733,0,0,0.046206,0,0,0,0,0,0,0,0,0,0,0,21.4889,309.908,0,6.57909e-005,0.004509,
6,22,24,0,0.495464,0.221825,0,0,0,0.385211,0.735811,1.11052,0,0,0,2.94884,0,0,0,0,0.00241735,0,0,0.0299892,0,0,0.0324066,0,0,0,0,0,0,0,0,0,0,0,21.4278,309.908,0,6.44452e-005,0.004509,
6,23,1,0,0.279206,0.221825,0,0,0,0.318218,0.728825,1.0505,0,0,0,2.59857,0,0,0,0,0.00114933,0,0,0.0283681,0,0,0.0295174,0,0,0,0,0,0,0,0,0,0,0,23.5649,309.908,0,0.000124577,0.004509,
6,23,2,0,0.068958,0.221825,0,0,0,0.251224,0.725332,1.02048,0,0,0,2.28782,0,0,0,0,0.000421652,0,0,0.0275576,0,0,0.0279793,0,0,0,0,0,0,0,0,0,0,0,23.5155,309.908,0,0.00012441,0.004509,
6,23,3,0,0,0.221825,0,0,0,0.28472,0.725332,1.02048,0,0,0,2.25236,0,0,0,0,0,0,0,0.0275576,0,0,0.0275576,0,0,0,0,0,0,0,0,0,0,0,23.5094,309.908,0,0.000124462,0.004509,
6,23,4,0,0,0.221825,0,0,0,0.351715,0.718346,0.960451,0,0,0,2.25234,0,0,0,0,0.000210826,0,0,0.0259366,0,0,0.0261474,0,0,0,0,0,0,0,0,0,0,0,23.5135,309.908,0,0.000124619,0.004509,
6,23,5,0,0,0.221825,0,0,0,0.519197,0.732318,1.08051,0,0,0,2.55385,0,0,0,0,0.00219481,0,0,0.0291787,0,0,0.0313735,0,0,0,0,0,0,0,0,0,0,0,23.5217,309.908,0,0.000124665,0.004509,
6,23,6,0,0,0.221825,0,0,0,0.703426,0.753275,1.26059,0,0,0,2.93912,0,0,0,0,0.370322,0,0,0.0340418,0,0,0.404364,0,0,0,0,0,0,0,0,0,0,0,23.3805,309.908,0,0.000122647,0.004509,
6,23,7,0,0,0.221825,0,0,0,0.686679,0.760261,1.32062,0,0,0,2.98939,0,0,0,0,0.231966,0,0,0.0356628,0,0,0.267629,0,0,0,0,0,0,0,0,0,0,0,20.8448,309.908,0,3.98085e-005,0.004509,
6,23,8,0,0.149312,0.221825,0,0,0,0.56944,0.735811,1.11052,0,0,0,2.78691,0,0,0,0,0.270698,0,0,0.0299892,0,0,0.300687,0,0,0,0,0,0,0,0,0,0,0,20.0585,309.908,0,1.89488e-005,0.004509,
6,23,9,0,0.864422,0.221825,0,0,0,0.4857,0.718346,0.960451,0,0,0,3.25074,0,0,0,0,0.426688,0,0,0.0259366,0,0,0.452625,0,0,0,0,0,0,0,0,0,0,0,19.746,309.908,0,1.09903e-005,0.004509,
6,23,10,0,1.71869,0.221825,0,0,0,0.452204,0.721839,0.990466,0,0,0,4.10502,0,0,0,0,0.0593505,0,0,0.0267471,0,0,0.0860976,0,0,0,0,0,0,0,0,0,0,0,19.7378,309.908,0,1.13461e-005,0.004509,
6,23,11,0,2.26428,0.221825,0,0,0,0.418708,0.721839,0.990466,0,0,0,4.61712,0,0,0,0,0.0180618,0,0,0.0267471,0,0,0.0448089,0,0,0,0,0,0,0,0,0,0,0,19.7706,309.908,0,1.07618e-005,0.004509,
6,23,12,0,2.4696,0.221825,0,0,0,0.351715,0.718346,0.960451,0,0,0,4.72194,0,0,0,0,0.00184621,0,0,0.0259366,0,0,0.0277828,0,0,0,0,0,0,0,0,0,0,0,19.7559,309.908,0,1.01897e-005,0.004509,
6,23,13,0,2.67649,0.221825,0,0,0,0.351715,0.721839,0.990466,0,0,0,4.96234,0,0,0,0,0.0871992,0,0,0.0267471,0,0,0.113946,0,0,0,0,0,0,0,0,0,0,0,19.7683,309.908,0,9.94021e-006,0.004509,
6,23,14,0,3.31274,0.221825,0,0,0,0.351715,0.728825,1.0505,0,0,0,5.6656,0,0,0,0,0.00417284,0,0,0.0283681,0,0,0.0325409,0,0,0,0,0,0,0,0,0,0,0,19.7864,309.908,0,9.99018e-006,0.004509,
6,23,15,0,3.74886,0.221825,0,0,0,0.435454,0.735811,1.11052,0,0,0,6.25247,0,0,0,0,0.0423481,0,0,0.0299892,0,0,0.0723373,0,0,0,0,0,0,0,0,0,0,0,19.8118,309.908,0,1.03582e-005,0.004509,
6,23,16,0,3.70288,0.221825,0,0,0,0.519197,0.760261,1.32062,0,0,0,6.52479,0,0,0,0,0.0484805,0,0,0.0356628,0,0,0.0841433,0,0,0,0,0,0,0,0,0,0,0,20.1706,309.908,0,1.38435e-005,0.004509,
6,23,17,0,3.29255,0.221825,0,0,0,0.736923,0.791698,1.59075,0,0,0,6.63375,0,0,0,0,0.0154216,0,0,0.0429574,0,0,0.058379,0,0,0,0,0,0,0,0,0,0,0,22.2524,309.908,0,6.34749e-005,0.004509,
6,23,18,0,3.31683,0.221825,0,0,0,1.40685,0.809163,1.74082,0,0,0,7.4955,0,0,0,0,0.10895,0,0,0.04701,0,0,0.15596,0,0,0,0,0,0,0,0,0,0,0,24.1272,309.908,0,0.000132047,0.004509,
6,23,19,0,3.39307,0.221825,0,0,0,1.9763,0.816149,1.80085,0,0,0,8.20819,0,0,0,0,0.140007,0,0,0.0486311,0,0,0.188638,0,0,0,0,0,0,0,0,0,0,0,24.5167,309.908,0,0.000143942,0.004509,
6,23,20,0,2.27838,0.221825,0,0,0,1.89255,0.823135,1.86088,0.382647,0,0,7.45942,0,0,0,0,0.0242468,0,0,0.0502522,0,0,0.074499,0,0,0,0,0,0,0,0,0,0,0,24.4686,309.908,0,0.000142768,0.004509,
6,23,21,0,0.16264,0.221825,0,0,0,1.60783,0.816149,1.80085,0.382647,0,0,4.99194,0,0,0,0,0.0667511,0,0,0.0486311,0,0,0.115382,0,0,0,0,0,0,0,0,0,0,0,24.3924,309.908,0,0.000141985,0.004509,
6,23,22,0,0,0.221825,0,0,0,1.05514,0.788205,1.56074,0.382647,0,0,4.00855,0,0,0,0,0.000210826,0,0,0.042147,0,0,0.0423578,0,0,0,0,0,0,0,0,0,0,0,24.3458,309.908,0,0.000136894,0.004509,
6,23,23,0,0,0.221825,0,0,0,0.636433,0.763754,1.35064,0.382647,0,0,3.3553,0,0,0,0,0.0222253,0,0,0.0364733,0,0,0.0586986,0,0,0,0,0,0,0,0,0,0,0,24.086,309.908,0,0.000132196,0.004509,
6,23,24,0,0,0.221825,0,0,0,0.385211,0.735811,1.11052,0,0,0,2.45337,0,0,0,0,0.0503701,0,0,0.0299892,0,0,0.0803593,0,0,0,0,0,0,0,0,0,0,0,24.0108,309.908,0,0.000129816,0.004509,
6,24,1,0,0,0.221825,0,0,0,0.318218,0.728825,1.0505,0,0,0,2.31936,0,0,0,0,0.000290032,0,0,0.0283681,0,0,0.0286581,0,0,0,0,0,0,0,0,0,0,0,24.2817,309.908,0,0.000151579,0.004509,
6,24,2,0,0,0.221825,0,0,0,0.251224,0.725332,1.02048,0,0,0,2.21886,0,0,0,0,0,0,0,0.0275576,0,0,0.0275576,0,0,0,0,0,0,0,0,0,0,0,24.2817,309.908,0,0.000150683,0.004509,
6,24,3,0,0,0.221825,0,0,0,0.28472,0.725332,1.02048,0,0,0,2.25236,0,0,0,0,0.00494521,0,0,0.0275576,0,0,0.0325028,0,0,0,0,0,0,0,0,0,0,0,24.2838,309.908,0,0.0001508,0.004509,
6,24,4,0,0,0.221825,0,0,0,0.351715,0.718346,0.960451,0,0,0,2.25234,0,0,0,0,0.000390646,0,0,0.0259366,0,0,0.0263272,0,0,0,0,0,0,0,0,0,0,0,24.2888,309.908,0,0.000150918,0.004509,
6,24,5,0,0,0.221825,0,0,0,0.519197,0.732318,1.08051,0,0,0,2.55385,0,0,0,0,0.318144,0,0,0.0291787,0,0,0.347323,0,0,0,0,0,0,0,0,0,0,0,24.2885,309.908,0,0.000151373,0.004509,
6,24,6,0,0,0.221825,0,0,0,0.703426,0.753275,1.26059,0,0,0,2.93912,0,0,0,0,0.0799671,0,0,0.0340418,0,0,0.114009,0,0,0,0,0,0,0,0,0,0,0,24.2426,309.908,0,0.000150024,0.004509,
6,24,7,0,0,0.221825,0,0,0,0.686679,0.760261,1.32062,0,0,0,2.98939,0,0,0,0,0.207387,0,0,0.0356628,0,0,0.24305,0,0,0,0,0,0,0,0,0,0,0,22.7826,309.908,0,0.000112602,0.004509,
6,24,8,0,0,0.221825,0,0,0,0.56944,0.735811,1.11052,0,0,0,2.6376,0,0,0,0,0.14023,0,0,0.0299892,0,0,0.170219,0,0,0,0,0,0,0,0,0,0,0,21.6935,309.908,0,6.94728e-005,0.004509,
6,24,9,0,0,0.221825,0,0,0,0.4857,0.718346,0.960451,0,0,0,2.38632,0,0,0,0,0.224575,0,0,0.0259366,0,0,0.250512,0,0,0,0,0,0,0,0,0,0,0,21.3033,309.908,0,6.0092e-005,0.004509,
6,24,10,0,0,0.221825,0,0,0,0.452204,0.721839,0.990466,0,0,0,2.38633,0,0,0,0,0.269067,0,0,0.0267471,0,0,0.295814,0,0,0,0,0,0,0,0,0,0,0,21.2043,309.908,0,5.8231e-005,0.004509,
6,24,11,0,0,0.221825,0,0,0,0.418708,0.721839,0.990466,0,0,0,2.35284,0,0,0,0,0.0389808,0,0,0.0267471,0,0,0.0657279,0,0,0,0,0,0,0,0,0,0,0,21.1626,309.908,0,5.65844e-005,0.004509,
6,24,12,0,0,0.221825,0,0,0,0.351715,0.718346,0.960451,0,0,0,2.25234,0,0,0,0,0.0585771,0,0,0.0259366,0,0,0.0845137,0,0,0,0,0,0,0,0,0,0,0,21.1541,309.908,0,5.54066e-005,0.004509,
6,24,13,0,0,0.221825,0,0,0,0.351715,0.721839,0.990466,0,0,0,2.28584,0,0,0,0,0.0072645,0,0,0.0267471,0,0,0.0340116,0,0,0,0,0,0,0,0,0,0,0,21.1846,309.908,0,5.58754e-005,0.004509,
6,24,14,0,0,0.221825,0,0,0,0.351715,0.728825,1.0505,0,0,0,2.35286,0,0,0,0,0.254608,0,0,0.0283681,0,0,0.282976,0,0,0,0,0,0,0,0,0,0,0,21.2344,309.908,0,5.79775e-005,0.004509,
6,24,15,0,0,0.221825,0,0,0,0.435454,0.735811,1.11052,0,0,0,2.50361,0,0,0,0,0.0389423,0,0,0.0299892,0,0,0.0689315,0,0,0,0,0,0,0,0,0,0,0,21.283,309.908,0,5.9394e-005,0.004509,
6,24,16,0,0,0.221825,0,0,0,0.519197,0.760261,1.32062,0,0,0,2.8219,0,0,0,0,0.0998687,0,0,0.0356628,0,0,0.135532,0,0,0,0,0,0,0,0,0,0,0,21.6459,309.908,0,6.48143e-005,0.004509,
6,24,17,0,0,0.221825,0,0,0,0.736923,0.791698,1.59075,0,0,0,3.3412,0,0,0,0,0.0730806,0,0,0.0429574,0,0,0.116038,0,0,0,0,0,0,0,0,0,0,0,22.8355,309.908,0,9.36902e-005,0.004509,
6,24,18,0,0,0.221825,0,0,0,1.40685,0.809163,1.74082,0,0,0,4.17866,0,0,0,0,0.173724,0,0,0.04701,0,0,0.220734,0,0,0,0,0,0,0,0,0,0,0,24.7507,309.908,0,0.000159868,0.004509,
6,24,19,0,0,0.221825,0,0,0,1.9763,0.816149,1.80085,0,0,0,4.81512,0,0,0,0,0.318742,0,0,0.0486311,0,0,0.367373,0,0,0,0,0,0,0,0,0,0,0,25.3046,309.908,0,0.000171965,0.004509,
6,24,20,0,0,0.221825,0,0,0,1.89255,0.823135,1.86088,0.382647,0,0,5.18104,0,0,0,0,0.0881048,0,0,0.0502522,0,0,0.138357,0,0,0,0,0,0,0,0,0,0,0,25.2527,309.908,0,0.000169886,0.004509,
6,24,21,0,0,0.221825,0,0,0,1.60783,0.816149,1.80085,0.382647,0,0,4.8293,0,0,0,0,0.183045,0,0,0.0486311,0,0,0.231676,0,0,0,0,0,0,0,0,0,0,0,25.1486,309.908,0,0.000168304,0.004509,
6,24,22,0,0,0.221825,0,0,0,1.05514,0.788205,1.56074,0.382647,0,0,4.00855,0,0,0,0,0.0496026,0,0,0.042147,0,0,0.0917496,0,0,0,0,0,0,0,0,0,0,0,25.0011,309.908,0,0.000165718,0.004509,
6,24,23,0,0,0.221825,0,0,0,0.636433,0.763754,1.35064,0.382647,0,0,3.3553,0,0,0,0,0.0844503,0,0,0.0364733,0,0,0.120924,0,0,0,0,0,0,0,0,0,0,0,24.914,309.908,0,0.000163134,0.004509,
6,24,24,0,0,0.221825,0,0,0,0.385211,0.735811,1.11052,0,0,0,2.45337,0,0,0,0,0.000739732,0,0,0.0299892,0,0,0.0307289,0,0,0,0,0,0,0,0,0,0,0,24.7826,309.908,0,0.000157762,0.004509,
6,25,1,0,0,0.221825,0,0,0,0.318218,0.728825,1.0505,0,0,0,2.31936,0,0,0,0,0.000352501,0,0,0.0283681,0,0,0.0287206,0,0,0,0,0,0,0,0,0,0,0,24.3974,309.908,0,0.000146464,0.004509,
6,25,2,0,0,0.221825,0,0,0,0.251224,0.725332,1.02048,0,0,0,2.21886,0,0,0,0,0.0109357,0,0,0.0275576,0,0,0.0384933,0,0,0,0,0,0,0,0,0,0,0,24.2648,309.908,0,0.00014498,0.004509,
6,25,3,0,0,0.221825,0,0,0,0.28472,0.725332,1.02048,0,0,0,2.25236,0,0,0,0,0,0,0,0.0275576,0,0,0.0275576,0,0,0,0,0,0,0,0,0,0,0,24.2668,309.908,0,0.000144968,0.004509,
6,25,4,0,0,0.221825,0,0,0,0.351715,0.718346,0.960451,0,0,0,2.25234,0,0,0,0,0,0,0,0.0259366,0,0,0.0259366,0,0,0,0,0,0,0,0,0,0,0,24.2577,309.908,0,0.000145112,0.004509,
6,25,5,0,0,0.221825,0,0,0,0.519197,0.732318,1.08051,0,0,0,2.55385,0,0,0,0,0.00909261,0,0,0.0291787,0,0,0.0382713,0,0,0,0,0,0,0,0,0,0,0,24.2808,309.908,0,0.000145325,0.004509,
6,25,6,0,0,0.221825,0,0,0,0.703426,0.753275,1.26059,0,0,0,2.93912,0,0,0,0,0.185569,0,0,0.0340418,0,0,0.219611,0,0,0,0,0,0,0,0,0,0,0,24.1474,309.908,0,0.00014264,0.004509,
6,25,7,0,0,0.221825,0,0,0,0.686679,0.760261,1.32062,0,0,0,2.98939,0,0,0,0,0.621354,0,0,0.0356628,0,0,0.657017,0,0,0,0,0,0,0,0,0,0,0,21.7369,309.908,0,7.58193e-005,0.004509,
6,25,8,0,0,0.221825,0,0,0,0.56944,0.735811,1.11052,0,0,0,2.6376,0,0,0,0,0.141734,0,0,0.0299892,0,0,0.171723,0,0,0,0,0,0,0,0,0,0,0,19.6597,309.908,0,1.99678e-005,0.004509,
6,25,9,0,0,0.221825,0,0,0,0.4857,0.718346,0.960451,0,0,0,2.38632,0,0,0,0,0.280495,0,0,0.0259366,0,0,0.306432,0,0,0,0,0,0,0,0,0,0,0,18.8782,309.908,0,1.21473e-005,0.004509,
6,25,10,0,0,0.221825,0,0,0,0.452204,0.721839,0.990466,0,0,0,2.38633,0,0,0,0,0.16928,0,0,0.0267471,0,0,0.196027,0,0,0,0,0,0,0,0,0,0,0,18.7492,309.908,0,7.28073e-006,0.004509,
6,25,11,0,0,0.221825,0,0,0,0.418708,0.721839,0.990466,0,0,0,2.35284,0,0,0,0,0.00470018,0,0,0.0267471,0,0,0.0314473,0,0,0,0,0,0,0,0,0,0,0,18.6055,309.908,0,5.82943e-006,0.004509,
6,25,12,0,0,0.221825,0,0,0,0.351715,0.718346,0.960451,0,0,0,2.25234,0,0,0,0,0.000911321,0,0,0.0259366,0,0,0.0268479,0,0,0,0,0,0,0,0,0,0,0,18.5504,309.908,0,3.79713e-006,0.004509,
6,25,13,0,0.453523,0.221825,0,0,0,0.351715,0.721839,0.990466,0,0,0,2.73937,0,0,0,0,0.027199,0,0,0.0267471,0,0,0.0539461,0,0,0,0,0,0,0,0,0,0,0,18.5752,309.908,0,4.00043e-006,0.004509,
6,25,14,0,1.71851,0.221825,0,0,0,0.351715,0.728825,1.0505,0,0,0,4.07137,0,0,0,0,0.0343934,0,0,0.0283681,0,0,0.0627615,0,0,0,0,0,0,0,0,0,0,0,18.5916,309.908,0,4.06464e-006,0.004509,
6,25,15,0,3.42751,0.221825,0,0,0,0.435454,0.735811,1.11052,0,0,0,5.93113,0,0,0,0,0.404636,0,0,0.0299892,0,0,0.434625,0,0,0,0,0,0,0,0,0,0,0,18.5903,309.908,0,4.33784e-006,0.004509,
6,25,16,0,4.83621,0.221825,0,0,0,0.519197,0.760261,1.32062,0,0,0,7.65812,0,0,0,0,0.042036,0,0,0.0356628,0,0,0.0776988,0,0,0,0,0,0,0,0,0,0,0,18.7577,309.908,0,7.09213e-006,0.004509,
6,25,17,0,5.99425,0.221825,0,0,0,0.736923,0.791698,1.59075,0,0,0,9.33545,0,0,0,0,0.0643253,0,0,0.0429574,0,0,0.107283,0,0,0,0,0,0,0,0,0,0,0,19.597,309.908,0,2.25401e-005,0.004509,
6,25,18,0,6.78217,0.221825,0,0,0,1.40685,0.809163,1.74082,0,0,0,10.9608,0,0,0,0,0.177079,0,0,0.04701,0,0,0.224089,0,0,0,0,0,0,0,0,0,0,0,21.3496,309.908,0,5.69869e-005,0.004509,
6,25,19,0,6.32891,0.221825,0,0,0,1.9763,0.816149,1.80085,0,0,0,11.144,0,0,0,0,0.220521,0,0,0.0486311,0,0,0.269152,0,0,0,0,0,0,0,0,0,0,0,25.1941,309.908,0,0.000169233,0.004509,
6,25,20,0,4.5809,0.221825,0,0,0,1.89255,0.823135,1.86088,0.382647,0,0,9.76194,0,0,0,0,0.371136,0,0,0.0502522,0,0,0.421388,0,0,0,0,0,0,0,0,0,0,0,25.4272,309.908,0,0.00017239,0.004509,
6,25,21,0,3.43325,0.221825,0,0,0,1.60783,0.816149,1.80085,0.382647,0,0,8.26255,0,0,0,0,0.197686,0,0,0.0486311,0,0,0.246317,0,0,0,0,0,0,0,0,0,0,0,25.2758,309.908,0,0.000169535,0.004509,
6,25,22,0,2.28945,0.221825,0,0,0,1.05514,0.788205,1.56074,0.382647,0,0,6.298,0,0,0,0,0.106295,0,0,0.042147,0,0,0.148442,0,0,0,0,0,0,0,0,0,0,0,24.9048,309.908,0,0.000161836,0.004509,
6,25,23,0,1.48174,0.221825,0,0,0,0.636433,0.763754,1.35064,0.382647,0,0,4.83703,0,0,0,0,0.0202796,0,0,0.0364733,0,0,0.0567529,0,0,0,0,0,0,0,0,0,0,0,24.782,309.908,0,0.000154835,0.004509,
6,25,24,0,0.969678,0.221825,0,0,0,0.385211,0.735811,1.11052,0,0,0,3.42305,0,0,0,0,0,0,0,0.0299892,0,0,0.0299892,0,0,0,0,0,0,0,0,0,0,0,24.5347,309.908,0,0.000149561,0.004509,
6,26,1,0,0.665963,0.221825,0,0,0,0.318218,0.728825,1.0505,0,0,0,2.98533,0,0,0,0,0.0574046,0,0,0.0283681,0,0,0.0857727,0,0,0,0,0,0,0,0,0,0,0,24.9861,309.908,0,0.000159596,0.004509,
6,26,2,0,0.45094,0.221825,0,0,0,0.251224,0.725332,1.02048,0,0,0,2.6698,0,0,0,0,0.0268144,0,0,0.0275576,0,0,0.054372,0,0,0,0,0,0,0,0,0,0,0,24.98,309.908,0,0.000159491,0.004509,
6,26,3,0,0.272513,0.221825,0,0,0,0.28472,0.725332,1.02048,0,0,0,2.52487,0,0,0,0,0,0,0,0.0275576,0,0,0.0275576,0,0,0,0,0,0,0,0,0,0,0,24.9244,309.908,0,0.000159135,0.004509,
6,26,4,0,0.0491143,0.221825,0,0,0,0.351715,0.718346,0.960451,0,0,0,2.30145,0,0,0,0,0.000355688,0,0,0.0259366,0,0,0.0262923,0,0,0,0,0,0,0,0,0,0,0,24.9447,309.908,0,0.000159134,0.004509,
6,26,5,0,0,0.221825,0,0,0,0.519197,0.732318,1.08051,0,0,0,2.55385,0,0,0,0,0.0169391,0,0,0.0291787,0,0,0.0461178,0,0,0,0,0,0,0,0,0,0,0,24.9879,309.908,0,0.000159613,0.004509,
6,26,6,0,0.341635,0.221825,0,0,0,0.703426,0.753275,1.26059,0,0,0,3.28076,0,0,0,0,0.0993202,0,0,0.0340418,0,0,0.133362,0,0,0,0,0,0,0,0,0,0,0,24.8817,309.908,0,0.000157395,0.004509,
6,26,7,0,1.63093,0.221825,0,0,0,0.686679,0.760261,1.32062,0,0,0,4.62031,0,0,0,0,0.341617,0,0,0.0356628,0,0,0.37728,0,0,0,0,0,0,0,0,0,0,0,22.8281,309.908,0,8.85487e-005,0.004509,
6,26,8,0,2.70959,0.221825,0,0,0,0.56944,0.735811,1.11052,0,0,0,5.34719,0,0,0,0,0.0661687,0,0,0.0299892,0,0,0.0961579,0,0,0,0,0,0,0,0,0,0,0,19.5433,309.908,0,2.02757e-005,0.004509,
6,26,9,0,3.41839,0.221825,0,0,0,0.4857,0.718346,0.960451,0,0,0,5.80471,0,0,0,0,0.169498,0,0,0.0259366,0,0,0.195435,0,0,0,0,0,0,0,0,0,0,0,18.4827,309.908,0,4.59137e-006,0.004509,
6,26,10,0,4.39273,0.221825,0,0,0,0.452204,0.721839,0.990466,0,0,0,6.77907,0,0,0,0,0.0952348,0,0,0.0267471,0,0,0.121982,0,0,0,0,0,0,0,0,0,0,0,18.2903,309.908,0,0,0.004509,
6,26,11,0,5.28624,0.221825,0,0,0,0.418708,0.721839,0.990466,0,0,0,7.63908,0,0,0,0,0.00808795,0,0,0.0267471,0,0,0.034835,0,0,0,0,0,0,0,0,0,0,0,18.2526,309.908,0,0,0.004509,
6,26,12,0,5.90668,0.221825,0,0,0,0.351715,0.718346,0.960451,0,0,0,8.15901,0,0,0,0,0.0249117,0,0,0.0259366,0,0,0.0508483,0,0,0,0,0,0,0,0,0,0,0,18.3004,309.908,0,0,0.004509,
6,26,13,0,6.64663,0.221825,0,0,0,0.351715,0.721839,0.990466,0,0,0,8.93248,0,0,0,0,0.012168,0,0,0.0267471,0,0,0.0389151,0,0,0,0,0,0,0,0,0,0,0,18.3287,309.908,0,0,0.004509,
6,26,14,0,7.59145,0.221825,0,0,0,0.351715,0.728825,1.0505,0,0,0,9.94431,0,0,0,0,0.278521,0,0,0.0283681,0,0,0.306889,0,0,0,0,0,0,0,0,0,0,0,18.7538,309.908,0,7.22229e-008,0.004509,
6,26,15,0,8.83635,0.221825,0,0,0,0.435454,0.735811,1.11052,0,0,0,11.34,0,0,0,0,0.148742,0,0,0.0299892,0,0,0.178731,0,0,0,0,0,0,0,0,0,0,0,18.877,309.908,0,2.3962e-006,0.004509,
6,26,16,0,9.79538,0.221825,0,0,0,0.519197,0.760261,1.32062,0,0,0,12.6173,0,0,0,0,0.0408155,0,0,0.0356628,0,0,0.0764783,0,0,0,0,0,0,0,0,0,0,0,18.7579,309.908,0,8.32855e-006,0.004509,
6,26,17,0,10.0057,0.221825,0,0,0,0.736923,0.791698,1.59075,0,0,0,13.3469,0,0,0,0,0.0672712,0,0,0.0429574,0,0,0.110229,0,0,0,0,0,0,0,0,0,0,0,19.8931,309.908,0,3.1021e-005,0.004509,
6,26,18,0,9.96678,0.221825,0,0,0,1.40685,0.809163,1.74082,0,0,0,14.1454,0,0,0,0,0.0628777,0,0,0.04701,0,0,0.109888,0,0,0,0,0,0,0,0,0,0,0,22.9098,309.908,0,8.06765e-005,0.004509,
6,26,19,0,9.03738,0.221825,0,0,0,1.9763,0.816149,1.80085,0,0,0,13.8525,0,0,0,0,0.0544218,0,0,0.0486311,0,0,0.103053,0,0,0,0,0,0,0,0,0,0,0,27.0492,309.908,0,0.000212836,0.004509,
6,26,20,0,6.76644,0.221825,0,0,0,1.89255,0.823135,1.86088,0.382647,0,0,11.9475,0,0,0,0,0.0428179,0,0,0.0502522,0,0,0.0930701,0,0,0,0,0,0,0,0,0,0,0,31.1734,309.908,0,0.000281312,0.004509,
6,26,21,0,5.19865,0.221825,0,0,0,1.60783,0.816149,1.80085,0.382647,0,0,10.0279,0,0,0,0,0.0654658,0,0,0.0486311,0,0,0.114097,0,0,0,0,0,0,0,0,0,0,0,27.1964,309.908,0,0.000221418,0.004509,
6,26,22,0,3.79126,0.221825,0,0,0,1.05514,0.788205,1.56074,0.382647,0,0,7.79981,0,0,0,0,0.293842,0,0,0.042147,0,0,0.335989,0,0,0,0,0,0,0,0,0,0,0,26.3534,309.908,0,0.000195606,0.004509,
6,26,23,0,2.7036,0.221825,0,0,0,0.636433,0.763754,1.35064,0.382647,0,0,6.05889,0,0,0,0,0.0258434,0,0,0.0364733,0,0,0.0623167,0,0,0,0,0,0,0,0,0,0,0,25.8668,309.908,0,0.000180817,0.004509,
6,26,24,0,1.94333,0.221825,0,0,0,0.385211,0.735811,1.11052,0,0,0,4.3967,0,0,0,0,0.000801787,0,0,0.0299892,0,0,0.030791,0,0,0,0,0,0,0,0,0,0,0,25.6791,309.908,0,0.000176346,0.004509,
6,27,1,0,1.39389,0.221825,0,0,0,0.318218,0.728825,1.0505,0,0,0,3.71325,0,0,0,0,0,0,0,0.0283681,0,0,0.0283681,0,0,0,0,0,0,0,0,0,0,0,25.5413,309.908,0,0.00018694,0.004509,
6,27,2,0,0.839645,0.221825,0,0,0,0.251224,0.725332,1.02048,0,0,0,3.05851,0,0,0,0,0.000206213,0,0,0.0275576,0,0,0.0277638,0,0,0,0,0,0,0,0,0,0,0,25.4965,309.908,0,0.000175012,0.004509,
6,27,3,0,0.466591,0.221825,0,0,0,0.28472,0.725332,1.02048,0,0,0,2.71895,0,0,0,0,0,0,0,0.0275576,0,0,0.0275576,0,0,0,0,0,0,0,0,0,0,0,25.4894,309.908,0,0.000174914,0.004509,
6,27,4,0,0.299464,0.221825,0,0,0,0.351715,0.718346,0.960451,0,0,0,2.5518,0,0,0,0,0,0,0,0.0259366,0,0,0.0259366,0,0,0,0,0,0,0,0,0,0,0,25.4875,309.908,0,0.000174944,0.004509,
6,27,5,0,0.332174,0.221825,0,0,0,0.519197,0.732318,1.08051,0,0,0,2.88602,0,0,0,0,0.0285749,0,0,0.0291787,0,0,0.0577536,0,0,0,0,0,0,0,0,0,0,0,25.486,309.908,0,0.000174994,0.004509,
6,27,6,0,1.41947,0.221825,0,0,0,0.703426,0.753275,1.26059,0,0,0,4.35859,0,0,0,0,0.0317346,0,0,0.0340418,0,0,0.0657764,0,0,0,0,0,0,0,0,0,0,0,25.2202,309.908,0,0.000172398,0.004509,
6,27,7,0,2.86276,0.221825,0,0,0,0.686679,0.760261,1.32062,0,0,0,5.85215,0,0,0,0,0.0619651,0,0,0.0356628,0,0,0.0976279,0,0,0,0,0,0,0,0,0,0,0,22.1779,309.908,0,5.68843e-005,0.004509,
6,27,8,0,3.80959,0.221825,0,0,0,0.56944,0.735811,1.11052,0,0,0,6.44719,0,0,0,0,0.188904,0,0,0.0299892,0,0,0.218893,0,0,0,0,0,0,0,0,0,0,0,19.6731,309.908,0,2.01614e-005,0.004509,
6,27,9,0,4.55542,0.221825,0,0,0,0.4857,0.718346,0.960451,0,0,0,6.94174,0,0,0,0,0.161345,0,0,0.0259366,0,0,0.187282,0,0,0,0,0,0,0,0,0,0,0,19.0981,309.908,0,9.40401e-006,0.004509,
6,27,10,0,5.68432,0.221825,0,0,0,0.452204,0.721839,0.990466,0,0,0,8.07065,0,0,0,0,0.215504,0,0,0.0267471,0,0,0.242251,0,0,0,0,0,0,0,0,0,0,0,19.0994,309.908,0,9.42895e-006,0.004509,
6,27,11,0,6.67856,0.221825,0,0,0,0.418708,0.721839,0.990466,0,0,0,9.0314,0,0,0,0,0.328892,0,0,0.0267471,0,0,0.355639,0,0,0,0,0,0,0,0,0,0,0,19.1132,309.908,0,9.11647e-006,0.004509,
6,27,12,0,7.2552,0.221825,0,0,0,0.351715,0.718346,0.960451,0,0,0,9.50754,0,0,0,0,0.172916,0,0,0.0259366,0,0,0.198853,0,0,0,0,0,0,0,0,0,0,0,19.512,309.908,0,7.54026e-006,0.004509,
6,27,13,0,7.75844,0.221825,0,0,0,0.351715,0.721839,0.990466,0,0,0,10.0443,0,0,0,0,0.167945,0,0,0.0267471,0,0,0.194692,0,0,0,0,0,0,0,0,0,0,0,19.0904,309.908,0,7.5817e-006,0.004509,
6,27,14,0,8.68199,0.221825,0,0,0,0.351715,0.728825,1.0505,0,0,0,11.0348,0,0,0,0,0.0570774,0,0,0.0283681,0,0,0.0854455,0,0,0,0,0,0,0,0,0,0,0,19.0705,309.908,0,7.65595e-006,0.004509,
6,27,15,0,9.93044,0.221825,0,0,0,0.435454,0.735811,1.11052,0,0,0,12.4341,0,0,0,0,0.0412261,0,0,0.0299892,0,0,0.0712153,0,0,0,0,0,0,0,0,0,0,0,19.384,309.908,0,9.026e-006,0.004509,
6,27,16,0,10.849,0.221825,0,0,0,0.519197,0.760261,1.32062,0,0,0,13.6709,0,0,0,0,0.112124,0,0,0.0356628,0,0,0.147787,0,0,0,0,0,0,0,0,0,0,0,19.3798,309.908,0,1.89987e-005,0.004509,
6,27,17,0,11.011,0.221825,0,0,0,0.736923,0.791698,1.59075,0,0,0,14.3522,0,0,0,0,0.0213099,0,0,0.0429574,0,0,0.0642673,0,0,0,0,0,0,0,0,0,0,0,20.5304,309.908,0,5.27706e-005,0.004509,
6,27,18,0,10.9399,0.221825,0,0,0,1.40685,0.809163,1.74082,0,0,0,15.1186,0,0,0,0,0.160464,0,0,0.04701,0,0,0.207474,0,0,0,0,0,0,0,0,0,0,0,23.8478,309.908,0,0.000103128,0.004509,
6,27,19,0,10.1678,0.221825,0,0,0,1.9763,0.816149,1.80085,0,0,0,14.9829,0,0,0,0,0.145082,0,0,0.0486311,0,0,0.193713,0,0,0,0,0,0,0,0,0,0,0,27.5251,309.908,0,0.000230971,0.004509,
6,27,20,0,8.06523,0.221825,0,0,0,1.89255,0.823135,1.86088,0.382647,0,0,13.2463,0,0,0,0,0.0581544,0,0,0.0502522,0,0,0.108407,0,0,0,0,0,0,0,0,0,0,0,32.3308,309.908,0,0.000362465,0.004509,
6,27,21,0,5.9391,0.221825,0,0,0,1.60783,0.816149,1.80085,0.382647,0,0,10.7684,0,0,0,0,0.0776749,0,0,0.0486311,0,0,0.126306,0,0,0,0,0,0,0,0,0,0,0,27.327,309.908,0,0.000227614,0.004509,
6,27,22,0,4.14531,0.221825,0,0,0,1.05514,0.788205,1.56074,0.382647,0,0,8.15386,0,0,0,0,0.0133091,0,0,0.042147,0,0,0.0554561,0,0,0,0,0,0,0,0,0,0,0,26.6537,309.908,0,0.000208349,0.004509,
6,27,23,0,2.96479,0.221825,0,0,0,0.636433,0.763754,1.35064,0.382647,0,0,6.32008,0,0,0,0,0.0164698,0,0,0.0364733,0,0,0.0529431,0,0,0,0,0,0,0,0,0,0,0,26.2504,309.908,0,0.000195766,0.004509,
6,27,24,0,2.39972,0.221825,0,0,0,0.385211,0.735811,1.11052,0,0,0,4.85309,0,0,0,0,0.000622472,0,0,0.0299892,0,0,0.0306117,0,0,0,0,0,0,0,0,0,0,0,25.8722,309.908,0,0.000187831,0.004509,
6,28,1,0,1.94026,0.221825,0,0,0,0.318218,0.728825,1.0505,0,0,0,4.25963,0,0,0,0,0.000617795,0,0,0.0283681,0,0,0.0289859,0,0,0,0,0,0,0,0,0,0,0,25.5137,309.908,0,0.000177911,0.004509,
6,28,2,0,1.2466,0.221825,0,0,0,0.251224,0.725332,1.02048,0,0,0,3.46546,0,0,0,0,0.000240088,0,0,0.0275576,0,0,0.0277977,0,0,0,0,0,0,0,0,0,0,0,25.3611,309.908,0,0.000172298,0.004509,
6,28,3,0,0.762963,0.221825,0,0,0,0.28472,0.725332,1.02048,0,0,0,3.01532,0,0,0,0,0.00109916,0,0,0.0275576,0,0,0.0286568,0,0,0,0,0,0,0,0,0,0,0,25.2726,309.908,0,0.000172273,0.004509,
6,28,4,0,0.51379,0.221825,0,0,0,0.351715,0.718346,0.960451,0,0,0,2.76613,0,0,0,0,0.000412261,0,0,0.0259366,0,0,0.0263489,0,0,0,0,0,0,0,0,0,0,0,25.2851,309.908,0,0.000172768,0.004509,
6,28,5,0,0.573499,0.221825,0,0,0,0.519197,0.732318,1.08051,0,0,0,3.12735,0,0,0,0,0.0249919,0,0,0.0291787,0,0,0.0541706,0,0,0,0,0,0,0,0,0,0,0,25.4008,309.908,0,0.000173366,0.004509,
6,28,6,0,1.91198,0.221825,0,0,0,0.703426,0.753275,1.26059,0,0,0,4.8511,0,0,0,0,0.0439367,0,0,0.0340418,0,0,0.0779785,0,0,0,0,0,0,0,0,0,0,0,25.2283,309.908,0,0.000171507,0.004509,
6,28,7,0,3.61326,0.221825,0,0,0,0.686679,0.760261,1.32062,0,0,0,6.60265,0,0,0,0,0.230648,0,0,0.0356628,0,0,0.266311,0,0,0,0,0,0,0,0,0,0,0,23.8602,309.908,0,0.000129175,0.004509,
6,28,8,0,4.82947,0.221825,0,0,0,0.56944,0.735811,1.11052,0,0,0,7.46707,0,0,0,0,0.265366,0,0,0.0299892,0,0,0.295355,0,0,0,0,0,0,0,0,0,0,0,20.2776,309.908,0,3.35153e-005,0.004509,
6,28,9,0,5.56805,0.221825,0,0,0,0.4857,0.718346,0.960451,0,0,0,7.95437,0,0,0,0,0.35187,0,0,0.0259366,0,0,0.377807,0,0,0,0,0,0,0,0,0,0,0,19.9873,309.908,0,2.90472e-005,0.004509,
6,28,10,0,6.51996,0.221825,0,0,0,0.452204,0.721839,0.990466,0,0,0,8.9063,0,0,0,0,0.515957,0,0,0.0267471,0,0,0.542704,0,0,0,0,0,0,0,0,0,0,0,19.9482,309.908,0,2.72547e-005,0.004509,
6,28,11,0,7.44125,0.221825,0,0,0,0.418708,0.721839,0.990466,0,0,0,9.79409,0,0,0,0,0.17986,0,0,0.0267471,0,0,0.206607,0,0,0,0,0,0,0,0,0,0,0,19.939,309.908,0,2.77023e-005,0.004509,
6,28,12,0,8.38453,0.221825,0,0,0,0.351715,0.718346,0.960451,0,0,0,10.6369,0,0,0,0,0.0770859,0,0,0.0259366,0,0,0.103022,0,0,0,0,0,0,0,0,0,0,0,19.917,309.908,0,2.50416e-005,0.004509,
6,28,13,0,9.44727,0.221825,0,0,0,0.351715,0.721839,0.990466,0,0,0,11.7331,0,0,0,0,0.287387,0,0,0.0267471,0,0,0.314134,0,0,0,0,0,0,0,0,0,0,0,20.0104,309.908,0,2.69091e-005,0.004509,
6,28,14,0,10.6079,0.221825,0,0,0,0.351715,0.728825,1.0505,0,0,0,12.9607,0,0,0,0,0.114161,0,0,0.0283681,0,0,0.142529,0,0,0,0,0,0,0,0,0,0,0,20.0275,309.908,0,2.65868e-005,0.004509,
6,28,15,0,11.9419,0.221825,0,0,0,0.435454,0.735811,1.11052,0,0,0,14.4455,0,0,0,0,0.384592,0,0,0.0299892,0,0,0.414581,0,0,0,0,0,0,0,0,0,0,0,20.4012,309.908,0,2.60803e-005,0.004509,
6,28,16,0,11.9587,0.221825,0,0,0,0.519197,0.760261,1.32062,0,0,0,14.7806,0,0,0,0,0.207397,0,0,0.0356628,0,0,0.24306,0,0,0,0,0,0,0,0,0,0,0,20.1692,309.908,0,3.46142e-005,0.004509,
6,28,17,0,11.7942,0.221825,0,0,0,0.736923,0.791698,1.59075,0,0,0,15.1354,0,0,0,0,0.216641,0,0,0.0429574,0,0,0.259598,0,0,0,0,0,0,0,0,0,0,0,22.0367,309.908,0,7.62534e-005,0.004509,
6,28,18,0,11.6139,0.221825,0,0,0,1.40685,0.809163,1.74082,0,0,0,15.7926,0,0,0,0,0.189752,0,0,0.04701,0,0,0.236762,0,0,0,0,0,0,0,0,0,0,0,72.3275,309.908,0,0.00012475,0.004509,
6,28,19,0,11.3782,0.221825,0,0,0,1.9763,0.816149,1.80085,0,0,0,16.1933,0,0,0,0,0.116779,0,0,0.0486311,0,0,0.16541,0,0,0,0,0,0,0,0,0,0,0,28.2119,309.908,0,0.00025344,0.004509,
6,28,20,0,9.48615,0.221825,0,0,0,1.89255,0.823135,1.86088,0.382647,0,0,14.6672,0,0,0,0,0.234628,0,0,0.0502522,0,0,0.28488,0,0,0,0,0,0,0,0,0,0,0,59.85,309.908,0,0.000399694,0.004509,
6,28,21,0,7.13753,0.221825,0,0,0,1.60783,0.816149,1.80085,0.382647,0,0,11.9668,0,0,0,0,0.0396825,0,0,0.0486311,0,0,0.0883136,0,0,0,0,0,0,0,0,0,0,0,33.662,309.908,0,0.000248246,0.004509,
6,28,22,0,5.04333,0.221825,0,0,0,1.05514,0.788205,1.56074,0.382647,0,0,9.05188,0,0,0,0,0.0132297,0,0,0.042147,0,0,0.0553767,0,0,0,0,0,0,0,0,0,0,0,27.141,309.908,0,0.000227746,0.004509,
6,28,23,0,3.82946,0.221825,0,0,0,0.636433,0.763754,1.35064,0.382647,0,0,7.18476,0,0,0,0,0.0313602,0,0,0.0364733,0,0,0.0678335,0,0,0,0,0,0,0,0,0,0,0,26.6037,309.908,0,0.00021137,0.004509,
6,28,24,0,2.77774,0.221825,0,0,0,0.385211,0.735811,1.11052,0,0,0,5.23111,0,0,0,0,0.0549883,0,0,0.0299892,0,0,0.0849775,0,0,0,0,0,0,0,0,0,0,0,26.3269,309.908,0,0.000203413,0.004509,
6,29,1,0,2.0273,0.221825,0,0,0,0.318218,0.728825,1.0505,0,0,0,4.34667,0,0,0,0,0,0,0,0.0283681,0,0,0.0283681,0,0,0,0,0,0,0,0,0,0,0,25.3447,309.908,0,0.00017254,0.004509,
6,29,2,0,1.24883,0.221825,0,0,0,0.251224,0.725332,1.02048,0,0,0,3.4677,0,0,0,0,0,0,0,0.0275576,0,0,0.0275576,0,0,0,0,0,0,0,0,0,0,0,25.2945,309.908,0,0.000170418,0.004509,
6,29,3,0,0.703372,0.221825,0,0,0,0.28472,0.725332,1.02048,0,0,0,2.95573,0,0,0,0,0,0,0,0.0275576,0,0,0.0275576,0,0,0,0,0,0,0,0,0,0,0,25.2279,309.908,0,0.000170326,0.004509,
6,29,4,0,0.481845,0.221825,0,0,0,0.351715,0.718346,0.960451,0,0,0,2.73418,0,0,0,0,0,0,0,0.0259366,0,0,0.0259366,0,0,0,0,0,0,0,0,0,0,0,25.2905,309.908,0,0.000170237,0.004509,
6,29,5,0,0.56058,0.221825,0,0,0,0.519197,0.732318,1.08051,0,0,0,3.11443,0,0,0,0,0.00142494,0,0,0.0291787,0,0,0.0306036,0,0,0,0,0,0,0,0,0,0,0,25.2973,309.908,0,0.000170526,0.004509,
6,29,6,0,1.82846,0.221825,0,0,0,0.703426,0.753275,1.26059,0,0,0,4.76759,0,0,0,0,0.1947,0,0,0.0340418,0,0,0.228742,0,0,0,0,0,0,0,0,0,0,0,25.0784,309.908,0,0.000168088,0.004509,
6,29,7,0,3.37648,0.221825,0,0,0,0.686679,0.760261,1.32062,0,0,0,6.36587,0,0,0,0,0.197473,0,0,0.0356628,0,0,0.233136,0,0,0,0,0,0,0,0,0,0,0,23.4705,309.908,0,0.00011034,0.004509,
6,29,8,0,4.69674,0.221825,0,0,0,0.56944,0.735811,1.11052,0,0,0,7.33434,0,0,0,0,0.145258,0,0,0.0299892,0,0,0.175247,0,0,0,0,0,0,0,0,0,0,0,20.3415,309.908,0,2.76709e-005,0.004509,
6,29,9,0,6.09661,0.221825,0,0,0,0.4857,0.718346,0.960451,0,0,0,8.48293,0,0,0,0,0.0766907,0,0,0.0259366,0,0,0.102627,0,0,0,0,0,0,0,0,0,0,0,20.0337,309.908,0,2.21439e-005,0.004509,
6,29,10,0,7.65927,0.221825,0,0,0,0.452204,0.721839,0.990466,0,0,0,10.0456,0,0,0,0,0.143524,0,0,0.0267471,0,0,0.170271,0,0,0,0,0,0,0,0,0,0,0,19.9806,309.908,0,2.37607e-005,0.004509,
6,29,11,0,8.6869,0.221825,0,0,0,0.418708,0.721839,0.990466,0,0,0,11.0397,0,0,0,0,0.0973203,0,0,0.0267471,0,0,0.124067,0,0,0,0,0,0,0,0,0,0,0,20.2623,309.908,0,1.84993e-005,0.004509,
6,29,12,0,9.55977,0.221825,0,0,0,0.351715,0.718346,0.960451,0,0,0,11.8121,0,0,0,0,0.102172,0,0,0.0259366,0,0,0.128109,0,0,0,0,0,0,0,0,0,0,0,20.0022,309.908,0,1.9528e-005,0.004509,
6,29,13,0,10.8014,0.221825,0,0,0,0.351715,0.721839,0.990466,0,0,0,13.0872,0,0,0,0,0.0797009,0,0,0.0267471,0,0,0.106448,0,0,0,0,0,0,0,0,0,0,0,20.0823,309.908,0,2.44073e-005,0.004509,
6,29,14,0,12.0981,0.221825,0,0,0,0.351715,0.728825,1.0505,0,0,0,14.4509,0,0,0,0,0.146979,0,0,0.0283681,0,0,0.175347,0,0,0,0,0,0,0,0,0,0,0,44.8751,309.908,0,1.97712e-005,0.004509,
6,29,15,0,12.1581,0.221825,0,0,0,0.435454,0.735811,1.11052,0,0,0,14.6617,0,0,0,0,0.0365189,0,0,0.0299892,0,0,0.0665081,0,0,0,0,0,0,0,0,0,0,0,125.512,309.908,0,2.35373e-005,0.004509,
6,29,16,0,12.105,0.221825,0,0,0,0.519197,0.760261,1.32062,0,0,0,14.9269,0,0,0,0,0.194155,0,0,0.0356628,0,0,0.229818,0,0,0,0,0,0,0,0,0,0,0,395.226,309.908,0,3.08608e-005,0.004509,
6,29,17,0,12.0975,0.221825,0,0,0,0.736923,0.791698,1.59075,0,0,0,15.4387,0,0,0,0,0.0307321,0,0,0.0429574,0,0,0.0736895,0,0,0,0,0,0,0,0,0,0,0,546.593,309.908,0,7.16087e-005,0.004509,
6,29,18,0,11.9206,0.221825,0,0,0,1.40685,0.809163,1.74082,0,0,0,16.0993,0,0,0,0,0.0761984,0,0,0.04701,0,0,0.123208,0,0,0,0,0,0,0,0,0,0,0,845.484,309.908,0,0.000218255,0.004509,
6,29,19,0,11.6751,0.221825,0,0,0,1.9763,0.816149,1.80085,0,0,0,16.4902,0,0,0,0,0.0605502,0,0,0.0486311,0,0,0.109181,0,0,0,0,0,0,0,0,0,0,0,76.7316,309.908,0,0.000270623,0.004509,
6,29,20,0,10.956,0.221825,0,0,0,1.89255,0.823135,1.86088,0.382647,0,0,16.137,0,0,0,0,0.0882633,0,0,0.0502522,0,0,0.138516,0,0,0,0,0,0,0,0,0,0,0,179.043,309.908,0,0.00037298,0.004509,
6,29,21,0,8.88394,0.221825,0,0,0,1.60783,0.816149,1.80085,0.382647,0,0,13.7132,0,0,0,0,0.145025,0,0,0.0486311,0,0,0.193656,0,0,0,0,0,0,0,0,0,0,0,161.009,309.908,0,0.00024589,0.004509,
6,29,22,0,6.37417,0.221825,0,0,0,1.05514,0.788205,1.56074,0.382647,0,0,10.3827,0,0,0,0,0.0345016,0,0,0.042147,0,0,0.0766486,0,0,0,0,0,0,0,0,0,0,0,49.1317,309.908,0,0.00022264,0.004509,
6,29,23,0,4.38825,0.221825,0,0,0,0.636433,0.763754,1.35064,0.382647,0,0,7.74354,0,0,0,0,0.0556347,0,0,0.0364733,0,0,0.092108,0,0,0,0,0,0,0,0,0,0,0,27.8307,309.908,0,0.000208889,0.004509,
6,29,24,0,3.01938,0.221825,0,0,0,0.385211,0.735811,1.11052,0,0,0,5.47275,0,0,0,0,0.0122029,0,0,0.0299892,0,0,0.0421921,0,0,0,0,0,0,0,0,0,0,0,26.2117,309.908,0,0.000195227,0.004509,
6,30,1,0,2.21427,0.221825,0,0,0,0.318218,0.728825,1.0505,0,0,0,4.53364,0,0,0,0,0.000369135,0,0,0.0283681,0,0,0.0287372,0,0,0,0,0,0,0,0,0,0,0,25.9972,309.908,0,0.000170347,0.004509,
6,30,2,0,1.48433,0.221825,0,0,0,0.251224,0.725332,1.02048,0,0,0,3.70319,0,0,0,0,0,0,0,0.0275576,0,0,0.0275576,0,0,0,0,0,0,0,0,0,0,0,25.7947,309.908,0,0.000166521,0.004509,
6,30,3,0,0.917568,0.221825,0,0,0,0.28472,0.725332,1.02048,0,0,0,3.16993,0,0,0,0,0,0,0,0.0275576,0,0,0.0275576,0,0,0,0,0,0,0,0,0,0,0,25.6942,309.908,0,0.000164132,0.004509,
6,30,4,0,0.535511,0.221825,0,0,0,0.351715,0.718346,0.960451,0,0,0,2.78785,0,0,0,0,0.000347644,0,0,0.0259366,0,0,0.0262842,0,0,0,0,0,0,0,0,0,0,0,25.68,309.908,0,0.000162949,0.004509,
6,30,5,0,0.546017,0.221825,0,0,0,0.519197,0.732318,1.08051,0,0,0,3.09987,0,0,0,0,0.00256835,0,0,0.0291787,0,0,0.031747,0,0,0,0,0,0,0,0,0,0,0,25.6926,309.908,0,0.000164006,0.004509,
6,30,6,0,1.41837,0.221825,0,0,0,0.703426,0.753275,1.26059,0,0,0,4.35749,0,0,0,0,0.22294,0,0,0.0340418,0,0,0.256982,0,0,0,0,0,0,0,0,0,0,0,25.3935,309.908,0,0.000158969,0.004509,
6,30,7,0,2.95385,0.221825,0,0,0,0.686679,0.760261,1.32062,0,0,0,5.94324,0,0,0,0,0.239526,0,0,0.0356628,0,0,0.275189,0,0,0,0,0,0,0,0,0,0,0,24.4134,309.908,0,0.000115148,0.004509,
6,30,8,0,4.51309,0.221825,0,0,0,0.56944,0.735811,1.11052,0,0,0,7.1507,0,0,0,0,0.135416,0,0,0.0299892,0,0,0.165405,0,0,0,0,0,0,0,0,0,0,0,21.0097,309.908,0,3.14613e-005,0.004509,
6,30,9,0,6.03959,0.221825,0,0,0,0.4857,0.718346,0.960451,0,0,0,8.42591,0,0,0,0,0.35347,0,0,0.0259366,0,0,0.379407,0,0,0,0,0,0,0,0,0,0,0,20.6584,309.908,0,2.60685e-005,0.004509,
6,30,10,0,7.66287,0.221825,0,0,0,0.452204,0.721839,0.990466,0,0,0,10.0492,0,0,0,0,0.213662,0,0,0.0267471,0,0,0.240409,0,0,0,0,0,0,0,0,0,0,0,20.5174,309.908,0,2.69344e-005,0.004509,
6,30,11,0,8.9989,0.221825,0,0,0,0.418708,0.721839,0.990466,0,0,0,11.3517,0,0,0,0,0.0142352,0,0,0.0267471,0,0,0.0409823,0,0,0,0,0,0,0,0,0,0,0,20.6163,309.908,0,2.30489e-005,0.004509,
6,30,12,0,10.4526,0.221825,0,0,0,0.351715,0.718346,0.960451,0,0,0,12.7049,0,0,0,0,0.20325,0,0,0.0259366,0,0,0.229187,0,0,0,0,0,0,0,0,0,0,0,20.4967,309.908,0,2.35202e-005,0.004509,
6,30,13,0,11.8505,0.221825,0,0,0,0.351715,0.721839,0.990466,0,0,0,14.1364,0,0,0,0,0.0450069,0,0,0.0267471,0,0,0.071754,0,0,0,0,0,0,0,0,0,0,0,20.4369,309.908,0,2.53803e-005,0.004509,
6,30,14,0,12.2759,0.221825,0,0,0,0.351715,0.728825,1.0505,0,0,0,14.6287,0,0,0,0,0.323618,0,0,0.0283681,0,0,0.351986,0,0,0,0,0,0,0,0,0,0,0,1041.49,309.908,0,2.5375e-005,0.004509,
6,30,15,0,12.2974,0.221825,0,0,0,0.435454,0.735811,1.11052,0,0,0,14.801,0,0,0,0,0.0678814,0,0,0.0299892,0,0,0.0978706,0,0,0,0,0,0,0,0,0,0,0,1114.25,309.908,0,2.5421e-005,0.004509,
6,30,16,0,12.2035,0.221825,0,0,0,0.519197,0.760261,1.32062,0,0,0,15.0254,0,0,0,0,0.12522,0,0,0.0356628,0,0,0.160883,0,0,0,0,0,0,0,0,0,0,0,1571.19,309.908,0,3.40889e-005,0.004509,
6,30,17,0,12.0268,0.221825,0,0,0,0.736923,0.791698,1.59075,0,0,0,15.368,0,0,0,0,0.172725,0,0,0.0429574,0,0,0.215682,0,0,0,0,0,0,0,0,0,0,0,870.1,309.908,0,7.58348e-005,0.004509,
6,30,18,0,11.97,0.221825,0,0,0,1.40685,0.809163,1.74082,0,0,0,16.1486,0,0,0,0,0.0731537,0,0,0.04701,0,0,0.120164,0,0,0,0,0,0,0,0,0,0,0,1154.24,309.908,0,0.00022017,0.004509,
6,30,19,0,11.881,0.221825,0,0,0,1.9763,0.816149,1.80085,0,0,0,16.6961,0,0,0,0,0.114964,0,0,0.0486311,0,0,0.163595,0,0,0,0,0,0,0,0,0,0,0,188.652,309.908,0,0.000275349,0.004509,
6,30,20,0,11.4513,0.221825,0,0,0,1.89255,0.823135,1.86088,0.382647,0,0,16.6323,0,0,0,0,0.0297915,0,0,0.0502522,0,0,0.0800437,0,0,0,0,0,0,0,0,0,0,0,223.074,309.908,0,0.000289538,0.004509,
6,30,21,0,9.00297,0.221825,0,0,0,1.60783,0.816149,1.80085,0.382647,0,0,13.8323,0,0,0,0,0.101408,0,0,0.0486311,0,0,0.150039,0,0,0,0,0,0,0,0,0,0,0,215.707,309.908,0,0.000246423,0.004509,
6,30,22,0,5.9173,0.221825,0,0,0,1.05514,0.788205,1.56074,0.382647,0,0,9.92585,0,0,0,0,0.0407394,0,0,0.042147,0,0,0.0828864,0,0,0,0,0,0,0,0,0,0,0,34.3498,309.908,0,0.000222892,0.004509,
6,30,23,0,3.51339,0.221825,0,0,0,0.636433,0.763754,1.35064,0.382647,0,0,6.86869,0,0,0,0,0.226997,0,0,0.0364733,0,0,0.26347,0,0,0,0,0,0,0,0,0,0,0,26.5571,309.908,0,0.000208148,0.004509,
6,30,24,0,2.09132,0.221825,0,0,0,0.385211,0.735811,1.11052,0,0,0,4.54469,0,0,0,0,0,0,0,0.0299892,0,0,0.0299892,0,0,0,0,0,0,0,0,0,0,0,25.9032,309.908,0,0.00019313,0.004509,
7,1,1,0,1.28809,0.221825,0,0,0,0.318218,0.728825,1.0505,0,0,0,3.60745,0,0,0,0,0.000441999,0,0,0.0283681,0,0,0.0288101,0,0,0,0,0,0,0,0,0,0,0,26.5268,308.927,0,0.000214851,0.004509,
7,1,2,0,0.459979,0.221825,0,0,0,0.251224,0.725332,1.02048,0,0,0,2.67884,0,0,0,0,0.0196819,0,0,0.0275576,0,0,0.0472395,0,0,0,0,0,0,0,0,0,0,0,26.4783,308.927,0,0.000214039,0.004509,
7,1,3,0,0.0584057,0.221825,0,0,0,0.28472,0.725332,1.02048,0,0,0,2.31076,0,0,0,0,0.000478406,0,0,0.0275576,0,0,0.028036,0,0,0,0,0,0,0,0,0,0,0,26.4792,308.927,0,0.000213979,0.004509,
7,1,4,0,0,0.221825,0,0,0,0.351715,0.718346,0.960451,0,0,0,2.25234,0,0,0,0,0.00441552,0,0,0.0259366,0,0,0.0303521,0,0,0,0,0,0,0,0,0,0,0,26.4736,308.927,0,0.000212987,0.004509,
7,1,5,0,0,0.221825,0,0,0,0.519197,0.732318,1.08051,0,0,0,2.55385,0,0,0,0,0.0537116,0,0,0.0291787,0,0,0.0828903,0,0,0,0,0,0,0,0,0,0,0,26.4761,308.927,0,0.000214274,0.004509,
7,1,6,0,0,0.221825,0,0,0,0.703426,0.753275,1.26059,0,0,0,2.93912,0,0,0,0,0.210811,0,0,0.0340418,0,0,0.244853,0,0,0,0,0,0,0,0,0,0,0,26.4817,308.927,0,0.000213813,0.004509,
7,1,7,0,0,0.221825,0,0,0,0.686679,0.760261,1.32062,0,0,0,2.98939,0,0,0,0,0.275081,0,0,0.0356628,0,0,0.310744,0,0,0,0,0,0,0,0,0,0,0,24.7042,308.927,0,0.00015777,0.004509,
7,1,8,0,0.156559,0.221825,0,0,0,0.56944,0.735811,1.11052,0,0,0,2.79416,0,0,0,0,0.449698,0,0,0.0299892,0,0,0.479687,0,0,0,0,0,0,0,0,0,0,0,21.7619,308.927,5.91672e-015,5.79966e-005,0.004509,
7,1,9,0,1.04708,0.221825,0,0,0,0.4857,0.718346,0.960451,0,0,0,3.43341,0,0,0,0,0.0641636,0,0,0.0259366,0,0,0.0901002,0,0,0,0,0,0,0,0,0,0,0,20.9136,308.927,8.24771e-013,3.99728e-005,0.004509,
7,1,10,0,2.32647,0.221825,0,0,0,0.452204,0.721839,0.990466,0,0,0,4.7128,0,0,0,0,0.0494705,0,0,0.0267471,0,0,0.0762176,0,0,0,0,0,0,0,0,0,0,0,20.8292,308.927,1.60178e-011,3.52875e-005,0.004509,
7,1,11,0,3.4516,0.221825,0,0,0,0.418708,0.721839,0.990466,0,0,0,5.80443,0,0,0,0,0.166676,0,0,0.0267471,0,0,0.193423,0,0,0,0,0,0,0,0,0,0,0,20.8123,308.927,4.85046e-010,3.67705e-005,0.004509,
7,1,12,0,4.74615,0.221825,0,0,0,0.351715,0.718346,0.960451,0,0,0,6.99849,0,0,0,0,0.110575,0,0,0.0259366,0,0,0.136512,0,0,0,0,0,0,0,0,0,0,0,20.8213,308.927,2.44108e-007,3.42753e-005,0.004509,
7,1,13,0,5.96057,0.221825,0,0,0,0.351715,0.721839,0.990466,0,0,0,8.24641,0,0,0,0,0.0577006,0,0,0.0267471,0,0,0.0844477,0,0,0,0,0,0,0,0,0,0,0,21.0048,308.927,2.22402e-006,3.55086e-005,0.004509,
7,1,14,0,7.39601,0.221825,0,0,0,0.351715,0.728825,1.0505,0,0,0,9.74887,0,0,0,0,0.0266695,0,0,0.0283681,0,0,0.0550376,0,0,0,0,0,0,0,0,0,0,0,20.7682,308.927,1.30451e-005,3.78844e-005,0.004509,
7,1,15,0,9.22673,0.221825,0,0,0,0.435454,0.735811,1.11052,0,0,0,11.7303,0,0,0,0,0.0672946,0,0,0.0299892,0,0,0.0972838,0,0,0,0,0,0,0,0,0,0,0,20.8145,308.927,0.000146641,3.97807e-005,0.004509,
7,1,16,0,10.7973,0.221825,0,0,0,0.519197,0.760261,1.32062,0,0,0,13.6192,0,0,0,0,0.0868923,0,0,0.0356628,0,0,0.122555,0,0,0,0,0,0,0,0,0,0,0,21.2231,308.927,0.000547552,5.52348e-005,0.004509,
7,1,17,0,11.476,0.221825,0,0,0,0.736923,0.791698,1.59075,0,0,0,14.8172,0,0,0,0,0.140256,0,0,0.0429574,0,0,0.183213,0,0,0,0,0,0,0,0,0,0,0,43.0397,308.927,0.000881336,0.000105201,0.004509,
7,1,18,0,11.4129,0.221825,0,0,0,1.40685,0.809163,1.74082,0,0,0,15.5916,0,0,0,0,0.24542,0,0,0.04701,0,0,0.29243,0,0,0,0,0,0,0,0,0,0,0,475.949,308.927,0.00212015,0.000153786,0.004509,
7,1,19,0,11.0333,0.221825,0,0,0,1.9763,0.816149,1.80085,0,0,0,15.8484,0,0,0,0,0.13804,0,0,0.0486311,0,0,0.186671,0,0,0,0,0,0,0,0,0,0,0,28.9454,308.927,0.021798,0.000280368,0.004509,
7,1,20,0,8.63565,0.221825,0,0,0,1.89255,0.823135,1.86088,0.382647,0,0,13.8167,0,0,0,0,0.371815,0,0,0.0502522,0,0,0.422067,0,0,0,0,0,0,0,0,0,0,0,156.803,308.927,0.0264296,0.000383006,0.004509,
7,1,21,0,6.15495,0.221825,0,0,0,1.60783,0.816149,1.80085,0.382647,0,0,10.9843,0,0,0,0,0.414788,0,0,0.0486311,0,0,0.463419,0,0,0,0,0,0,0,0,0,0,0,97.7021,308.927,0.00120479,0.000267907,0.004509,
7,1,22,0,4.0323,0.221825,0,0,0,1.05514,0.788205,1.56074,0.382647,0,0,8.04085,0,0,0,0,0.0848924,0,0,0.042147,0,0,0.127039,0,0,0,0,0,0,0,0,0,0,0,27.6351,308.927,2.49023e-008,0.000245335,0.004509,
7,1,23,0,2.54843,0.221825,0,0,0,0.636433,0.763754,1.35064,0.382647,0,0,5.90373,0,0,0,0,0.0539616,0,0,0.0364733,0,0,0.0904349,0,0,0,0,0,0,0,0,0,0,0,27.049,308.927,0,0.000227822,0.004509,
7,1,24,0,1.57787,0.221825,0,0,0,0.385211,0.735811,1.11052,0,0,0,4.03124,0,0,0,0,0.0235157,0,0,0.0299892,0,0,0.0535049,0,0,0,0,0,0,0,0,0,0,0,26.9195,308.927,0,0.000224415,0.004509,
7,2,1,0,0.909672,0.221825,0,0,0,0.318218,0.728825,1.0505,0,0,0,3.22903,0,0,0,0,0.000532469,0,0,0.0283681,0,0,0.0289006,0,0,0,0,0,0,0,0,0,0,0,26.3754,308.927,0,0.000203974,0.004509,
7,2,2,0,0.406116,0.221825,0,0,0,0.251224,0.725332,1.02048,0,0,0,2.62498,0,0,0,0,0,0,0,0.0275576,0,0,0.0275576,0,0,0,0,0,0,0,0,0,0,0,26.3635,308.927,0,0.000204176,0.004509,
7,2,3,0,0.13209,0.221825,0,0,0,0.28472,0.725332,1.02048,0,0,0,2.38445,0,0,0,0,0.00907889,0,0,0.0275576,0,0,0.0366365,0,0,0,0,0,0,0,0,0,0,0,26.3581,308.927,0,0.000203746,0.004509,
7,2,4,0,0.000880962,0.221825,0,0,0,0.351715,0.718346,0.960451,0,0,0,2.25322,0,0,0,0,0,0,0,0.0259366,0,0,0.0259366,0,0,0,0,0,0,0,0,0,0,0,26.3607,308.927,0,0.000203701,0.004509,
7,2,5,0,0,0.221825,0,0,0,0.519197,0.732318,1.08051,0,0,0,2.55385,0,0,0,0,0.141624,0,0,0.0291787,0,0,0.170803,0,0,0,0,0,0,0,0,0,0,0,26.3824,308.927,0,0.00020403,0.004509,
7,2,6,0,0,0.221825,0,0,0,0.703426,0.753275,1.26059,0,0,0,2.93912,0,0,0,0,0.22171,0,0,0.0340418,0,0,0.255752,0,0,0,0,0,0,0,0,0,0,0,26.3459,308.927,0,0.000204121,0.004509,
7,2,7,0,0.927379,0.221825,0,0,0,0.686679,0.760261,1.32062,0,0,0,3.91677,0,0,0,0,0.570573,0,0,0.0356628,0,0,0.606236,0,0,0,0,0,0,0,0,0,0,0,24.7037,308.927,0,0.00015047,0.004509,
7,2,8,0,2.6254,0.221825,0,0,0,0.56944,0.735811,1.11052,0,0,0,5.263,0,0,0,0,0.327922,0,0,0.0299892,0,0,0.357911,0,0,0,0,0,0,0,0,0,0,0,21.4097,308.927,0,4.54686e-005,0.004509,
7,2,9,0,3.80397,0.221825,0,0,0,0.4857,0.718346,0.960451,0,0,0,6.19029,0,0,0,0,0.128281,0,0,0.0259366,0,0,0.154218,0,0,0,0,0,0,0,0,0,0,0,20.2835,308.927,0,2.4429e-005,0.004509,
7,2,10,0,5.23068,0.221825,0,0,0,0.452204,0.721839,0.990466,0,0,0,7.61701,0,0,0,0,0.0807653,0,0,0.0267471,0,0,0.107512,0,0,0,0,0,0,0,0,0,0,0,20.2332,308.927,0,2.06324e-005,0.004509,
7,2,11,0,6.59047,0.221825,0,0,0,0.418708,0.721839,0.990466,0,0,0,8.9433,0,0,0,0,0.0868334,0,0,0.0267471,0,0,0.11358,0,0,0,0,0,0,0,0,0,0,0,20.2217,308.927,0,1.99807e-005,0.004509,
7,2,12,0,8.00249,0.221825,0,0,0,0.351715,0.718346,0.960451,0,0,0,10.2548,0,0,0,0,0.161944,0,0,0.0259366,0,0,0.187881,0,0,0,0,0,0,0,0,0,0,0,20.2042,308.927,0,2.01054e-005,0.004509,
7,2,13,0,9.38224,0.221825,0,0,0,0.351715,0.721839,0.990466,0,0,0,11.6681,0,0,0,0,0.0141154,0,0,0.0267471,0,0,0.0408625,0,0,0,0,0,0,0,0,0,0,0,20.3972,308.927,0,2.02635e-005,0.004509,
7,2,14,0,10.4569,0.221825,0,0,0,0.351715,0.728825,1.0505,0,0,0,12.8098,0,0,0,0,0.171124,0,0,0.0283681,0,0,0.199492,0,0,0,0,0,0,0,0,0,0,0,20.2058,308.927,0,2.03889e-005,0.004509,
7,2,15,0,11.7927,0.221825,0,0,0,0.435454,0.735811,1.11052,0,0,0,14.2963,0,0,0,0,0.1138,0,0,0.0299892,0,0,0.143789,0,0,0,0,0,0,0,0,0,0,0,73.8322,308.927,0,2.17515e-005,0.004509,
7,2,16,0,11.9371,0.221825,0,0,0,0.519197,0.760261,1.32062,0,0,0,14.759,0,0,0,0,0.0897195,0,0,0.0356628,0,0,0.125382,0,0,0,0,0,0,0,0,0,0,0,355.21,308.927,0,3.06199e-005,0.004509,
7,2,17,0,11.77,0.221825,0,0,0,0.736923,0.791698,1.59075,0,0,0,15.1112,0,0,0,0,0.0619803,0,0,0.0429574,0,0,0.104938,0,0,0,0,0,0,0,0,0,0,0,424.489,308.927,0,8.14455e-005,0.004509,
7,2,18,0,11.6449,0.221825,0,0,0,1.40685,0.809163,1.74082,0,0,0,15.8236,0,0,0,0,0.290746,0,0,0.04701,0,0,0.337756,0,0,0,0,0,0,0,0,0,0,0,795.148,308.927,0,0.000128982,0.004509,
7,2,19,0,11.5978,0.221825,0,0,0,1.9763,0.816149,1.80085,0,0,0,16.4129,0,0,0,0,0.0665332,0,0,0.0486311,0,0,0.115164,0,0,0,0,0,0,0,0,0,0,0,111.329,308.927,0,0.000254663,0.004509,
7,2,20,0,10.7215,0.221825,0,0,0,1.89255,0.823135,1.86088,0.382647,0,0,15.9025,0,0,0,0,0.110986,0,0,0.0502522,0,0,0.161238,0,0,0,0,0,0,0,0,0,0,0,231.986,308.927,0,0.00026863,0.004509,
7,2,21,0,8.29084,0.221825,0,0,0,1.60783,0.816149,1.80085,0.382647,0,0,13.1201,0,0,0,0,0.0996639,0,0,0.0486311,0,0,0.148295,0,0,0,0,0,0,0,0,0,0,0,213.682,308.927,0,0.000249179,0.004509,
7,2,22,0,5.57232,0.221825,0,0,0,1.05514,0.788205,1.56074,0.382647,0,0,9.58087,0,0,0,0,0.0313404,0,0,0.042147,0,0,0.0734874,0,0,0,0,0,0,0,0,0,0,0,72.4577,308.927,0,0.000225208,0.004509,
7,2,23,0,3.54503,0.221825,0,0,0,0.636433,0.763754,1.35064,0.382647,0,0,6.90032,0,0,0,0,0.172308,0,0,0.0364733,0,0,0.208781,0,0,0,0,0,0,0,0,0,0,0,26.7946,308.927,0,0.000209806,0.004509,
7,2,24,0,2.21859,0.221825,0,0,0,0.385211,0.735811,1.11052,0,0,0,4.67196,0,0,0,0,0,0,0,0.0299892,0,0,0.0299892,0,0,0,0,0,0,0,0,0,0,0,26.5923,308.927,0,0.000207025,0.004509,
7,3,1,0,1.53811,0.221825,0,0,0,0.318218,0.728825,1.0505,0,0,0,3.85747,0,0,0,0,0,0,0,0.0283681,0,0,0.0283681,0,0,0,0,0,0,0,0,0,0,0,26.7612,308.927,0,0.000217982,0.004509,
7,3,2,0,1.00628,0.221825,0,0,0,0.251224,0.725332,1.02048,0,0,0,3.22514,0,0,0,0,0,0,0,0.0275576,0,0,0.0275576,0,0,0,0,0,0,0,0,0,0,0,26.7132,308.927,0,0.000217756,0.004509,
7,3,3,0,0.655971,0.221825,0,0,0,0.28472,0.725332,1.02048,0,0,0,2.90833,0,0,0,0,0,0,0,0.0275576,0,0,0.0275576,0,0,0,0,0,0,0,0,0,0,0,26.6989,308.927,0,0.000217758,0.004509,
7,3,4,0,0.400733,0.221825,0,0,0,0.351715,0.718346,0.960451,0,0,0,2.65307,0,0,0,0,0,0,0,0.0259366,0,0,0.0259366,0,0,0,0,0,0,0,0,0,0,0,26.7065,308.927,0,0.000217885,0.004509,
7,3,5,0,0.178499,0.221825,0,0,0,0.519197,0.732318,1.08051,0,0,0,2.73235,0,0,0,0,0.00186839,0,0,0.0291787,0,0,0.0310471,0,0,0,0,0,0,0,0,0,0,0,26.737,308.927,0,0.000218026,0.004509,
7,3,6,0,0.850433,0.221825,0,0,0,0.703426,0.753275,1.26059,0,0,0,3.78955,0,0,0,0,0.248808,0,0,0.0340418,0,0,0.28285,0,0,0,0,0,0,0,0,0,0,0,26.6314,308.927,0,0.000217023,0.004509,
7,3,7,0,2.5683,0.221825,0,0,0,0.686679,0.760261,1.32062,0,0,0,5.55769,0,0,0,0,0.23399,0,0,0.0356628,0,0,0.269653,0,0,0,0,0,0,0,0,0,0,0,24.9892,308.927,0,0.000160095,0.004509,
7,3,8,0,3.72746,0.221825,0,0,0,0.56944,0.735811,1.11052,0,0,0,6.36506,0,0,0,0,0.232667,0,0,0.0299892,0,0,0.262656,0,0,0,0,0,0,0,0,0,0,0,21.1134,308.927,0,3.8247e-005,0.004509,
7,3,9,0,4.83232,0.221825,0,0,0,0.4857,0.718346,0.960451,0,0,0,7.21864,0,0,0,0,0.33708,0,0,0.0259366,0,0,0.363017,0,0,0,0,0,0,0,0,0,0,0,19.9722,308.927,0,1.57824e-005,0.004509,
7,3,10,0,6.08086,0.221825,0,0,0,0.452204,0.721839,0.990466,0,0,0,8.4672,0,0,0,0,0.0216569,0,0,0.0267471,0,0,0.048404,0,0,0,0,0,0,0,0,0,0,0,19.9064,308.927,0,1.26769e-005,0.004509,
7,3,11,0,7.17584,0.221825,0,0,0,0.418708,0.721839,0.990466,0,0,0,9.52868,0,0,0,0,0.220003,0,0,0.0267471,0,0,0.24675,0,0,0,0,0,0,0,0,0,0,0,19.9428,308.927,0,1.33051e-005,0.004509,
7,3,12,0,8.11499,0.221825,0,0,0,0.351715,0.718346,0.960451,0,0,0,10.3673,0,0,0,0,0.0318872,0,0,0.0259366,0,0,0.0578238,0,0,0,0,0,0,0,0,0,0,0,19.8908,308.927,0,1.41665e-005,0.004509,
7,3,13,0,9.02968,0.221825,0,0,0,0.351715,0.721839,0.990466,0,0,0,11.3155,0,0,0,0,0.0256216,0,0,0.0267471,0,0,0.0523687,0,0,0,0,0,0,0,0,0,0,0,20.1623,308.927,0,1.36899e-005,0.004509,
7,3,14,0,10.7643,0.221825,0,0,0,0.351715,0.728825,1.0505,0,0,0,13.1172,0,0,0,0,0.0185635,0,0,0.0283681,0,0,0.0469316,0,0,0,0,0,0,0,0,0,0,0,19.8332,308.927,0,1.29381e-005,0.004509,
7,3,15,0,11.824,0.221825,0,0,0,0.435454,0.735811,1.11052,0,0,0,14.3276,0,0,0,0,0.00644759,0,0,0.0299892,0,0,0.0364368,0,0,0,0,0,0,0,0,0,0,0,64.5664,308.927,0,1.65496e-005,0.004509,
7,3,16,0,11.6485,0.221825,0,0,0,0.519197,0.760261,1.32062,0,0,0,14.4704,0,0,0,0,0.0209632,0,0,0.0356628,0,0,0.056626,0,0,0,0,0,0,0,0,0,0,0,86.7885,308.927,0,2.57811e-005,0.004509,
7,3,17,0,11.4953,0.221825,0,0,0,0.736923,0.791698,1.59075,0,0,0,14.8365,0,0,0,0,0.167949,0,0,0.0429574,0,0,0.210906,0,0,0,0,0,0,0,0,0,0,0,188.731,308.927,0,7.84228e-005,0.004509,
7,3,18,0,11.4164,0.221825,0,0,0,1.40685,0.809163,1.74082,0,0,0,15.5951,0,0,0,0,0.141195,0,0,0.04701,0,0,0.188205,0,0,0,0,0,0,0,0,0,0,0,454.921,308.927,0,0.000144145,0.004509,
7,3,19,0,10.4052,0.221825,0,0,0,1.9763,0.816149,1.80085,0,0,0,15.2203,0,0,0,0,0.00460726,0,0,0.0486311,0,0,0.0532384,0,0,0,0,0,0,0,0,0,0,0,54.6303,308.927,0,0.000253165,0.004509,
7,3,20,0,8.59896,0.221825,0,0,0,1.89255,0.823135,1.86088,0.382647,0,0,13.78,0,0,0,0,0.317719,0,0,0.0502522,0,0,0.367971,0,0,0,0,0,0,0,0,0,0,0,158.944,308.927,0,0.000252043,0.004509,
7,3,21,0,6.51675,0.221825,0,0,0,1.60783,0.816149,1.80085,0.382647,0,0,11.3461,0,0,0,0,0.0166956,0,0,0.0486311,0,0,0.0653267,0,0,0,0,0,0,0,0,0,0,0,158.752,308.927,0,0.000247957,0.004509,
7,3,22,0,4.6821,0.221825,0,0,0,1.05514,0.788205,1.56074,0.382647,0,0,8.69066,0,0,0,0,0.00827985,0,0,0.042147,0,0,0.0504269,0,0,0,0,0,0,0,0,0,0,0,29.1626,308.927,0,0.000233773,0.004509,
7,3,23,0,3.10758,0.221825,0,0,0,0.636433,0.763754,1.35064,0.382647,0,0,6.46287,0,0,0,0,0,0,0,0.0364733,0,0,0.0364733,0,0,0,0,0,0,0,0,0,0,0,26.917,308.927,0,0.00022563,0.004509,
7,3,24,0,2.14141,0.221825,0,0,0,0.385211,0.735811,1.11052,0,0,0,4.59478,0,0,0,0,0.000846468,0,0,0.0299892,0,0,0.0308357,0,0,0,0,0,0,0,0,0,0,0,26.8195,308.927,0,0.000222295,0.004509,
7,4,1,0,1.60026,0.221825,0,0,0,0.318218,0.728825,1.0505,0,0,0,3.91962,0,0,0,0,0.000399309,0,0,0.0283681,0,0,0.0287674,0,0,0,0,0,0,0,0,0,0,0,27.1794,308.927,0,0.00023293,0.004509,
7,4,2,0,1.05915,0.221825,0,0,0,0.251224,0.725332,1.02048,0,0,0,3.27801,0,0,0,0,0,0,0,0.0275576,0,0,0.0275576,0,0,0,0,0,0,0,0,0,0,0,27.142,308.927,0,0.000232497,0.004509,
7,4,3,0,0.712317,0.221825,0,0,0,0.28472,0.725332,1.02048,0,0,0,2.96467,0,0,0,0,0,0,0,0.0275576,0,0,0.0275576,0,0,0,0,0,0,0,0,0,0,0,27.174,308.927,0,0.000232392,0.004509,
7,4,4,0,0.663645,0.221825,0,0,0,0.351715,0.718346,0.960451,0,0,0,2.91598,0,0,0,0,0,0,0,0.0259366,0,0,0.0259366,0,0,0,0,0,0,0,0,0,0,0,27.1814,308.927,0,0.000233794,0.004509,
7,4,5,0,0.673254,0.221825,0,0,0,0.519197,0.732318,1.08051,0,0,0,3.2271,0,0,0,0,0.0217707,0,0,0.0291787,0,0,0.0509494,0,0,0,0,0,0,0,0,0,0,0,27.1843,308.927,0,0.000233886,0.004509,
7,4,6,0,1.45095,0.221825,0,0,0,0.703426,0.753275,1.26059,0,0,0,4.39007,0,0,0,0,0.0430894,0,0,0.0340418,0,0,0.0771312,0,0,0,0,0,0,0,0,0,0,0,27.1111,308.927,0,0.000231126,0.004509,
7,4,7,0,2.73171,0.221825,0,0,0,0.686679,0.760261,1.32062,0,0,0,5.7211,0,0,0,0,0.238171,0,0,0.0356628,0,0,0.273834,0,0,0,0,0,0,0,0,0,0,0,25.7739,308.927,0,0.000186029,0.004509,
7,4,8,0,3.78703,0.221825,0,0,0,0.56944,0.735811,1.11052,0,0,0,6.42463,0,0,0,0,0.0736143,0,0,0.0299892,0,0,0.103604,0,0,0,0,0,0,0,0,0,0,0,22.6211,308.927,0,9.70948e-005,0.004509,
7,4,9,0,4.83182,0.221825,0,0,0,0.4857,0.718346,0.960451,0,0,0,7.21814,0,0,0,0,0.394259,0,0,0.0259366,0,0,0.420196,0,0,0,0,0,0,0,0,0,0,0,21.165,308.927,0,4.33467e-005,0.004509,
7,4,10,0,5.80103,0.221825,0,0,0,0.452204,0.721839,0.990466,0,0,0,8.18737,0,0,0,0,0.757205,0,0,0.0267471,0,0,0.783952,0,0,0,0,0,0,0,0,0,0,0,20.9472,308.927,0,3.87918e-005,0.004509,
7,4,11,0,6.63378,0.221825,0,0,0,0.418708,0.721839,0.990466,0,0,0,8.98662,0,0,0,0,0.306211,0,0,0.0267471,0,0,0.332958,0,0,0,0,0,0,0,0,0,0,0,20.8938,308.927,0,3.79703e-005,0.004509,
7,4,12,0,7.40912,0.221825,0,0,0,0.351715,0.718346,0.960451,0,0,0,9.66146,0,0,0,0,0.125442,0,0,0.0259366,0,0,0.151379,0,0,0,0,0,0,0,0,0,0,0,20.9114,308.927,0,3.94178e-005,0.004509,
7,4,13,0,8.06226,0.221825,0,0,0,0.351715,0.721839,0.990466,0,0,0,10.3481,0,0,0,0,0.101399,0,0,0.0267471,0,0,0.128146,0,0,0,0,0,0,0,0,0,0,0,20.9694,308.927,0,3.77583e-005,0.004509,
7,4,14,0,9.15423,0.221825,0,0,0,0.351715,0.728825,1.0505,0,0,0,11.5071,0,0,0,0,0.150399,0,0,0.0283681,0,0,0.178767,0,0,0,0,0,0,0,0,0,0,0,20.8829,308.927,0,3.80708e-005,0.004509,
7,4,15,0,10.7344,0.221825,0,0,0,0.435454,0.735811,1.11052,0,0,0,13.238,0,0,0,0,0.0826032,0,0,0.0299892,0,0,0.112592,0,0,0,0,0,0,0,0,0,0,0,20.8884,308.927,0,4.75829e-005,0.004509,
7,4,16,0,10.7799,0.221825,0,0,0,0.519197,0.760261,1.32062,0,0,0,13.6018,0,0,0,0,0.196317,0,0,0.0356628,0,0,0.23198,0,0,0,0,0,0,0,0,0,0,0,21.2011,308.927,0,4.99737e-005,0.004509,
7,4,17,0,9.23076,0.221825,0,0,0,0.736923,0.791698,1.59075,0,0,0,12.572,0,0,0,0,0.143532,0,0,0.0429574,0,0,0.186489,0,0,0,0,0,0,0,0,0,0,0,22.7407,308.927,0,0.000102216,0.004509,
7,4,18,0,7.50691,0.221825,0,0,0,1.40685,0.809163,1.74082,0,0,0,11.6856,0,0,0,0,0.259501,0,0,0.04701,0,0,0.306511,0,0,0,0,0,0,0,0,0,0,0,105.451,308.927,0,0.000221086,0.004509,
7,4,19,0,6.32319,0.221825,0,0,0,1.9763,0.816149,1.80085,0,0,0,11.1383,0,0,0,0,0.210779,0,0,0.0486311,0,0,0.25941,0,0,0,0,0,0,0,0,0,0,0,27.9847,308.927,0,0.000256242,0.004509,
7,4,20,0,5.31971,0.221825,0,0,0,1.89255,0.823135,1.86088,0.382647,0,0,10.5007,0,0,0,0,0.0630224,0,0,0.0502522,0,0,0.113275,0,0,0,0,0,0,0,0,0,0,0,27.9792,308.927,0,0.00025604,0.004509,
7,4,21,0,4.83765,0.221825,0,0,0,1.60783,0.816149,1.80085,0.382647,0,0,9.66695,0,0,0,0,0.248095,0,0,0.0486311,0,0,0.296726,0,0,0,0,0,0,0,0,0,0,0,28.957,308.927,0,0.000249204,0.004509,
7,4,22,0,4.08585,0.221825,0,0,0,1.05514,0.788205,1.56074,0.382647,0,0,8.0944,0,0,0,0,0.0578814,0,0,0.042147,0,0,0.100028,0,0,0,0,0,0,0,0,0,0,0,27.3967,308.927,0,0.000238723,0.004509,
7,4,23,0,3.23607,0.221825,0,0,0,0.636433,0.763754,1.35064,0.382647,0,0,6.59136,0,0,0,0,0.00261909,0,0,0.0364733,0,0,0.0390924,0,0,0,0,0,0,0,0,0,0,0,27.2299,308.927,0,0.000235059,0.004509,
7,4,24,0,2.50852,0.221825,0,0,0,0.385211,0.735811,1.11052,0,0,0,4.96189,0,0,0,0,0.00489413,0,0,0.0299892,0,0,0.0348833,0,0,0,0,0,0,0,0,0,0,0,27.1343,308.927,0,0.000233869,0.004509,
7,5,1,0,1.92651,0.221825,0,0,0,0.318218,0.728825,1.0505,0,0,0,4.24587,0,0,0,0,0.000398965,0,0,0.0283681,0,0,0.0287671,0,0,0,0,0,0,0,0,0,0,0,27.1409,308.927,0,0.000234697,0.004509,
7,5,2,0,1.11996,0.221825,0,0,0,0.251224,0.725332,1.02048,0,0,0,3.33882,0,0,0,0,0,0,0,0.0275576,0,0,0.0275576,0,0,0,0,0,0,0,0,0,0,0,27.1589,308.927,0,0.000234682,0.004509,
7,5,3,0,0.61175,0.221825,0,0,0,0.28472,0.725332,1.02048,0,0,0,2.86411,0,0,0,0,0,0,0,0.0275576,0,0,0.0275576,0,0,0,0,0,0,0,0,0,0,0,27.1695,308.927,0,0.000234924,0.004509,
7,5,4,0,0.401832,0.221825,0,0,0,0.351715,0.718346,0.960451,0,0,0,2.65417,0,0,0,0,0,0,0,0.0259366,0,0,0.0259366,0,0,0,0,0,0,0,0,0,0,0,27.1687,308.927,0,0.000234924,0.004509,
7,5,5,0,0,0.221825,0,0,0,0.519197,0.732318,1.08051,0,0,0,2.55385,0,0,0,0,0,0,0,0.0291787,0,0,0.0291787,0,0,0,0,0,0,0,0,0,0,0,27.1765,308.927,0,0.000235268,0.004509,
7,5,6,0,1.78739,0.221825,0,0,0,0.703426,0.753275,1.26059,0,0,0,4.72652,0,0,0,0,0.00104651,0,0,0.0340418,0,0,0.0350883,0,0,0,0,0,0,0,0,0,0,0,27.1913,308.927,0,0.000235666,0.004509,
7,5,7,0,3.52986,0.221825,0,0,0,0.686679,0.760261,1.32062,0,0,0,6.51924,0,0,0,0,0.00147629,0,0,0.0356628,0,0,0.0371391,0,0,0,0,0,0,0,0,0,0,0,26.2556,308.927,0,0.00019867,0.004509,
7,5,8,0,4.26217,0.221825,0,0,0,0.56944,0.735811,1.11052,0,0,0,6.89978,0,0,0,0,0.197969,0,0,0.0299892,0,0,0.227958,0,0,0,0,0,0,0,0,0,0,0,24.2724,308.927,0,0.000115392,0.004509,
7,5,9,0,4.96429,0.221825,0,0,0,0.4857,0.718346,0.960451,0,0,0,7.35061,0,0,0,0,0.321757,0,0,0.0259366,0,0,0.347694,0,0,0,0,0,0,0,0,0,0,0,23.6219,308.927,0,0.000105972,0.004509,
7,5,10,0,6.10756,0.221825,0,0,0,0.452204,0.721839,0.990466,0,0,0,8.4939,0,0,0,0,0.170133,0,0,0.0267471,0,0,0.19688,0,0,0,0,0,0,0,0,0,0,0,23.5423,308.927,0,0.000102768,0.004509,
7,5,11,0,6.65408,0.221825,0,0,0,0.418708,0.721839,0.990466,0,0,0,9.00692,0,0,0,0,0.153096,0,0,0.0267471,0,0,0.179843,0,0,0,0,0,0,0,0,0,0,0,23.4973,308.927,0,0.000102175,0.004509,
7,5,12,0,7.28904,0.221825,0,0,0,0.351715,0.718346,0.960451,0,0,0,9.54138,0,0,0,0,0.0423666,0,0,0.0259366,0,0,0.0683032,0,0,0,0,0,0,0,0,0,0,0,23.4646,308.927,0,0.000100984,0.004509,
7,5,13,0,8.11915,0.221825,0,0,0,0.351715,0.721839,0.990466,0,0,0,10.405,0,0,0,0,0.203311,0,0,0.0267471,0,0,0.230058,0,0,0,0,0,0,0,0,0,0,0,23.4328,308.927,0,0.000101565,0.004509,
7,5,14,0,7.09011,0.221825,0,0,0,0.351715,0.728825,1.0505,0,0,0,9.44297,0,0,0,0,0.0438925,0,0,0.0283681,0,0,0.0722606,0,0,0,0,0,0,0,0,0,0,0,23.4392,308.927,0,0.000101794,0.004509,
7,5,15,0,8.61988,0.221825,0,0,0,0.435454,0.735811,1.11052,0,0,0,11.1235,0,0,0,0,0.0191752,0,0,0.0299892,0,0,0.0491644,0,0,0,0,0,0,0,0,0,0,0,23.7072,308.927,0,0.000105791,0.004509,
7,5,16,0,9.8483,0.221825,0,0,0,0.519197,0.760261,1.32062,0,0,0,12.6702,0,0,0,0,0.0110533,0,0,0.0356628,0,0,0.0467161,0,0,0,0,0,0,0,0,0,0,0,23.9105,308.927,0,0.000111056,0.004509,
7,5,17,0,8.99748,0.221825,0,0,0,0.736923,0.791698,1.59075,0,0,0,12.3387,0,0,0,0,0.0458532,0,0,0.0429574,0,0,0.0888106,0,0,0,0,0,0,0,0,0,0,0,24.7044,308.927,0,0.000133182,0.004509,
7,5,18,0,7.14236,0.221825,0,0,0,1.40685,0.809163,1.74082,0,0,0,11.321,0,0,0,0,0.232479,0,0,0.04701,0,0,0.279489,0,0,0,0,0,0,0,0,0,0,0,27.7242,308.927,0,0.000246265,0.004509,
7,5,19,0,6.61419,0.221825,0,0,0,1.9763,0.816149,1.80085,0,0,0,11.4293,0,0,0,0,0.0390496,0,0,0.0486311,0,0,0.0876807,0,0,0,0,0,0,0,0,0,0,0,28.9802,308.927,0,0.000286277,0.004509,
7,5,20,0,5.55776,0.221825,0,0,0,1.89255,0.823135,1.86088,0.382647,0,0,10.7388,0,0,0,0,0.0507552,0,0,0.0502522,0,0,0.101007,0,0,0,0,0,0,0,0,0,0,0,93.6941,308.927,0,0.000295212,0.004509,
7,5,21,0,4.68579,0.221825,0,0,0,1.60783,0.816149,1.80085,0.382647,0,0,9.5151,0,0,0,0,0.159063,0,0,0.0486311,0,0,0.207694,0,0,0,0,0,0,0,0,0,0,0,28.219,308.927,0,0.000265035,0.004509,
7,5,22,0,3.34918,0.221825,0,0,0,1.05514,0.788205,1.56074,0.382647,0,0,7.35773,0,0,0,0,0.0167642,0,0,0.042147,0,0,0.0589112,0,0,0,0,0,0,0,0,0,0,0,27.7721,308.927,0,0.000249274,0.004509,
7,5,23,0,2.29837,0.221825,0,0,0,0.636433,0.763754,1.35064,0.382647,0,0,5.65367,0,0,0,0,0.01464,0,0,0.0364733,0,0,0.0511133,0,0,0,0,0,0,0,0,0,0,0,27.4639,308.927,0,0.000242147,0.004509,
7,5,24,0,1.60317,0.221825,0,0,0,0.385211,0.735811,1.11052,0,0,0,4.05654,0,0,0,0,0.0118979,0,0,0.0299892,0,0,0.0418871,0,0,0,0,0,0,0,0,0,0,0,27.365,308.927,0,0.000240785,0.004509,
7,6,1,0,1.19868,0.221825,0,0,0,0.318218,0.728825,1.0505,0,0,0,3.51804,0,0,0,0,0,0,0,0.0283681,0,0,0.0283681,0,0,0,0,0,0,0,0,0,0,0,27.051,308.927,0,0.000225747,0.004509,
7,6,2,0,0.887377,0.221825,0,0,0,0.251224,0.725332,1.02048,0,0,0,3.10624,0,0,0,0,0,0,0,0.0275576,0,0,0.0275576,0,0,0,0,0,0,0,0,0,0,0,27.0802,308.927,0,0.000226745,0.004509,
7,6,3,0,0.778271,0.221825,0,0,0,0.28472,0.725332,1.02048,0,0,0,3.03063,0,0,0,0,0,0,0,0.0275576,0,0,0.0275576,0,0,0,0,0,0,0,0,0,0,0,27.1124,308.927,0,0.000226945,0.004509,
7,6,4,0,0.662426,0.221825,0,0,0,0.351715,0.718346,0.960451,0,0,0,2.91476,0,0,0,0,0,0,0,0.0259366,0,0,0.0259366,0,0,0,0,0,0,0,0,0,0,0,27.1382,308.927,0,0.00022737,0.004509,
7,6,5,0,0.822076,0.221825,0,0,0,0.519197,0.732318,1.08051,0,0,0,3.37593,0,0,0,0,0,0,0,0.0291787,0,0,0.0291787,0,0,0,0,0,0,0,0,0,0,0,27.1581,308.927,0,0.000227748,0.004509,
7,6,6,0,2.32765,0.221825,0,0,0,0.703426,0.753275,1.26059,0,0,0,5.26677,0,0,0,0,0.226323,0,0,0.0340418,0,0,0.260365,0,0,0,0,0,0,0,0,0,0,0,27.1606,308.927,0,0.000228113,0.004509,
7,6,7,0,3.84215,0.221825,0,0,0,0.686679,0.760261,1.32062,0,0,0,6.83153,0,0,0,0,0.110278,0,0,0.0356628,0,0,0.145941,0,0,0,0,0,0,0,0,0,0,0,26.5033,308.927,0,0.000203666,0.004509,
7,6,8,0,4.44061,0.221825,0,0,0,0.56944,0.735811,1.11052,0,0,0,7.07821,0,0,0,0,0.0878154,0,0,0.0299892,0,0,0.117805,0,0,0,0,0,0,0,0,0,0,0,23.8169,308.927,0,0.000108747,0.004509,
7,6,9,0,4.93052,0.221825,0,0,0,0.4857,0.718346,0.960451,0,0,0,7.31684,0,0,0,0,0.0507329,0,0,0.0259366,0,0,0.0766695,0,0,0,0,0,0,0,0,0,0,0,23.5593,308.927,0,9.75029e-005,0.004509,
7,6,10,0,5.75021,0.221825,0,0,0,0.452204,0.721839,0.990466,0,0,0,8.13655,0,0,0,0,0.0656263,0,0,0.0267471,0,0,0.0923734,0,0,0,0,0,0,0,0,0,0,0,23.4114,308.927,0,9.45919e-005,0.004509,
7,6,11,0,6.77253,0.221825,0,0,0,0.418708,0.721839,0.990466,0,0,0,9.12537,0,0,0,0,0.0574121,0,0,0.0267471,0,0,0.0841592,0,0,0,0,0,0,0,0,0,0,0,23.2118,308.927,0,9.13804e-005,0.004509,
7,6,12,0,7.52183,0.221825,0,0,0,0.351715,0.718346,0.960451,0,0,0,9.77417,0,0,0,0,0.0621392,0,0,0.0259366,0,0,0.0880758,0,0,0,0,0,0,0,0,0,0,0,23.2867,308.927,0,9.26944e-005,0.004509,
7,6,13,0,8.52594,0.221825,0,0,0,0.351715,0.721839,0.990466,0,0,0,10.8118,0,0,0,0,0.0481812,0,0,0.0267471,0,0,0.0749283,0,0,0,0,0,0,0,0,0,0,0,23.2472,308.927,0,9.32043e-005,0.004509,
7,6,14,0,8.29835,0.221825,0,0,0,0.351715,0.728825,1.0505,0,0,0,10.6512,0,0,0,0,0.53508,0,0,0.0283681,0,0,0.563448,0,0,0,0,0,0,0,0,0,0,0,23.2477,308.927,0,9.35512e-005,0.004509,
7,6,15,0,9.20999,0.221825,0,0,0,0.435454,0.735811,1.11052,0,0,0,11.7136,0,0,0,0,0.0781839,0,0,0.0299892,0,0,0.108173,0,0,0,0,0,0,0,0,0,0,0,23.3274,308.927,0,9.50281e-005,0.004509,
7,6,16,0,9.94781,0.221825,0,0,0,0.519197,0.760261,1.32062,0,0,0,12.7697,0,0,0,0,0.133084,0,0,0.0356628,0,0,0.168747,0,0,0,0,0,0,0,0,0,0,0,23.579,308.927,0,9.99836e-005,0.004509,
7,6,17,0,9.43509,0.221825,0,0,0,0.736923,0.791698,1.59075,0,0,0,12.7763,0,0,0,0,0.0962842,0,0,0.0429574,0,0,0.139242,0,0,0,0,0,0,0,0,0,0,0,24.3888,308.927,0,0.000120349,0.004509,
7,6,18,0,9.32466,0.221825,0,0,0,1.40685,0.809163,1.74082,0,0,0,13.5033,0,0,0,0,0.0572219,0,0,0.04701,0,0,0.104232,0,0,0,0,0,0,0,0,0,0,0,27.9709,308.927,0,0.000245386,0.004509,
7,6,19,0,8.40786,0.221825,0,0,0,1.9763,0.816149,1.80085,0,0,0,13.223,0,0,0,0,0.161886,0,0,0.0486311,0,0,0.210517,0,0,0,0,0,0,0,0,0,0,0,28.736,308.927,0,0.000273887,0.004509,
7,6,20,0,6.94703,0.221825,0,0,0,1.89255,0.823135,1.86088,0.382647,0,0,12.1281,0,0,0,0,0.137217,0,0,0.0502522,0,0,0.187469,0,0,0,0,0,0,0,0,0,0,0,31.5268,308.927,0,0.000272907,0.004509,
7,6,21,0,5.59489,0.221825,0,0,0,1.60783,0.816149,1.80085,0.382647,0,0,10.4242,0,0,0,0,0.193008,0,0,0.0486311,0,0,0.241639,0,0,0,0,0,0,0,0,0,0,0,28.2697,308.927,0,0.000261195,0.004509,
7,6,22,0,4.11903,0.221825,0,0,0,1.05514,0.788205,1.56074,0.382647,0,0,8.12758,0,0,0,0,0.0118152,0,0,0.042147,0,0,0.0539622,0,0,0,0,0,0,0,0,0,0,0,27.6773,308.927,0,0.000238682,0.004509,
7,6,23,0,3.11754,0.221825,0,0,0,0.636433,0.763754,1.35064,0.382647,0,0,6.47283,0,0,0,0,0.0140034,0,0,0.0364733,0,0,0.0504767,0,0,0,0,0,0,0,0,0,0,0,27.2647,308.927,0,0.000231976,0.004509,
7,6,24,0,2.56651,0.221825,0,0,0,0.385211,0.735811,1.11052,0,0,0,5.01988,0,0,0,0,0.000811123,0,0,0.0299892,0,0,0.0308003,0,0,0,0,0,0,0,0,0,0,0,27.0901,308.927,0,0.000227772,0.004509,
7,7,1,0,2.0897,0.221825,0,0,0,0.318218,0.728825,1.0505,0,0,0,4.40906,0,0,0,0,0,0,0,0.0283681,0,0,0.0283681,0,0,0,0,0,0,0,0,0,0,0,26.7112,308.927,0,0.00021754,0.004509,
7,7,2,0,1.74166,0.221825,0,0,0,0.251224,0.725332,1.02048,0,0,0,3.96052,0,0,0,0,0.00834225,0,0,0.0275576,0,0,0.0358998,0,0,0,0,0,0,0,0,0,0,0,26.6419,308.927,0,0.000217359,0.004509,
7,7,3,0,1.60851,0.221825,0,0,0,0.28472,0.725332,1.02048,0,0,0,3.86087,0,0,0,0,0,0,0,0.0275576,0,0,0.0275576,0,0,0,0,0,0,0,0,0,0,0,26.7054,308.927,0,0.000217619,0.004509,
7,7,4,0,1.47392,0.221825,0,0,0,0.351715,0.718346,0.960451,0,0,0,3.72625,0,0,0,0,0.000364335,0,0,0.0259366,0,0,0.0263009,0,0,0,0,0,0,0,0,0,0,0,26.7141,308.927,0,0.000218059,0.004509,
7,7,5,0,1.5943,0.221825,0,0,0,0.519197,0.732318,1.08051,0,0,0,4.14815,0,0,0,0,0.244122,0,0,0.0291787,0,0,0.273301,0,0,0,0,0,0,0,0,0,0,0,26.7715,308.927,0,0.000220026,0.004509,
7,7,6,0,2.8823,0.221825,0,0,0,0.703426,0.753275,1.26059,0,0,0,5.82143,0,0,0,0,0.131967,0,0,0.0340418,0,0,0.166009,0,0,0,0,0,0,0,0,0,0,0,26.7479,308.927,0,0.000219132,0.004509,
7,7,7,0,4.49493,0.221825,0,0,0,0.686679,0.760261,1.32062,0,0,0,7.48431,0,0,0,0,0.154615,0,0,0.0356628,0,0,0.190278,0,0,0,0,0,0,0,0,0,0,0,26.1578,308.927,0,0.000190863,0.004509,
7,7,8,0,4.80372,0.221825,0,0,0,0.56944,0.735811,1.11052,0,0,0,7.44132,0,0,0,0,0.0396962,0,0,0.0299892,0,0,0.0696854,0,0,0,0,0,0,0,0,0,0,0,23.4759,308.927,0,9.87961e-005,0.004509,
7,7,9,0,5.46823,0.221825,0,0,0,0.4857,0.718346,0.960451,0,0,0,7.85455,0,0,0,0,0.334899,0,0,0.0259366,0,0,0.360836,0,0,0,0,0,0,0,0,0,0,0,22.8069,308.927,0,8.69775e-005,0.004509,
7,7,10,0,6.3313,0.221825,0,0,0,0.452204,0.721839,0.990466,0,0,0,8.71763,0,0,0,0,0.168555,0,0,0.0267471,0,0,0.195302,0,0,0,0,0,0,0,0,0,0,0,22.633,308.927,0,7.2821e-005,0.004509,
7,7,11,0,7.31516,0.221825,0,0,0,0.418708,0.721839,0.990466,0,0,0,9.668,0,0,0,0,0.0579847,0,0,0.0267471,0,0,0.0847318,0,0,0,0,0,0,0,0,0,0,0,22.429,308.927,0,6.58504e-005,0.004509,
7,7,12,0,8.67734,0.221825,0,0,0,0.351715,0.718346,0.960451,0,0,0,10.9297,0,0,0,0,0.0546957,0,0,0.0259366,0,0,0.0806323,0,0,0,0,0,0,0,0,0,0,0,22.3705,308.927,0,6.51691e-005,0.004509,
7,7,13,0,8.71247,0.221825,0,0,0,0.351715,0.721839,0.990466,0,0,0,10.9983,0,0,0,0,0.00488676,0,0,0.0267471,0,0,0.0316339,0,0,0,0,0,0,0,0,0,0,0,22.3684,308.927,0,6.55993e-005,0.004509,
7,7,14,0,8.95395,0.221825,0,0,0,0.351715,0.728825,1.0505,0,0,0,11.3068,0,0,0,0,0.242873,0,0,0.0283681,0,0,0.271241,0,0,0,0,0,0,0,0,0,0,0,22.3838,308.927,0,6.62414e-005,0.004509,
7,7,15,0,9.59823,0.221825,0,0,0,0.435454,0.735811,1.11052,0,0,0,12.1018,0,0,0,0,0.0731418,0,0,0.0299892,0,0,0.103131,0,0,0,0,0,0,0,0,0,0,0,22.8697,308.927,0,7.38177e-005,0.004509,
7,7,16,0,10.0225,0.221825,0,0,0,0.519197,0.760261,1.32062,0,0,0,12.8444,0,0,0,0,0.212871,0,0,0.0356628,0,0,0.248534,0,0,0,0,0,0,0,0,0,0,0,23.1728,308.927,0,7.9343e-005,0.004509,
7,7,17,0,10.0837,0.221825,0,0,0,0.736923,0.791698,1.59075,0,0,0,13.4249,0,0,0,0,0.0363226,0,0,0.0429574,0,0,0.07928,0,0,0,0,0,0,0,0,0,0,0,23.3201,308.927,0,9.948e-005,0.004509,
7,7,18,0,9.87769,0.221825,0,0,0,1.40685,0.809163,1.74082,0,0,0,14.0564,0,0,0,0,0.0268392,0,0,0.04701,0,0,0.0738492,0,0,0,0,0,0,0,0,0,0,0,55.4941,308.927,0,0.000200773,0.004509,
7,7,19,0,8.70656,0.221825,0,0,0,1.9763,0.816149,1.80085,0,0,0,13.5217,0,0,0,0,0.254415,0,0,0.0486311,0,0,0.303046,0,0,0,0,0,0,0,0,0,0,0,28.1792,308.927,0,0.000263123,0.004509,
7,7,20,0,7.08446,0.221825,0,0,0,1.89255,0.823135,1.86088,0.382647,0,0,12.2655,0,0,0,0,0.0870666,0,0,0.0502522,0,0,0.137319,0,0,0,0,0,0,0,0,0,0,0,48.1594,308.927,0,0.00026173,0.004509,
7,7,21,0,5.74123,0.221825,0,0,0,1.60783,0.816149,1.80085,0.382647,0,0,10.5705,0,0,0,0,0.0163631,0,0,0.0486311,0,0,0.0649942,0,0,0,0,0,0,0,0,0,0,0,50.0219,308.927,0,0.000256892,0.004509,
7,7,22,0,4.4601,0.221825,0,0,0,1.05514,0.788205,1.56074,0.382647,0,0,8.46865,0,0,0,0,0.0233115,0,0,0.042147,0,0,0.0654585,0,0,0,0,0,0,0,0,0,0,0,27.3958,308.927,0,0.000236928,0.004509,
7,7,23,0,3.43714,0.221825,0,0,0,0.636433,0.763754,1.35064,0.382647,0,0,6.79243,0,0,0,0,0.0437789,0,0,0.0364733,0,0,0.0802522,0,0,0,0,0,0,0,0,0,0,0,26.9493,308.927,0,0.000223893,0.004509,
7,7,24,0,2.723,0.221825,0,0,0,0.385211,0.735811,1.11052,0,0,0,5.17637,0,0,0,0,0.000751618,0,0,0.0299892,0,0,0.0307408,0,0,0,0,0,0,0,0,0,0,0,26.7644,308.927,0,0.00022043,0.004509,
7,8,1,0,2.17776,0.221825,0,0,0,0.318218,0.728825,1.0505,0,0,0,4.49712,0,0,0,0,0.000356826,0,0,0.0283681,0,0,0.0287249,0,0,0,0,0,0,0,0,0,0,0,26.4012,308.927,0,0.000205055,0.004509,
7,8,2,0,1.6364,0.221825,0,0,0,0.251224,0.725332,1.02048,0,0,0,3.85526,0,0,0,0,0.00834726,0,0,0.0275576,0,0,0.0359049,0,0,0,0,0,0,0,0,0,0,0,26.3848,308.927,0,0.000204219,0.004509,
7,8,3,0,1.32645,0.221825,0,0,0,0.28472,0.725332,1.02048,0,0,0,3.57881,0,0,0,0,0.0130066,0,0,0.0275576,0,0,0.0405642,0,0,0,0,0,0,0,0,0,0,0,26.3924,308.927,0,0.000204563,0.004509,
7,8,4,0,0.965518,0.221825,0,0,0,0.351715,0.718346,0.960451,0,0,0,3.21786,0,0,0,0,0.016685,0,0,0.0259366,0,0,0.0426216,0,0,0,0,0,0,0,0,0,0,0,26.4289,308.927,0,0.000204359,0.004509,
7,8,5,0,0.913414,0.221825,0,0,0,0.519197,0.732318,1.08051,0,0,0,3.46726,0,0,0,0,0.0126663,0,0,0.0291787,0,0,0.041845,0,0,0,0,0,0,0,0,0,0,0,26.453,308.927,0,0.000205323,0.004509,
7,8,6,0,2.38093,0.221825,0,0,0,0.703426,0.753275,1.26059,0,0,0,5.32006,0,0,0,0,0.293458,0,0,0.0340418,0,0,0.3275,0,0,0,0,0,0,0,0,0,0,0,26.4369,308.927,0,0.000204956,0.004509,
7,8,7,0,4.0068,0.221825,0,0,0,0.686679,0.760261,1.32062,0,0,0,6.99619,0,0,0,0,0.279586,0,0,0.0356628,0,0,0.315249,0,0,0,0,0,0,0,0,0,0,0,25.9482,308.927,0,0.000187552,0.004509,
7,8,8,0,5.05224,0.221825,0,0,0,0.56944,0.735811,1.11052,0,0,0,7.68984,0,0,0,0,0.487865,0,0,0.0299892,0,0,0.517854,0,0,0,0,0,0,0,0,0,0,0,23.3012,308.927,0,9.59826e-005,0.004509,
7,8,9,0,5.72783,0.221825,0,0,0,0.4857,0.718346,0.960451,0,0,0,8.11415,0,0,0,0,0.246405,0,0,0.0259366,0,0,0.272342,0,0,0,0,0,0,0,0,0,0,0,21.0898,308.927,0,4.52812e-005,0.004509,
7,8,10,0,6.69201,0.221825,0,0,0,0.452204,0.721839,0.990466,0,0,0,9.07834,0,0,0,0,0.180963,0,0,0.0267471,0,0,0.20771,0,0,0,0,0,0,0,0,0,0,0,20.7979,308.927,0,3.69864e-005,0.004509,
7,8,11,0,7.48143,0.221825,0,0,0,0.418708,0.721839,0.990466,0,0,0,9.83426,0,0,0,0,0.026751,0,0,0.0267471,0,0,0.0534981,0,0,0,0,0,0,0,0,0,0,0,20.7849,308.927,0,3.66386e-005,0.004509,
7,8,12,0,7.63841,0.221825,0,0,0,0.351715,0.718346,0.960451,0,0,0,9.89075,0,0,0,0,0.0209457,0,0,0.0259366,0,0,0.0468823,0,0,0,0,0,0,0,0,0,0,0,20.7793,308.927,0,3.4004e-005,0.004509,
7,8,13,0,7.91458,0.221825,0,0,0,0.351715,0.721839,0.990466,0,0,0,10.2004,0,0,0,0,0.102627,0,0,0.0267471,0,0,0.129374,0,0,0,0,0,0,0,0,0,0,0,20.8083,308.927,0,4.22993e-005,0.004509,
7,8,14,0,8.8885,0.221825,0,0,0,0.351715,0.728825,1.0505,0,0,0,11.2414,0,0,0,0,0.00822295,0,0,0.0283681,0,0,0.036591,0,0,0,0,0,0,0,0,0,0,0,20.7689,308.927,0,3.43357e-005,0.004509,
7,8,15,0,9.82553,0.221825,0,0,0,0.435454,0.735811,1.11052,0,0,0,12.3291,0,0,0,0,0.0771308,0,0,0.0299892,0,0,0.10712,0,0,0,0,0,0,0,0,0,0,0,20.8211,308.927,0,3.73536e-005,0.004509,
7,8,16,0,10.2302,0.221825,0,0,0,0.519197,0.760261,1.32062,0,0,0,13.0522,0,0,0,0,0.23005,0,0,0.0356628,0,0,0.265713,0,0,0,0,0,0,0,0,0,0,0,21.0361,308.927,0,4.45513e-005,0.004509,
7,8,17,0,10.3318,0.221825,0,0,0,0.736923,0.791698,1.59075,0,0,0,13.673,0,0,0,0,0.105474,0,0,0.0429574,0,0,0.148431,0,0,0,0,0,0,0,0,0,0,0,21.9246,308.927,0,7.62305e-005,0.004509,
7,8,18,0,10.3054,0.221825,0,0,0,1.40685,0.809163,1.74082,0,0,0,14.4841,0,0,0,0,0.283998,0,0,0.04701,0,0,0.331008,0,0,0,0,0,0,0,0,0,0,0,71.6114,308.927,0,0.000131696,0.004509,
7,8,19,0,9.51374,0.221825,0,0,0,1.9763,0.816149,1.80085,0,0,0,14.3289,0,0,0,0,0.139305,0,0,0.0486311,0,0,0.187936,0,0,0,0,0,0,0,0,0,0,0,27.7036,308.927,0,0.000242493,0.004509,
7,8,20,0,7.44247,0.221825,0,0,0,1.89255,0.823135,1.86088,0.382647,0,0,12.6235,0,0,0,0,0.115681,0,0,0.0502522,0,0,0.165933,0,0,0,0,0,0,0,0,0,0,0,47.4873,308.927,0,0.000243988,0.004509,
7,8,21,0,5.59538,0.221825,0,0,0,1.60783,0.816149,1.80085,0.382647,0,0,10.4247,0,0,0,0,0.0830038,0,0,0.0486311,0,0,0.131635,0,0,0,0,0,0,0,0,0,0,0,45.9814,308.927,0,0.000238509,0.004509,
7,8,22,0,4.23824,0.221825,0,0,0,1.05514,0.788205,1.56074,0.382647,0,0,8.24679,0,0,0,0,0.0284001,0,0,0.042147,0,0,0.0705471,0,0,0,0,0,0,0,0,0,0,0,26.8853,308.927,0,0.000219911,0.004509,
7,8,23,0,3.15294,0.221825,0,0,0,0.636433,0.763754,1.35064,0.382647,0,0,6.50823,0,0,0,0,0.0232457,0,0,0.0364733,0,0,0.059719,0,0,0,0,0,0,0,0,0,0,0,26.5509,308.927,0,0.000210851,0.004509,
7,8,24,0,2.43449,0.221825,0,0,0,0.385211,0.735811,1.11052,0,0,0,4.88786,0,0,0,0,0.0125313,0,0,0.0299892,0,0,0.0425205,0,0,0,0,0,0,0,0,0,0,0,26.4557,308.927,0,0.000206759,0.004509,
7,9,1,0,1.88661,0.221825,0,0,0,0.318218,0.728825,1.0505,0,0,0,4.20597,0,0,0,0,0.0319744,0,0,0.0283681,0,0,0.0603425,0,0,0,0,0,0,0,0,0,0,0,25.4861,308.927,0,0.000177942,0.004509,
7,9,2,0,1.41005,0.221825,0,0,0,0.251224,0.725332,1.02048,0,0,0,3.62891,0,0,0,0,0.0308723,0,0,0.0275576,0,0,0.0584299,0,0,0,0,0,0,0,0,0,0,0,25.4761,308.927,0,0.000177638,0.004509,
7,9,3,0,1.1046,0.221825,0,0,0,0.28472,0.725332,1.02048,0,0,0,3.35695,0,0,0,0,0,0,0,0.0275576,0,0,0.0275576,0,0,0,0,0,0,0,0,0,0,0,25.4776,308.927,0,0.000177685,0.004509,
7,9,4,0,0.800456,0.221825,0,0,0,0.351715,0.718346,0.960451,0,0,0,3.05279,0,0,0,0,0.000468601,0,0,0.0259366,0,0,0.0264052,0,0,0,0,0,0,0,0,0,0,0,25.567,308.927,0,0.000177756,0.004509,
7,9,5,0,0.873051,0.221825,0,0,0,0.519197,0.732318,1.08051,0,0,0,3.4269,0,0,0,0,0.0171766,0,0,0.0291787,0,0,0.0463553,0,0,0,0,0,0,0,0,0,0,0,25.568,308.927,0,0.000179748,0.004509,
7,9,6,0,2.52009,0.221825,0,0,0,0.703426,0.753275,1.26059,0,0,0,5.45922,0,0,0,0,0.0465099,0,0,0.0340418,0,0,0.0805517,0,0,0,0,0,0,0,0,0,0,0,25.571,308.927,0,0.000179881,0.004509,
7,9,7,0,4.21385,0.221825,0,0,0,0.686679,0.760261,1.32062,0,0,0,7.20324,0,0,0,0,0.157098,0,0,0.0356628,0,0,0.192761,0,0,0,0,0,0,0,0,0,0,0,24.0808,308.927,0,0.000128666,0.004509,
7,9,8,0,5.14325,0.221825,0,0,0,0.56944,0.735811,1.11052,0,0,0,7.78085,0,0,0,0,0.0646116,0,0,0.0299892,0,0,0.0946008,0,0,0,0,0,0,0,0,0,0,0,20.6613,308.927,5.91672e-015,4.94901e-005,0.004509,
7,9,9,0,5.86673,0.221825,0,0,0,0.4857,0.718346,0.960451,0,0,0,8.25305,0,0,0,0,0.0490386,0,0,0.0259366,0,0,0.0749752,0,0,0,0,0,0,0,0,0,0,0,19.2229,308.927,8.24771e-013,1.10632e-005,0.004509,
7,9,10,0,6.67311,0.221825,0,0,0,0.452204,0.721839,0.990466,0,0,0,9.05944,0,0,0,0,0.028639,0,0,0.0267471,0,0,0.0553861,0,0,0,0,0,0,0,0,0,0,0,18.8426,308.927,1.60178e-011,3.73621e-007,0.004509,
7,9,11,0,7.1659,0.221825,0,0,0,0.418708,0.721839,0.990466,0,0,0,9.51874,0,0,0,0,0.118178,0,0,0.0267471,0,0,0.144925,0,0,0,0,0,0,0,0,0,0,0,18.7651,308.927,4.85046e-010,0,0.004509,
7,9,12,0,7.4817,0.221825,0,0,0,0.351715,0.718346,0.960451,0,0,0,9.73404,0,0,0,0,0.0295188,0,0,0.0259366,0,0,0.0554554,0,0,0,0,0,0,0,0,0,0,0,18.8078,308.927,2.44108e-007,0,0.004509,
7,9,13,0,8.01613,0.221825,0,0,0,0.351715,0.721839,0.990466,0,0,0,10.302,0,0,0,0,0.0117926,0,0,0.0267471,0,0,0.0385397,0,0,0,0,0,0,0,0,0,0,0,19.208,308.927,2.22402e-006,0,0.004509,
7,9,14,0,8.72729,0.221825,0,0,0,0.351715,0.728825,1.0505,0,0,0,11.0801,0,0,0,0,0.172176,0,0,0.0283681,0,0,0.200544,0,0,0,0,0,0,0,0,0,0,0,18.8324,308.927,1.30451e-005,1.34143e-008,0.004509,
7,9,15,0,9.41877,0.221825,0,0,0,0.435454,0.735811,1.11052,0,0,0,11.9224,0,0,0,0,0.0941947,0,0,0.0299892,0,0,0.124184,0,0,0,0,0,0,0,0,0,0,0,19.214,308.927,0.000146641,9.1149e-009,0.004509,
7,9,16,0,9.90491,0.221825,0,0,0,0.519197,0.760261,1.32062,0,0,0,12.7268,0,0,0,0,0.0670727,0,0,0.0356628,0,0,0.102736,0,0,0,0,0,0,0,0,0,0,0,19.0016,308.927,0.000547552,4.73392e-006,0.004509,
7,9,17,0,9.95926,0.221825,0,0,0,0.736923,0.791698,1.59075,0,0,0,13.3005,0,0,0,0,0.0328446,0,0,0.0429574,0,0,0.075802,0,0,0,0,0,0,0,0,0,0,0,19.681,308.927,0.000881336,2.55739e-005,0.004509,
7,9,18,0,9.87446,0.221825,0,0,0,1.40685,0.809163,1.74082,0,0,0,14.0531,0,0,0,0,0.0539827,0,0,0.04701,0,0,0.100993,0,0,0,0,0,0,0,0,0,0,0,46.5273,308.927,0.00212015,9.19178e-005,0.004509,
7,9,19,0,9.14883,0.221825,0,0,0,1.9763,0.816149,1.80085,0,0,0,13.9639,0,0,0,0,0.0640413,0,0,0.0486311,0,0,0.112672,0,0,0,0,0,0,0,0,0,0,0,25.9941,308.927,0.021798,0.000190694,0.004509,
7,9,20,0,6.74204,0.221825,0,0,0,1.89255,0.823135,1.86088,0.382647,0,0,11.9231,0,0,0,0,0.0934684,0,0,0.0502522,0,0,0.143721,0,0,0,0,0,0,0,0,0,0,0,37.0787,308.927,0.0264296,0.000189504,0.004509,
7,9,21,0,5.06342,0.221825,0,0,0,1.60783,0.816149,1.80085,0.382647,0,0,9.89272,0,0,0,0,0.213231,0,0,0.0486311,0,0,0.261862,0,0,0,0,0,0,0,0,0,0,0,33.8761,308.927,0.00120479,0.000186649,0.004509,
7,9,22,0,3.64048,0.221825,0,0,0,1.05514,0.788205,1.56074,0.382647,0,0,7.64904,0,0,0,0,0.183645,0,0,0.042147,0,0,0.225792,0,0,0,0,0,0,0,0,0,0,0,25.625,308.927,2.49023e-008,0.000179505,0.004509,
7,9,23,0,2.61458,0.221825,0,0,0,0.636433,0.763754,1.35064,0.382647,0,0,5.96987,0,0,0,0,0.0236916,0,0,0.0364733,0,0,0.0601649,0,0,0,0,0,0,0,0,0,0,0,25.4781,308.927,0,0.000176349,0.004509,
7,9,24,0,1.96883,0.221825,0,0,0,0.385211,0.735811,1.11052,0,0,0,4.4222,0,0,0,0,0.000615731,0,0,0.0299892,0,0,0.0306049,0,0,0,0,0,0,0,0,0,0,0,25.4118,308.927,0,0.000174682,0.004509,
7,10,1,0,1.48523,0.221825,0,0,0,0.318218,0.728825,1.0505,0,0,0,3.80459,0,0,0,0,0.000793531,0,0,0.0283681,0,0,0.0291616,0,0,0,0,0,0,0,0,0,0,0,25.1552,308.927,0,0.000169705,0.004509,
7,10,2,0,1.12577,0.221825,0,0,0,0.251224,0.725332,1.02048,0,0,0,3.34463,0,0,0,0,0.001319,0,0,0.0275576,0,0,0.0288766,0,0,0,0,0,0,0,0,0,0,0,25.1575,308.927,0,0.000169931,0.004509,
7,10,3,0,0.903505,0.221825,0,0,0,0.28472,0.725332,1.02048,0,0,0,3.15586,0,0,0,0,0.00611941,0,0,0.0275576,0,0,0.033677,0,0,0,0,0,0,0,0,0,0,0,25.1536,308.927,0,0.000169831,0.004509,
7,10,4,0,0.681766,0.221825,0,0,0,0.351715,0.718346,0.960451,0,0,0,2.9341,0,0,0,0,0.00164055,0,0,0.0259366,0,0,0.0275772,0,0,0,0,0,0,0,0,0,0,0,25.1535,308.927,0,0.000169877,0.004509,
7,10,5,0,0.805766,0.221825,0,0,0,0.519197,0.732318,1.08051,0,0,0,3.35962,0,0,0,0,0.248646,0,0,0.0291787,0,0,0.277825,0,0,0,0,0,0,0,0,0,0,0,25.1731,308.927,0,0.000170174,0.004509,
7,10,6,0,2.33418,0.221825,0,0,0,0.703426,0.753275,1.26059,0,0,0,5.2733,0,0,0,0,0.0418029,0,0,0.0340418,0,0,0.0758447,0,0,0,0,0,0,0,0,0,0,0,25.1428,308.927,0,0.000169456,0.004509,
7,10,7,0,3.58677,0.221825,0,0,0,0.686679,0.760261,1.32062,0,0,0,6.57615,0,0,0,0,0.127288,0,0,0.0356628,0,0,0.162951,0,0,0,0,0,0,0,0,0,0,0,23.3372,308.927,0,0.000109477,0.004509,
7,10,8,0,4.40203,0.221825,0,0,0,0.56944,0.735811,1.11052,0,0,0,7.03963,0,0,0,0,0.230378,0,0,0.0299892,0,0,0.260367,0,0,0,0,0,0,0,0,0,0,0,19.6541,308.927,5.91672e-015,2.79606e-005,0.004509,
7,10,9,0,5.28363,0.221825,0,0,0,0.4857,0.718346,0.960451,0,0,0,7.66995,0,0,0,0,0.225744,0,0,0.0259366,0,0,0.251681,0,0,0,0,0,0,0,0,0,0,0,18.5207,308.927,8.24771e-013,4.87138e-006,0.004509,
7,10,10,0,6.18441,0.221825,0,0,0,0.452204,0.721839,0.990466,0,0,0,8.57074,0,0,0,0,0.030686,0,0,0.0267471,0,0,0.0574331,0,0,0,0,0,0,0,0,0,0,0,18.3771,308.927,1.60178e-011,3.53275e-006,0.004509,
7,10,11,0,6.83752,0.221825,0,0,0,0.418708,0.721839,0.990466,0,0,0,9.19035,0,0,0,0,0.0221876,0,0,0.0267471,0,0,0.0489347,0,0,0,0,0,0,0,0,0,0,0,18.3693,308.927,4.85046e-010,3.33692e-006,0.004509,
7,10,12,0,7.27021,0.221825,0,0,0,0.351715,0.718346,0.960451,0,0,0,9.52254,0,0,0,0,0.0538089,0,0,0.0259366,0,0,0.0797455,0,0,0,0,0,0,0,0,0,0,0,18.5892,308.927,2.44108e-007,0,0.004509,
7,10,13,0,7.77263,0.221825,0,0,0,0.351715,0.721839,0.990466,0,0,0,10.0585,0,0,0,0,0.00912327,0,0,0.0267471,0,0,0.0358704,0,0,0,0,0,0,0,0,0,0,0,18.2431,308.927,2.22402e-006,0,0.004509,
7,10,14,0,8.25426,0.221825,0,0,0,0.351715,0.728825,1.0505,0,0,0,10.6071,0,0,0,0,0.0193496,0,0,0.0283681,0,0,0.0477177,0,0,0,0,0,0,0,0,0,0,0,18.4223,308.927,1.30451e-005,1.17077e-006,0.004509,
7,10,15,0,8.84662,0.221825,0,0,0,0.435454,0.735811,1.11052,0,0,0,11.3502,0,0,0,0,0.0122258,0,0,0.0299892,0,0,0.042215,0,0,0,0,0,0,0,0,0,0,0,18.5047,308.927,0.000146641,1.23177e-006,0.004509,
7,10,16,0,9.15921,0.221825,0,0,0,0.519197,0.760261,1.32062,0,0,0,11.9811,0,0,0,0,0.00609888,0,0,0.0356628,0,0,0.0417617,0,0,0,0,0,0,0,0,0,0,0,18.2815,308.927,0.000547552,1.31141e-006,0.004509,
7,10,17,0,9.08209,0.221825,0,0,0,0.736923,0.791698,1.59075,0,0,0,12.4233,0,0,0,0,0.00807146,0,0,0.0429574,0,0,0.0510289,0,0,0,0,0,0,0,0,0,0,0,18.8175,308.927,0.000881336,1.22628e-005,0.004509,
7,10,18,0,8.91979,0.221825,0,0,0,1.40685,0.809163,1.74082,0,0,0,13.0984,0,0,0,0,0.133919,0,0,0.04701,0,0,0.180929,0,0,0,0,0,0,0,0,0,0,0,21.8268,308.927,0.00212015,6.81669e-005,0.004509,
7,10,19,0,7.56022,0.221825,0,0,0,1.9763,0.816149,1.80085,0,0,0,12.3753,0,0,0,0,0.179492,0,0,0.0486311,0,0,0.228123,0,0,0,0,0,0,0,0,0,0,0,25.4263,308.927,0.021798,0.000176478,0.004509,
7,10,20,0,5.15238,0.221825,0,0,0,1.89255,0.823135,1.86088,0.382647,0,0,10.3334,0,0,0,0,0.0393631,0,0,0.0502522,0,0,0.0896153,0,0,0,0,0,0,0,0,0,0,0,25.451,308.927,0.0264296,0.000176734,0.004509,
7,10,21,0,3.62174,0.221825,0,0,0,1.60783,0.816149,1.80085,0.382647,0,0,8.45104,0,0,0,0,0.0925186,0,0,0.0486311,0,0,0.14115,0,0,0,0,0,0,0,0,0,0,0,25.2928,308.927,0.00120479,0.000174356,0.004509,
7,10,22,0,2.49366,0.221825,0,0,0,1.05514,0.788205,1.56074,0.382647,0,0,6.50222,0,0,0,0,0.040203,0,0,0.042147,0,0,0.08235,0,0,0,0,0,0,0,0,0,0,0,25.2083,308.927,2.49023e-008,0.000172022,0.004509,
7,10,23,0,1.76805,0.221825,0,0,0,0.636433,0.763754,1.35064,0.382647,0,0,5.12334,0,0,0,0,0.0317461,0,0,0.0364733,0,0,0.0682194,0,0,0,0,0,0,0,0,0,0,0,25.1095,308.927,0,0.000167059,0.004509,
7,10,24,0,1.15642,0.221825,0,0,0,0.385211,0.735811,1.11052,0,0,0,3.60979,0,0,0,0,0.0384797,0,0,0.0299892,0,0,0.0684689,0,0,0,0,0,0,0,0,0,0,0,25.0658,308.927,0,0.000166013,0.004509,
7,11,1,0,0.744928,0.221825,0,0,0,0.318218,0.728825,1.0505,0,0,0,3.06429,0,0,0,0,0.0147699,0,0,0.0283681,0,0,0.043138,0,0,0,0,0,0,0,0,0,0,0,25.6888,308.927,0,0.000194165,0.004509,
7,11,2,0,0.393858,0.221825,0,0,0,0.251224,0.725332,1.02048,0,0,0,2.61272,0,0,0,0,0.00602028,0,0,0.0275576,0,0,0.0335779,0,0,0,0,0,0,0,0,0,0,0,25.6842,308.927,0,0.000194044,0.004509,
7,11,3,0,0.123749,0.221825,0,0,0,0.28472,0.725332,1.02048,0,0,0,2.37611,0,0,0,0,0.000652227,0,0,0.0275576,0,0,0.0282098,0,0,0,0,0,0,0,0,0,0,0,25.6755,308.927,0,0.000194176,0.004509,
7,11,4,0,0.000872937,0.221825,0,0,0,0.351715,0.718346,0.960451,0,0,0,2.25321,0,0,0,0,0.000767483,0,0,0.0259366,0,0,0.0267041,0,0,0,0,0,0,0,0,0,0,0,25.703,308.927,0,0.000194695,0.004509,
7,11,5,0,0,0.221825,0,0,0,0.519197,0.732318,1.08051,0,0,0,2.55385,0,0,0,0,0.00186015,0,0,0.0291787,0,0,0.0310389,0,0,0,0,0,0,0,0,0,0,0,25.7218,308.927,0,0.000195088,0.004509,
7,11,6,0,0,0.221825,0,0,0,0.703426,0.753275,1.26059,0,0,0,2.93912,0,0,0,0,0.0149313,0,0,0.0340418,0,0,0.0489731,0,0,0,0,0,0,0,0,0,0,0,25.7114,308.927,0,0.000194922,0.004509,
7,11,7,0,0.422681,0.221825,0,0,0,0.686679,0.760261,1.32062,0,0,0,3.41207,0,0,0,0,0.0227352,0,0,0.0356628,0,0,0.058398,0,0,0,0,0,0,0,0,0,0,0,24.1127,308.927,0,0.00014112,0.004509,
7,11,8,0,1.82665,0.221825,0,0,0,0.56944,0.735811,1.11052,0,0,0,4.46425,0,0,0,0,0.0992948,0,0,0.0299892,0,0,0.129284,0,0,0,0,0,0,0,0,0,0,0,19.753,308.927,0,3.2389e-005,0.004509,
7,11,9,0,2.75112,0.221825,0,0,0,0.4857,0.718346,0.960451,0,0,0,5.13744,0,0,0,0,0.319267,0,0,0.0259366,0,0,0.345204,0,0,0,0,0,0,0,0,0,0,0,18.7873,308.927,0,5.48774e-006,0.004509,
7,11,10,0,3.83273,0.221825,0,0,0,0.452204,0.721839,0.990466,0,0,0,6.21906,0,0,0,0,0.145062,0,0,0.0267471,0,0,0.171809,0,0,0,0,0,0,0,0,0,0,0,18.5513,308.927,0,0,0.004509,
7,11,11,0,4.60278,0.221825,0,0,0,0.418708,0.721839,0.990466,0,0,0,6.95561,0,0,0,0,0.119708,0,0,0.0267471,0,0,0.146455,0,0,0,0,0,0,0,0,0,0,0,18.7857,308.927,0,0,0.004509,
7,11,12,0,4.85029,0.221825,0,0,0,0.351715,0.718346,0.960451,0,0,0,7.10263,0,0,0,0,0.276548,0,0,0.0259366,0,0,0.302485,0,0,0,0,0,0,0,0,0,0,0,18.5423,308.927,0,0,0.004509,
7,11,13,0,5.29591,0.221825,0,0,0,0.351715,0.721839,0.990466,0,0,0,7.58175,0,0,0,0,0.184877,0,0,0.0267471,0,0,0.211624,0,0,0,0,0,0,0,0,0,0,0,18.9418,308.927,0,0,0.004509,
7,11,14,0,5.99293,0.221825,0,0,0,0.351715,0.728825,1.0505,0,0,0,8.34579,0,0,0,0,0.115438,0,0,0.0283681,0,0,0.143806,0,0,0,0,0,0,0,0,0,0,0,18.5752,308.927,0,2.02904e-007,0.004509,
7,11,15,0,6.59297,0.221825,0,0,0,0.435454,0.735811,1.11052,0,0,0,9.09658,0,0,0,0,0.0478962,0,0,0.0299892,0,0,0.0778854,0,0,0,0,0,0,0,0,0,0,0,18.7553,308.927,0,0,0.004509,
7,11,16,0,7.11792,0.221825,0,0,0,0.519197,0.760261,1.32062,0,0,0,9.93983,0,0,0,0,0.137766,0,0,0.0356628,0,0,0.173429,0,0,0,0,0,0,0,0,0,0,0,18.5696,308.927,0,1.37883e-006,0.004509,
7,11,17,0,7.30092,0.221825,0,0,0,0.736923,0.791698,1.59075,0,0,0,10.6421,0,0,0,0,0.164264,0,0,0.0429574,0,0,0.207221,0,0,0,0,0,0,0,0,0,0,0,19.4043,308.927,0,2.5073e-005,0.004509,
7,11,18,0,7.36935,0.221825,0,0,0,1.40685,0.809163,1.74082,0,0,0,11.548,0,0,0,0,0.133763,0,0,0.04701,0,0,0.180773,0,0,0,0,0,0,0,0,0,0,0,21.9783,308.927,0,8.74998e-005,0.004509,
7,11,19,0,6.24742,0.221825,0,0,0,1.9763,0.816149,1.80085,0,0,0,11.0625,0,0,0,0,0.130656,0,0,0.0486311,0,0,0.179287,0,0,0,0,0,0,0,0,0,0,0,26.1909,308.927,0,0.000206577,0.004509,
7,11,20,0,4.14181,0.221825,0,0,0,1.89255,0.823135,1.86088,0.382647,0,0,9.32284,0,0,0,0,0.172508,0,0,0.0502522,0,0,0.22276,0,0,0,0,0,0,0,0,0,0,0,26.3962,308.927,0,0.000210375,0.004509,
7,11,21,0,2.92067,0.221825,0,0,0,1.60783,0.816149,1.80085,0.382647,0,0,7.74997,0,0,0,0,0.0954565,0,0,0.0486311,0,0,0.144088,0,0,0,0,0,0,0,0,0,0,0,26.2551,308.927,0,0.000207075,0.004509,
7,11,22,0,1.86914,0.221825,0,0,0,1.05514,0.788205,1.56074,0.382647,0,0,5.87769,0,0,0,0,0.0174577,0,0,0.042147,0,0,0.0596047,0,0,0,0,0,0,0,0,0,0,0,25.9642,308.927,0,0.000202845,0.004509,
7,11,23,0,0.9835,0.221825,0,0,0,0.636433,0.763754,1.35064,0.382647,0,0,4.3388,0,0,0,0,0.0870174,0,0,0.0364733,0,0,0.123491,0,0,0,0,0,0,0,0,0,0,0,25.8571,308.927,0,0.000201082,0.004509,
7,11,24,0,0.425909,0.221825,0,0,0,0.385211,0.735811,1.11052,0,0,0,2.87928,0,0,0,0,0.000427061,0,0,0.0299892,0,0,0.0304163,0,0,0,0,0,0,0,0,0,0,0,25.815,308.927,0,0.000199564,0.004509,
7,12,1,0,0.206786,0.221825,0,0,0,0.318218,0.728825,1.0505,0,0,0,2.52615,0,0,0,0,0,0,0,0.0283681,0,0,0.0283681,0,0,0,0,0,0,0,0,0,0,0,25.4832,308.927,0,0.000175605,0.004509,
7,12,2,0,0.0390381,0.221825,0,0,0,0.251224,0.725332,1.02048,0,0,0,2.2579,0,0,0,0,0.00991413,0,0,0.0275576,0,0,0.0374717,0,0,0,0,0,0,0,0,0,0,0,25.4737,308.927,0,0.000175543,0.004509,
7,12,3,0,0,0.221825,0,0,0,0.28472,0.725332,1.02048,0,0,0,2.25236,0,0,0,0,0,0,0,0.0275576,0,0,0.0275576,0,0,0,0,0,0,0,0,0,0,0,25.4702,308.927,0,0.000175512,0.004509,
7,12,4,0,0,0.221825,0,0,0,0.351715,0.718346,0.960451,0,0,0,2.25234,0,0,0,0,0,0,0,0.0259366,0,0,0.0259366,0,0,0,0,0,0,0,0,0,0,0,25.4677,308.927,0,0.000175568,0.004509,
7,12,5,0,0,0.221825,0,0,0,0.519197,0.732318,1.08051,0,0,0,2.55385,0,0,0,0,0.00106296,0,0,0.0291787,0,0,0.0302417,0,0,0,0,0,0,0,0,0,0,0,25.4769,308.927,0,0.000175831,0.004509,
7,12,6,0,0,0.221825,0,0,0,0.703426,0.753275,1.26059,0,0,0,2.93912,0,0,0,0,0.00655706,0,0,0.0340418,0,0,0.0405989,0,0,0,0,0,0,0,0,0,0,0,25.4223,308.927,0,0.000175404,0.004509,
7,12,7,0,0,0.221825,0,0,0,0.686679,0.760261,1.32062,0,0,0,2.98939,0,0,0,0,0.208911,0,0,0.0356628,0,0,0.244574,0,0,0,0,0,0,0,0,0,0,0,23.679,308.927,0,0.000124539,0.004509,
7,12,8,0,0.880013,0.221825,0,0,0,0.56944,0.735811,1.11052,0,0,0,3.51761,0,0,0,0,0.196526,0,0,0.0299892,0,0,0.226515,0,0,0,0,0,0,0,0,0,0,0,19.7397,308.927,0,3.19117e-005,0.004509,
7,12,9,0,1.9759,0.221825,0,0,0,0.4857,0.718346,0.960451,0,0,0,4.36223,0,0,0,0,0.169752,0,0,0.0259366,0,0,0.195689,0,0,0,0,0,0,0,0,0,0,0,18.6436,308.927,0,1.04532e-005,0.004509,
7,12,10,0,2.754,0.221825,0,0,0,0.452204,0.721839,0.990466,0,0,0,5.14034,0,0,0,0,0.156567,0,0,0.0267471,0,0,0.183314,0,0,0,0,0,0,0,0,0,0,0,18.4182,308.927,9.77581e-015,2.31951e-006,0.004509,
7,12,11,0,3.24396,0.221825,0,0,0,0.418708,0.721839,0.990466,0,0,0,5.5968,0,0,0,0,0.221647,0,0,0.0267471,0,0,0.248394,0,0,0,0,0,0,0,0,0,0,0,18.5973,308.927,3.45802e-011,0,0.004509,
7,12,12,0,3.5635,0.221825,0,0,0,0.351715,0.718346,0.960451,0,0,0,5.81584,0,0,0,0,0.0661087,0,0,0.0259366,0,0,0.0920453,0,0,0,0,0,0,0,0,0,0,0,18.369,308.927,3.40389e-007,0,0.004509,
7,12,13,0,4.02053,0.221825,0,0,0,0.351715,0.721839,0.990466,0,0,0,6.30638,0,0,0,0,0.159036,0,0,0.0267471,0,0,0.185783,0,0,0,0,0,0,0,0,0,0,0,18.7473,308.927,1.21138e-006,0,0.004509,
7,12,14,0,4.5953,0.221825,0,0,0,0.351715,0.728825,1.0505,0,0,0,6.94816,0,0,0,0,0.0675051,0,0,0.0283681,0,0,0.0958732,0,0,0,0,0,0,0,0,0,0,0,18.4212,308.927,1.39586e-007,0,0.004509,
7,12,15,0,5.26468,0.221825,0,0,0,0.435454,0.735811,1.11052,0,0,0,7.7683,0,0,0,0,0.107305,0,0,0.0299892,0,0,0.137294,0,0,0,0,0,0,0,0,0,0,0,18.5474,308.927,1.98459e-006,0,0.004509,
7,12,16,0,5.80081,0.221825,0,0,0,0.519197,0.760261,1.32062,0,0,0,8.62272,0,0,0,0,0.101665,0,0,0.0356628,0,0,0.137328,0,0,0,0,0,0,0,0,0,0,0,18.4027,308.927,7.0969e-006,3.20514e-007,0.004509,
7,12,17,0,6.10645,0.221825,0,0,0,0.736923,0.791698,1.59075,0,0,0,9.44765,0,0,0,0,0.21467,0,0,0.0429574,0,0,0.257627,0,0,0,0,0,0,0,0,0,0,0,18.9574,308.927,2.71079e-005,1.37063e-005,0.004509,
7,12,18,0,6.13939,0.221825,0,0,0,1.40685,0.809163,1.74082,0,0,0,10.318,0,0,0,0,0.332017,0,0,0.04701,0,0,0.379027,0,0,0,0,0,0,0,0,0,0,0,21.3855,308.927,6.65814e-005,6.87846e-005,0.004509,
7,12,19,0,5.15807,0.221825,0,0,0,1.9763,0.816149,1.80085,0,0,0,9.97319,0,0,0,0,0.135724,0,0,0.0486311,0,0,0.184355,0,0,0,0,0,0,0,0,0,0,0,25.7408,308.927,0.0162038,0.000188276,0.004509,
7,12,20,0,3.42911,0.221825,0,0,0,1.89255,0.823135,1.86088,0.382647,0,0,8.61015,0,0,0,0,0.138882,0,0,0.0502522,0,0,0.189134,0,0,0,0,0,0,0,0,0,0,0,25.8952,308.927,0.0224606,0.000188519,0.004509,
7,12,21,0,2.39859,0.221825,0,0,0,1.60783,0.816149,1.80085,0.382647,0,0,7.22789,0,0,0,0,0.00472872,0,0,0.0486311,0,0,0.0533598,0,0,0,0,0,0,0,0,0,0,0,25.7035,308.927,0.00272076,0.000184455,0.004509,
7,12,22,0,1.38945,0.221825,0,0,0,1.05514,0.788205,1.56074,0.382647,0,0,5.398,0,0,0,0,0.00887167,0,0,0.042147,0,0,0.0510187,0,0,0,0,0,0,0,0,0,0,0,25.5387,308.927,1.67132e-006,0.000181516,0.004509,
7,12,23,0,0.656064,0.221825,0,0,0,0.636433,0.763754,1.35064,0.382647,0,0,4.01136,0,0,0,0,0.000388989,0,0,0.0364733,0,0,0.0368623,0,0,0,0,0,0,0,0,0,0,0,25.4041,308.927,4.61993e-016,0.00017645,0.004509,
7,12,24,0,0.175249,0.221825,0,0,0,0.385211,0.735811,1.11052,0,0,0,2.62862,0,0,0,0,0.0425445,0,0,0.0299892,0,0,0.0725337,0,0,0,0,0,0,0,0,0,0,0,25.3835,308.927,0,0.000174782,0.004509,
7,13,1,0,0.0102751,0.221825,0,0,0,0.318218,0.728825,1.0505,0,0,0,2.32964,0,0,0,0,0.000428889,0,0,0.0283681,0,0,0.028797,0,0,0,0,0,0,0,0,0,0,0,25.5088,308.927,0,0.000180899,0.004509,
7,13,2,0,0,0.221825,0,0,0,0.251224,0.725332,1.02048,0,0,0,2.21886,0,0,0,0,0.00064128,0,0,0.0275576,0,0,0.0281989,0,0,0,0,0,0,0,0,0,0,0,25.5089,308.927,0,0.000180739,0.004509,
7,13,3,0,0,0.221825,0,0,0,0.28472,0.725332,1.02048,0,0,0,2.25236,0,0,0,0,0,0,0,0.0275576,0,0,0.0275576,0,0,0,0,0,0,0,0,0,0,0,25.5105,308.927,0,0.000180534,0.004509,
7,13,4,0,0,0.221825,0,0,0,0.351715,0.718346,0.960451,0,0,0,2.25234,0,0,0,0,0,0,0,0.0259366,0,0,0.0259366,0,0,0,0,0,0,0,0,0,0,0,25.5105,308.927,0,0.000180464,0.004509,
7,13,5,0,0,0.221825,0,0,0,0.519197,0.732318,1.08051,0,0,0,2.55385,0,0,0,0,0.0152468,0,0,0.0291787,0,0,0.0444255,0,0,0,0,0,0,0,0,0,0,0,25.5282,308.927,0,0.00018102,0.004509,
7,13,6,0,0,0.221825,0,0,0,0.703426,0.753275,1.26059,0,0,0,2.93912,0,0,0,0,0.466384,0,0,0.0340418,0,0,0.500426,0,0,0,0,0,0,0,0,0,0,0,25.5162,308.927,0,0.000180643,0.004509,
7,13,7,0,0,0.221825,0,0,0,0.686679,0.760261,1.32062,0,0,0,2.98939,0,0,0,0,0.24259,0,0,0.0356628,0,0,0.278253,0,0,0,0,0,0,0,0,0,0,0,23.761,308.927,0,0.000131996,0.004509,
7,13,8,0,0,0.221825,0,0,0,0.56944,0.735811,1.11052,0,0,0,2.6376,0,0,0,0,0.304388,0,0,0.0299892,0,0,0.334377,0,0,0,0,0,0,0,0,0,0,0,20.754,308.927,0,3.36766e-005,0.004509,
7,13,9,0,0,0.221825,0,0,0,0.4857,0.718346,0.960451,0,0,0,2.38632,0,0,0,0,0.221756,0,0,0.0259366,0,0,0.247693,0,0,0,0,0,0,0,0,0,0,0,18.9419,308.927,0,1.80191e-005,0.004509,
7,13,10,0,0,0.221825,0,0,0,0.452204,0.721839,0.990466,0,0,0,2.38633,0,0,0,0,0.0566375,0,0,0.0267471,0,0,0.0833846,0,0,0,0,0,0,0,0,0,0,0,18.5195,308.927,0,6.29628e-006,0.004509,
7,13,11,0,0.226785,0.221825,0,0,0,0.418708,0.721839,0.990466,0,0,0,2.57962,0,0,0,0,0.10705,0,0,0.0267471,0,0,0.133797,0,0,0,0,0,0,0,0,0,0,0,18.6466,308.927,0,2.34924e-006,0.004509,
7,13,12,0,1.14005,0.221825,0,0,0,0.351715,0.718346,0.960451,0,0,0,3.39238,0,0,0,0,0.0694348,0,0,0.0259366,0,0,0.0953714,0,0,0,0,0,0,0,0,0,0,0,18.3875,308.927,0,1.81705e-006,0.004509,
7,13,13,0,1.73704,0.221825,0,0,0,0.351715,0.721839,0.990466,0,0,0,4.02288,0,0,0,0,0.000887256,0,0,0.0267471,0,0,0.0276344,0,0,0,0,0,0,0,0,0,0,0,18.7878,308.927,0,0,0.004509,
7,13,14,0,2.48505,0.221825,0,0,0,0.351715,0.728825,1.0505,0,0,0,4.83791,0,0,0,0,0.240395,0,0,0.0283681,0,0,0.268763,0,0,0,0,0,0,0,0,0,0,0,18.408,308.927,0,0,0.004509,
7,13,15,0,3.29608,0.221825,0,0,0,0.435454,0.735811,1.11052,0,0,0,5.79969,0,0,0,0,0.0506395,0,0,0.0299892,0,0,0.0806287,0,0,0,0,0,0,0,0,0,0,0,18.4605,308.927,0,0,0.004509,
7,13,16,0,4.08852,0.221825,0,0,0,0.519197,0.760261,1.32062,0,0,0,6.91043,0,0,0,0,0.163948,0,0,0.0356628,0,0,0.199611,0,0,0,0,0,0,0,0,0,0,0,18.4321,308.927,0,0,0.004509,
7,13,17,0,4.70377,0.221825,0,0,0,0.736923,0.791698,1.59075,0,0,0,8.04496,0,0,0,0,0.055002,0,0,0.0429574,0,0,0.0979594,0,0,0,0,0,0,0,0,0,0,0,18.9952,308.927,0,7.8788e-006,0.004509,
7,13,18,0,5.0358,0.221825,0,0,0,1.40685,0.809163,1.74082,0,0,0,9.21446,0,0,0,0,0.0268008,0,0,0.04701,0,0,0.0738108,0,0,0,0,0,0,0,0,0,0,0,21.5419,308.927,0,7.30205e-005,0.004509,
7,13,19,0,4.31853,0.221825,0,0,0,1.9763,0.816149,1.80085,0,0,0,9.13365,0,0,0,0,0.121326,0,0,0.0486311,0,0,0.169957,0,0,0,0,0,0,0,0,0,0,0,25.951,308.927,0,0.000192109,0.004509,
7,13,20,0,2.67189,0.221825,0,0,0,1.89255,0.823135,1.86088,0.382647,0,0,7.85292,0,0,0,0,0.0608421,0,0,0.0502522,0,0,0.111094,0,0,0,0,0,0,0,0,0,0,0,25.9976,308.927,0,0.000192208,0.004509,
7,13,21,0,0.536254,0.221825,0,0,0,1.60783,0.816149,1.80085,0.382647,0,0,5.36556,0,0,0,0,0.138637,0,0,0.0486311,0,0,0.187268,0,0,0,0,0,0,0,0,0,0,0,25.8417,308.927,0,0.000188851,0.004509,
7,13,22,0,0,0.221825,0,0,0,1.05514,0.788205,1.56074,0.382647,0,0,4.00855,0,0,0,0,0.0170362,0,0,0.042147,0,0,0.0591832,0,0,0,0,0,0,0,0,0,0,0,25.72,308.927,0,0.000185948,0.004509,
7,13,23,0,0,0.221825,0,0,0,0.636433,0.763754,1.35064,0.382647,0,0,3.3553,0,0,0,0,0.0020971,0,0,0.0364733,0,0,0.0385704,0,0,0,0,0,0,0,0,0,0,0,25.6013,308.927,0,0.000182924,0.004509,
7,13,24,0,0,0.221825,0,0,0,0.385211,0.735811,1.11052,0,0,0,2.45337,0,0,0,0,0.000610192,0,0,0.0299892,0,0,0.0305994,0,0,0,0,0,0,0,0,0,0,0,25.5703,308.927,0,0.000181777,0.004509,
7,14,1,0,0,0.221825,0,0,0,0.318218,0.728825,1.0505,0,0,0,2.31936,0,0,0,0,0.0284044,0,0,0.0283681,0,0,0.0567725,0,0,0,0,0,0,0,0,0,0,0,25.4669,308.927,0,0.000179872,0.004509,
7,14,2,0,0,0.221825,0,0,0,0.251224,0.725332,1.02048,0,0,0,2.21886,0,0,0,0,0.0166604,0,0,0.0275576,0,0,0.044218,0,0,0,0,0,0,0,0,0,0,0,25.4689,308.927,0,0.000179799,0.004509,
7,14,3,0,0,0.221825,0,0,0,0.28472,0.725332,1.02048,0,0,0,2.25236,0,0,0,0,0.000304995,0,0,0.0275576,0,0,0.0278626,0,0,0,0,0,0,0,0,0,0,0,25.4642,308.927,0,0.000179704,0.004509,
7,14,4,0,0,0.221825,0,0,0,0.351715,0.718346,0.960451,0,0,0,2.25234,0,0,0,0,0,0,0,0.0259366,0,0,0.0259366,0,0,0,0,0,0,0,0,0,0,0,25.4625,308.927,0,0.000179897,0.004509,
7,14,5,0,0,0.221825,0,0,0,0.519197,0.732318,1.08051,0,0,0,2.55385,0,0,0,0,0.0362765,0,0,0.0291787,0,0,0.0654552,0,0,0,0,0,0,0,0,0,0,0,25.4642,308.927,0,0.000179943,0.004509,
7,14,6,0,0,0.221825,0,0,0,0.703426,0.753275,1.26059,0,0,0,2.93912,0,0,0,0,0.27204,0,0,0.0340418,0,0,0.306082,0,0,0,0,0,0,0,0,0,0,0,25.456,308.927,0,0.000179775,0.004509,
7,14,7,0,0,0.221825,0,0,0,0.686679,0.760261,1.32062,0,0,0,2.98939,0,0,0,0,0.197795,0,0,0.0356628,0,0,0.233458,0,0,0,0,0,0,0,0,0,0,0,24.522,308.927,0,0.000156073,0.004509,
7,14,8,0,0,0.221825,0,0,0,0.56944,0.735811,1.11052,0,0,0,2.6376,0,0,0,0,0.226823,0,0,0.0299892,0,0,0.256812,0,0,0,0,0,0,0,0,0,0,0,20.0014,308.927,0,2.99226e-005,0.004509,
7,14,9,0,0,0.221825,0,0,0,0.4857,0.718346,0.960451,0,0,0,2.38632,0,0,0,0,0.266778,0,0,0.0259366,0,0,0.292715,0,0,0,0,0,0,0,0,0,0,0,18.7496,308.927,0,1.08712e-005,0.004509,
7,14,10,0,0,0.221825,0,0,0,0.452204,0.721839,0.990466,0,0,0,2.38633,0,0,0,0,0.105032,0,0,0.0267471,0,0,0.131779,0,0,0,0,0,0,0,0,0,0,0,18.4407,308.927,0,0,0.004509,
7,14,11,0,0,0.221825,0,0,0,0.418708,0.721839,0.990466,0,0,0,2.35284,0,0,0,0,0.0107075,0,0,0.0267471,0,0,0.0374546,0,0,0,0,0,0,0,0,0,0,0,18.3513,308.927,0,0,0.004509,
7,14,12,0,0,0.221825,0,0,0,0.351715,0.718346,0.960451,0,0,0,2.25234,0,0,0,0,0.0514656,0,0,0.0259366,0,0,0.0774022,0,0,0,0,0,0,0,0,0,0,0,18.4061,308.927,0,0,0.004509,
7,14,13,0,0,0.221825,0,0,0,0.351715,0.721839,0.990466,0,0,0,2.28584,0,0,0,0,0.0323665,0,0,0.0267471,0,0,0.0591136,0,0,0,0,0,0,0,0,0,0,0,18.7902,308.927,0,0,0.004509,
7,14,14,0,0.755807,0.221825,0,0,0,0.351715,0.728825,1.0505,0,0,0,3.10867,0,0,0,0,0.0847041,0,0,0.0283681,0,0,0.113072,0,0,0,0,0,0,0,0,0,0,0,18.4393,308.927,0,0,0.004509,
7,14,15,0,1.76652,0.221825,0,0,0,0.435454,0.735811,1.11052,0,0,0,4.27013,0,0,0,0,0.0556864,0,0,0.0299892,0,0,0.0856756,0,0,0,0,0,0,0,0,0,0,0,18.7745,308.927,0,0,0.004509,
7,14,16,0,2.65598,0.221825,0,0,0,0.519197,0.760261,1.32062,0,0,0,5.47788,0,0,0,0,0.0286145,0,0,0.0356628,0,0,0.0642773,0,0,0,0,0,0,0,0,0,0,0,18.302,308.927,0,0,0.004509,
7,14,17,0,3.33508,0.221825,0,0,0,0.736923,0.791698,1.59075,0,0,0,6.67628,0,0,0,0,0.065689,0,0,0.0429574,0,0,0.108646,0,0,0,0,0,0,0,0,0,0,0,18.7384,308.927,0,9.98501e-006,0.004509,
7,14,18,0,3.76854,0.221825,0,0,0,1.40685,0.809163,1.74082,0,0,0,7.9472,0,0,0,0,0.193234,0,0,0.04701,0,0,0.240244,0,0,0,0,0,0,0,0,0,0,0,21.7838,308.927,0,7.99708e-005,0.004509,
7,14,19,0,3.26621,0.221825,0,0,0,1.9763,0.816149,1.80085,0,0,0,8.08133,0,0,0,0,0.177554,0,0,0.0486311,0,0,0.226185,0,0,0,0,0,0,0,0,0,0,0,25.9032,308.927,0,0.000191438,0.004509,
7,14,20,0,1.99269,0.221825,0,0,0,1.89255,0.823135,1.86088,0.382647,0,0,7.17373,0,0,0,0,0.244859,0,0,0.0502522,0,0,0.295111,0,0,0,0,0,0,0,0,0,0,0,26.092,308.927,0,0.000194373,0.004509,
7,14,21,0,0.106783,0.221825,0,0,0,1.60783,0.816149,1.80085,0.382647,0,0,4.93608,0,0,0,0,0.0434546,0,0,0.0486311,0,0,0.0920857,0,0,0,0,0,0,0,0,0,0,0,25.7756,308.927,0,0.000188399,0.004509,
7,14,22,0,0,0.221825,0,0,0,1.05514,0.788205,1.56074,0.382647,0,0,4.00855,0,0,0,0,0.207039,0,0,0.042147,0,0,0.249186,0,0,0,0,0,0,0,0,0,0,0,25.5547,308.927,0,0.000182854,0.004509,
7,14,23,0,0,0.221825,0,0,0,0.636433,0.763754,1.35064,0.382647,0,0,3.3553,0,0,0,0,0.0127365,0,0,0.0364733,0,0,0.0492098,0,0,0,0,0,0,0,0,0,0,0,25.4801,308.927,0,0.000180247,0.004509,
7,14,24,0,0,0.221825,0,0,0,0.385211,0.735811,1.11052,0,0,0,2.45337,0,0,0,0,0.00121998,0,0,0.0299892,0,0,0.0312092,0,0,0,0,0,0,0,0,0,0,0,25.4761,308.927,0,0.000180511,0.004509,
7,15,1,0,0,0.221825,0,0,0,0.318218,0.728825,1.0505,0,0,0,2.31936,0,0,0,0,0.00248394,0,0,0.0283681,0,0,0.030852,0,0,0,0,0,0,0,0,0,0,0,24.2881,308.927,0,0.000140301,0.004509,
7,15,2,0,0,0.221825,0,0,0,0.251224,0.725332,1.02048,0,0,0,2.21886,0,0,0,0,0.00484037,0,0,0.0275576,0,0,0.032398,0,0,0,0,0,0,0,0,0,0,0,24.253,308.927,0,0.000140078,0.004509,
7,15,3,0,0,0.221825,0,0,0,0.28472,0.725332,1.02048,0,0,0,2.25236,0,0,0,0,0,0,0,0.0275576,0,0,0.0275576,0,0,0,0,0,0,0,0,0,0,0,24.2545,308.927,0,0.000140041,0.004509,
7,15,4,0,0,0.221825,0,0,0,0.351715,0.718346,0.960451,0,0,0,2.25234,0,0,0,0,0.000195143,0,0,0.0259366,0,0,0.0261317,0,0,0,0,0,0,0,0,0,0,0,24.277,308.927,0,0.0001403,0.004509,
7,15,5,0,0,0.221825,0,0,0,0.519197,0.732318,1.08051,0,0,0,2.55385,0,0,0,0,0.0159468,0,0,0.0291787,0,0,0.0451255,0,0,0,0,0,0,0,0,0,0,0,24.3289,308.927,0,0.000140745,0.004509,
7,15,6,0,0,0.221825,0,0,0,0.703426,0.753275,1.26059,0,0,0,2.93912,0,0,0,0,0.0894873,0,0,0.0340418,0,0,0.123529,0,0,0,0,0,0,0,0,0,0,0,24.3271,308.927,0,0.000140896,0.004509,
7,15,7,0,0,0.221825,0,0,0,0.686679,0.760261,1.32062,0,0,0,2.98939,0,0,0,0,0.256101,0,0,0.0356628,0,0,0.291764,0,0,0,0,0,0,0,0,0,0,0,23.3552,308.927,0,0.000105133,0.004509,
7,15,8,0,0,0.221825,0,0,0,0.56944,0.735811,1.11052,0,0,0,2.6376,0,0,0,0,0.699865,0,0,0.0299892,0,0,0.729854,0,0,0,0,0,0,0,0,0,0,0,19.3019,308.927,0,2.64958e-005,0.004509,
7,15,9,0,0,0.221825,0,0,0,0.4857,0.718346,0.960451,0,0,0,2.38632,0,0,0,0,0.19229,0,0,0.0259366,0,0,0.218227,0,0,0,0,0,0,0,0,0,0,0,18.1139,308.927,0,1.00274e-005,0.004509,
7,15,10,0,0,0.221825,0,0,0,0.452204,0.721839,0.990466,0,0,0,2.38633,0,0,0,0,0.0737159,0,0,0.0267471,0,0,0.100463,0,0,0,0,0,0,0,0,0,0,0,17.9982,308.927,0,1.49449e-006,0.004509,
7,15,11,0,0,0.221825,0,0,0,0.418708,0.721839,0.990466,0,0,0,2.35284,0,0,0,0,0.109412,0,0,0.0267471,0,0,0.136159,0,0,0,0,0,0,0,0,0,0,0,17.8939,308.927,0,0,0.004509,
7,15,12,0,0,0.221825,0,0,0,0.351715,0.718346,0.960451,0,0,0,2.25234,0,0,0,0,0.0902274,0,0,0.0259366,0,0,0.116164,0,0,0,0,0,0,0,0,0,0,0,17.961,308.927,0,0,0.004509,
7,15,13,0,0,0.221825,0,0,0,0.351715,0.721839,0.990466,0,0,0,2.28584,0,0,0,0,0.0462727,0,0,0.0267471,0,0,0.0730198,0,0,0,0,0,0,0,0,0,0,0,18.1627,308.927,0,0,0.004509,
7,15,14,0,0.312034,0.221825,0,0,0,0.351715,0.728825,1.0505,0,0,0,2.66489,0,0,0,0,0.0842849,0,0,0.0283681,0,0,0.112653,0,0,0,0,0,0,0,0,0,0,0,18.2512,308.927,0,0,0.004509,
7,15,15,0,1.52752,0.221825,0,0,0,0.435454,0.735811,1.11052,0,0,0,4.03113,0,0,0,0,0.140212,0,0,0.0299892,0,0,0.170201,0,0,0,0,0,0,0,0,0,0,0,17.917,308.927,0,0,0.004509,
7,15,16,0,2.48377,0.221825,0,0,0,0.519197,0.760261,1.32062,0,0,0,5.30567,0,0,0,0,0.0787314,0,0,0.0356628,0,0,0.114394,0,0,0,0,0,0,0,0,0,0,0,18.0118,308.927,0,0,0.004509,
7,15,17,0,3.16614,0.221825,0,0,0,0.736923,0.791698,1.59075,0,0,0,6.50734,0,0,0,0,0.0730084,0,0,0.0429574,0,0,0.115966,0,0,0,0,0,0,0,0,0,0,0,18.4027,308.927,0,9.51748e-006,0.004509,
7,15,18,0,3.70423,0.221825,0,0,0,1.40685,0.809163,1.74082,0,0,0,7.88289,0,0,0,0,0.19302,0,0,0.04701,0,0,0.24003,0,0,0,0,0,0,0,0,0,0,0,21.6639,308.927,0,8.45463e-005,0.004509,
7,15,19,0,3.23863,0.221825,0,0,0,1.9763,0.816149,1.80085,0,0,0,8.05375,0,0,0,0,0.100609,0,0,0.0486311,0,0,0.14924,0,0,0,0,0,0,0,0,0,0,0,24.8721,308.927,0,0.000155204,0.004509,
7,15,20,0,1.32123,0.221825,0,0,0,1.89255,0.823135,1.86088,0.382647,0,0,6.50227,0,0,0,0,0.162768,0,0,0.0502522,0,0,0.21302,0,0,0,0,0,0,0,0,0,0,0,24.8357,308.927,0,0.000154003,0.004509,
7,15,21,0,0,0.221825,0,0,0,1.60783,0.816149,1.80085,0.382647,0,0,4.8293,0,0,0,0,0.123379,0,0,0.0486311,0,0,0.17201,0,0,0,0,0,0,0,0,0,0,0,24.6537,308.927,0,0.000150877,0.004509,
7,15,22,0,0,0.221825,0,0,0,1.05514,0.788205,1.56074,0.382647,0,0,4.00855,0,0,0,0,0.0338856,0,0,0.042147,0,0,0.0760326,0,0,0,0,0,0,0,0,0,0,0,24.3857,308.927,0,0.000141654,0.004509,
7,15,23,0,0,0.221825,0,0,0,0.636433,0.763754,1.35064,0.382647,0,0,3.3553,0,0,0,0,0.00993077,0,0,0.0364733,0,0,0.0464041,0,0,0,0,0,0,0,0,0,0,0,24.2297,308.927,0,0.000138773,0.004509,
7,15,24,0,0,0.221825,0,0,0,0.385211,0.735811,1.11052,0,0,0,2.45337,0,0,0,0,0,0,0,0.0299892,0,0,0.0299892,0,0,0,0,0,0,0,0,0,0,0,24.1893,308.927,0,0.000137374,0.004509,
7,16,1,0,0,0.221825,0,0,0,0.318218,0.728825,1.0505,0,0,0,2.31936,0,0,0,0,0,0,0,0.0283681,0,0,0.0283681,0,0,0,0,0,0,0,0,0,0,0,23.9402,308.927,0,0.000119151,0.004509,
7,16,2,0,0,0.221825,0,0,0,0.251224,0.725332,1.02048,0,0,0,2.21886,0,0,0,0,0,0,0,0.0275576,0,0,0.0275576,0,0,0,0,0,0,0,0,0,0,0,23.9217,308.927,0,0.000119212,0.004509,
7,16,3,0,0,0.221825,0,0,0,0.28472,0.725332,1.02048,0,0,0,2.25236,0,0,0,0,0,0,0,0.0275576,0,0,0.0275576,0,0,0,0,0,0,0,0,0,0,0,23.9313,308.927,0,0.000119262,0.004509,
7,16,4,0,0,0.221825,0,0,0,0.351715,0.718346,0.960451,0,0,0,2.25234,0,0,0,0,0,0,0,0.0259366,0,0,0.0259366,0,0,0,0,0,0,0,0,0,0,0,23.9429,308.927,0,0.000119343,0.004509,
7,16,5,0,0,0.221825,0,0,0,0.519197,0.732318,1.08051,0,0,0,2.55385,0,0,0,0,0.183823,0,0,0.0291787,0,0,0.213002,0,0,0,0,0,0,0,0,0,0,0,23.987,308.927,0,0.00012011,0.004509,
7,16,6,0,0,0.221825,0,0,0,0.703426,0.753275,1.26059,0,0,0,2.93912,0,0,0,0,0.19458,0,0,0.0340418,0,0,0.228622,0,0,0,0,0,0,0,0,0,0,0,23.9772,308.927,0,0.000119869,0.004509,
7,16,7,0,0,0.221825,0,0,0,0.686679,0.760261,1.32062,0,0,0,2.98939,0,0,0,0,0.28781,0,0,0.0356628,0,0,0.323473,0,0,0,0,0,0,0,0,0,0,0,21.9511,308.927,0,7.68853e-005,0.004509,
7,16,8,0,0,0.221825,0,0,0,0.56944,0.735811,1.11052,0,0,0,2.6376,0,0,0,0,0.407494,0,0,0.0299892,0,0,0.437483,0,0,0,0,0,0,0,0,0,0,0,19.4923,308.927,0,2.33833e-005,0.004509,
7,16,9,0,0,0.221825,0,0,0,0.4857,0.718346,0.960451,0,0,0,2.38632,0,0,0,0,0.0320696,0,0,0.0259366,0,0,0.0580062,0,0,0,0,0,0,0,0,0,0,0,18.025,308.927,0,7.58899e-006,0.004509,
7,16,10,0,0,0.221825,0,0,0,0.452204,0.721839,0.990466,0,0,0,2.38633,0,0,0,0,0.0291334,0,0,0.0267471,0,0,0.0558805,0,0,0,0,0,0,0,0,0,0,0,17.7709,308.927,0,0,0.004509,
7,16,11,0,0,0.221825,0,0,0,0.418708,0.721839,0.990466,0,0,0,2.35284,0,0,0,0,0.0259628,0,0,0.0267471,0,0,0.0527099,0,0,0,0,0,0,0,0,0,0,0,17.7247,308.927,0,0,0.004509,
7,16,12,0,0.168249,0.221825,0,0,0,0.351715,0.718346,0.960451,0,0,0,2.42059,0,0,0,0,0.0301297,0,0,0.0259366,0,0,0.0560663,0,0,0,0,0,0,0,0,0,0,0,17.7544,308.927,0,0,0.004509,
7,16,13,0,1.06681,0.221825,0,0,0,0.351715,0.721839,0.990466,0,0,0,3.35265,0,0,0,0,0.0145049,0,0,0.0267471,0,0,0.041252,0,0,0,0,0,0,0,0,0,0,0,18.023,308.927,0,0,0.004509,
7,16,14,0,2.17884,0.221825,0,0,0,0.351715,0.728825,1.0505,0,0,0,4.5317,0,0,0,0,0.205958,0,0,0.0283681,0,0,0.234326,0,0,0,0,0,0,0,0,0,0,0,18.112,308.927,0,0,0.004509,
7,16,15,0,3.16102,0.221825,0,0,0,0.435454,0.735811,1.11052,0,0,0,5.66463,0,0,0,0,0.191214,0,0,0.0299892,0,0,0.221203,0,0,0,0,0,0,0,0,0,0,0,17.7823,308.927,0,0,0.004509,
7,16,16,0,4.22364,0.221825,0,0,0,0.519197,0.760261,1.32062,0,0,0,7.04555,0,0,0,0,0.114893,0,0,0.0356628,0,0,0.150556,0,0,0,0,0,0,0,0,0,0,0,17.8336,308.927,0,0,0.004509,
7,16,17,0,5.03074,0.221825,0,0,0,0.736923,0.791698,1.59075,0,0,0,8.37193,0,0,0,0,0.14484,0,0,0.0429574,0,0,0.187797,0,0,0,0,0,0,0,0,0,0,0,18.0738,308.927,0,3.51779e-006,0.004509,
7,16,18,0,5.59679,0.221825,0,0,0,1.40685,0.809163,1.74082,0,0,0,9.77545,0,0,0,0,0.0728637,0,0,0.04701,0,0,0.119874,0,0,0,0,0,0,0,0,0,0,0,20.4162,308.927,0,4.67649e-005,0.004509,
7,16,19,0,5.09929,0.221825,0,0,0,1.9763,0.816149,1.80085,0,0,0,9.91441,0,0,0,0,0.317258,0,0,0.0486311,0,0,0.365889,0,0,0,0,0,0,0,0,0,0,0,24.4617,308.927,0,0.000131246,0.004509,
7,16,20,0,3.35396,0.221825,0,0,0,1.89255,0.823135,1.86088,0.382647,0,0,8.535,0,0,0,0,0.446024,0,0,0.0502522,0,0,0.496276,0,0,0,0,0,0,0,0,0,0,0,24.4695,308.927,0,0.000131304,0.004509,
7,16,21,0,2.14795,0.221825,0,0,0,1.60783,0.816149,1.80085,0.382647,0,0,6.97725,0,0,0,0,0.0539081,0,0,0.0486311,0,0,0.102539,0,0,0,0,0,0,0,0,0,0,0,24.3239,308.927,0,0.000129076,0.004509,
7,16,22,0,0.896001,0.221825,0,0,0,1.05514,0.788205,1.56074,0.382647,0,0,4.90455,0,0,0,0,0.101484,0,0,0.042147,0,0,0.143631,0,0,0,0,0,0,0,0,0,0,0,24.1693,308.927,0,0.000125639,0.004509,
7,16,23,0,0.299732,0.221825,0,0,0,0.636433,0.763754,1.35064,0.382647,0,0,3.65503,0,0,0,0,0.0153928,0,0,0.0364733,0,0,0.0518661,0,0,0,0,0,0,0,0,0,0,0,24.0983,308.927,0,0.000122362,0.004509,
7,16,24,0,0.0307345,0.221825,0,0,0,0.385211,0.735811,1.11052,0,0,0,2.48411,0,0,0,0,0.0377815,0,0,0.0299892,0,0,0.0677707,0,0,0,0,0,0,0,0,0,0,0,24.0234,308.927,0,0.00012091,0.004509,
7,17,1,0,0,0.221825,0,0,0,0.318218,0.728825,1.0505,0,0,0,2.31936,0,0,0,0,0.0247693,0,0,0.0283681,0,0,0.0531374,0,0,0,0,0,0,0,0,0,0,0,25.0472,308.927,0,0.000172066,0.004509,
7,17,2,0,0,0.221825,0,0,0,0.251224,0.725332,1.02048,0,0,0,2.21886,0,0,0,0,0.0197238,0,0,0.0275576,0,0,0.0472814,0,0,0,0,0,0,0,0,0,0,0,25.0619,308.927,0,0.00017215,0.004509,
7,17,3,0,0,0.221825,0,0,0,0.28472,0.725332,1.02048,0,0,0,2.25236,0,0,0,0,0,0,0,0.0275576,0,0,0.0275576,0,0,0,0,0,0,0,0,0,0,0,25.0641,308.927,0,0.000172216,0.004509,
7,17,4,0,0,0.221825,0,0,0,0.351715,0.718346,0.960451,0,0,0,2.25234,0,0,0,0,0.000330489,0,0,0.0259366,0,0,0.0262671,0,0,0,0,0,0,0,0,0,0,0,25.0845,308.927,0,0.000172744,0.004509,
7,17,5,0,0,0.221825,0,0,0,0.519197,0.732318,1.08051,0,0,0,2.55385,0,0,0,0,0,0,0,0.0291787,0,0,0.0291787,0,0,0,0,0,0,0,0,0,0,0,25.1111,308.927,0,0.000172979,0.004509,
7,17,6,0,0,0.221825,0,0,0,0.703426,0.753275,1.26059,0,0,0,2.93912,0,0,0,0,0.0382667,0,0,0.0340418,0,0,0.0723085,0,0,0,0,0,0,0,0,0,0,0,25.0986,308.927,0,0.00017255,0.004509,
7,17,7,0,0,0.221825,0,0,0,0.686679,0.760261,1.32062,0,0,0,2.98939,0,0,0,0,0.144506,0,0,0.0356628,0,0,0.180169,0,0,0,0,0,0,0,0,0,0,0,23.2334,308.927,0,0.000119113,0.004509,
7,17,8,0,0,0.221825,0,0,0,0.56944,0.735811,1.11052,0,0,0,2.6376,0,0,0,0,0.293555,0,0,0.0299892,0,0,0.323544,0,0,0,0,0,0,0,0,0,0,0,19.7298,308.927,0,2.42284e-005,0.004509,
7,17,9,0,0,0.221825,0,0,0,0.4857,0.718346,0.960451,0,0,0,2.38632,0,0,0,0,0.326511,0,0,0.0259366,0,0,0.352448,0,0,0,0,0,0,0,0,0,0,0,18.4196,308.927,0,5.66886e-006,0.004509,
7,17,10,0,0,0.221825,0,0,0,0.452204,0.721839,0.990466,0,0,0,2.38633,0,0,0,0,0.154636,0,0,0.0267471,0,0,0.181383,0,0,0,0,0,0,0,0,0,0,0,18.2509,308.927,0,2.05386e-006,0.004509,
7,17,11,0,0.611351,0.221825,0,0,0,0.418708,0.721839,0.990466,0,0,0,2.96419,0,0,0,0,0.101317,0,0,0.0267471,0,0,0.128064,0,0,0,0,0,0,0,0,0,0,0,18.1797,308.927,0,2.81029e-006,0.004509,
7,17,12,0,1.80649,0.221825,0,0,0,0.351715,0.718346,0.960451,0,0,0,4.05883,0,0,0,0,0.0405228,0,0,0.0259366,0,0,0.0664594,0,0,0,0,0,0,0,0,0,0,0,18.3343,308.927,0,0,0.004509,
7,17,13,0,2.8863,0.221825,0,0,0,0.351715,0.721839,0.990466,0,0,0,5.17214,0,0,0,0,0.0648768,0,0,0.0267471,0,0,0.0916239,0,0,0,0,0,0,0,0,0,0,0,18.2151,308.927,0,0,0.004509,
7,17,14,0,4.34791,0.221825,0,0,0,0.351715,0.728825,1.0505,0,0,0,6.70077,0,0,0,0,0.179138,0,0,0.0283681,0,0,0.207506,0,0,0,0,0,0,0,0,0,0,0,18.4997,308.927,0,0,0.004509,
7,17,15,0,5.97989,0.221825,0,0,0,0.435454,0.735811,1.11052,0,0,0,8.48351,0,0,0,0,0.0366868,0,0,0.0299892,0,0,0.066676,0,0,0,0,0,0,0,0,0,0,0,18.5293,308.927,0,0,0.004509,
7,17,16,0,7.22545,0.221825,0,0,0,0.519197,0.760261,1.32062,0,0,0,10.0474,0,0,0,0,0.0658548,0,0,0.0356628,0,0,0.101518,0,0,0,0,0,0,0,0,0,0,0,18.2703,308.927,0,0,0.004509,
7,17,17,0,7.9048,0.221825,0,0,0,0.736923,0.791698,1.59075,0,0,0,11.246,0,0,0,0,0.0572457,0,0,0.0429574,0,0,0.100203,0,0,0,0,0,0,0,0,0,0,0,18.5797,308.927,0,2.81091e-006,0.004509,
7,17,18,0,8.34668,0.221825,0,0,0,1.40685,0.809163,1.74082,0,0,0,12.5253,0,0,0,0,0.276909,0,0,0.04701,0,0,0.323919,0,0,0,0,0,0,0,0,0,0,0,20.626,308.927,0,6.05639e-005,0.004509,
7,17,19,0,7.60528,0.221825,0,0,0,1.9763,0.816149,1.80085,0,0,0,12.4204,0,0,0,0,0.0827655,0,0,0.0486311,0,0,0.131397,0,0,0,0,0,0,0,0,0,0,0,26.0948,308.927,0,0.00019735,0.004509,
7,17,20,0,5.44632,0.221825,0,0,0,1.89255,0.823135,1.86088,0.382647,0,0,10.6274,0,0,0,0,0.118354,0,0,0.0502522,0,0,0.168606,0,0,0,0,0,0,0,0,0,0,0,26.0986,308.927,0,0.00019634,0.004509,
7,17,21,0,3.86098,0.221825,0,0,0,1.60783,0.816149,1.80085,0.382647,0,0,8.69028,0,0,0,0,0.0390882,0,0,0.0486311,0,0,0.0877193,0,0,0,0,0,0,0,0,0,0,0,26.0016,308.927,0,0.0001949,0.004509,
7,17,22,0,2.30946,0.221825,0,0,0,1.05514,0.788205,1.56074,0.382647,0,0,6.31801,0,0,0,0,0.251909,0,0,0.042147,0,0,0.294056,0,0,0,0,0,0,0,0,0,0,0,25.9374,308.927,0,0.000192867,0.004509,
7,17,23,0,1.09601,0.221825,0,0,0,0.636433,0.763754,1.35064,0.382647,0,0,4.45131,0,0,0,0,0.0681596,0,0,0.0364733,0,0,0.104633,0,0,0,0,0,0,0,0,0,0,0,25.875,308.927,0,0.000191189,0.004509,
7,17,24,0,0.367569,0.221825,0,0,0,0.385211,0.735811,1.11052,0,0,0,2.82094,0,0,0,0,0.0084482,0,0,0.0299892,0,0,0.0384374,0,0,0,0,0,0,0,0,0,0,0,25.8147,308.927,0,0.00018948,0.004509,
7,18,1,0,0.0529739,0.221825,0,0,0,0.318218,0.728825,1.0505,0,0,0,2.37234,0,0,0,0,0,0,0,0.0283681,0,0,0.0283681,0,0,0,0,0,0,0,0,0,0,0,26.3022,308.927,0,0.000205051,0.004509,
7,18,2,0,0,0.221825,0,0,0,0.251224,0.725332,1.02048,0,0,0,2.21886,0,0,0,0,0,0,0,0.0275576,0,0,0.0275576,0,0,0,0,0,0,0,0,0,0,0,26.2886,308.927,0,0.000205085,0.004509,
7,18,3,0,0,0.221825,0,0,0,0.28472,0.725332,1.02048,0,0,0,2.25236,0,0,0,0,0.000610332,0,0,0.0275576,0,0,0.0281679,0,0,0,0,0,0,0,0,0,0,0,26.2848,308.927,0,0.000205199,0.004509,
7,18,4,0,0,0.221825,0,0,0,0.351715,0.718346,0.960451,0,0,0,2.25234,0,0,0,0,0,0,0,0.0259366,0,0,0.0259366,0,0,0,0,0,0,0,0,0,0,0,26.2946,308.927,0,0.000205229,0.004509,
7,18,5,0,0,0.221825,0,0,0,0.519197,0.732318,1.08051,0,0,0,2.55385,0,0,0,0,0.0221389,0,0,0.0291787,0,0,0.0513176,0,0,0,0,0,0,0,0,0,0,0,26.3016,308.927,0,0.000205437,0.004509,
7,18,6,0,0,0.221825,0,0,0,0.703426,0.753275,1.26059,0,0,0,2.93912,0,0,0,0,0.0496171,0,0,0.0340418,0,0,0.0836589,0,0,0,0,0,0,0,0,0,0,0,26.2951,308.927,0,0.000205017,0.004509,
7,18,7,0,0,0.221825,0,0,0,0.686679,0.760261,1.32062,0,0,0,2.98939,0,0,0,0,0.0843378,0,0,0.0356628,0,0,0.120001,0,0,0,0,0,0,0,0,0,0,0,24.9149,308.927,0,0.000158117,0.004509,
7,18,8,0,0,0.221825,0,0,0,0.56944,0.735811,1.11052,0,0,0,2.6376,0,0,0,0,0.375955,0,0,0.0299892,0,0,0.405944,0,0,0,0,0,0,0,0,0,0,0,20.6897,308.927,0,5.86171e-005,0.004509,
7,18,9,0,0.431363,0.221825,0,0,0,0.4857,0.718346,0.960451,0,0,0,2.81769,0,0,0,0,0.169468,0,0,0.0259366,0,0,0.195405,0,0,0,0,0,0,0,0,0,0,0,19.7641,308.927,0,9.61083e-006,0.004509,
7,18,10,0,1.74559,0.221825,0,0,0,0.452204,0.721839,0.990466,0,0,0,4.13192,0,0,0,0,0.0907174,0,0,0.0267471,0,0,0.117465,0,0,0,0,0,0,0,0,0,0,0,19.6599,308.927,0,5.52087e-006,0.004509,
7,18,11,0,2.94435,0.221825,0,0,0,0.418708,0.721839,0.990466,0,0,0,5.29719,0,0,0,0,0.117261,0,0,0.0267471,0,0,0.144008,0,0,0,0,0,0,0,0,0,0,0,19.5598,308.927,0,5.39453e-006,0.004509,
7,18,12,0,4.14026,0.221825,0,0,0,0.351715,0.718346,0.960451,0,0,0,6.39259,0,0,0,0,0.0199432,0,0,0.0259366,0,0,0.0458798,0,0,0,0,0,0,0,0,0,0,0,19.5895,308.927,0,3.89575e-006,0.004509,
7,18,13,0,5.42292,0.221825,0,0,0,0.351715,0.721839,0.990466,0,0,0,7.70877,0,0,0,0,0.185576,0,0,0.0267471,0,0,0.212323,0,0,0,0,0,0,0,0,0,0,0,19.6846,308.927,0,4.28268e-006,0.004509,
7,18,14,0,6.71885,0.221825,0,0,0,0.351715,0.728825,1.0505,0,0,0,9.0717,0,0,0,0,0.145393,0,0,0.0283681,0,0,0.173761,0,0,0,0,0,0,0,0,0,0,0,19.8534,308.927,0,4.61061e-006,0.004509,
7,18,15,0,8.10397,0.221825,0,0,0,0.435454,0.735811,1.11052,0,0,0,10.6076,0,0,0,0,0.0652372,0,0,0.0299892,0,0,0.0952264,0,0,0,0,0,0,0,0,0,0,0,19.6649,308.927,0,4.46326e-006,0.004509,
7,18,16,0,9.2766,0.221825,0,0,0,0.519197,0.760261,1.32062,0,0,0,12.0985,0,0,0,0,0.104425,0,0,0.0356628,0,0,0.140088,0,0,0,0,0,0,0,0,0,0,0,19.8546,308.927,0,1.40216e-005,0.004509,
7,18,17,0,9.87926,0.221825,0,0,0,0.736923,0.791698,1.59075,0,0,0,13.2205,0,0,0,0,0.110552,0,0,0.0429574,0,0,0.153509,0,0,0,0,0,0,0,0,0,0,0,20.736,308.927,0,5.33665e-005,0.004509,
7,18,18,0,9.85455,0.221825,0,0,0,1.40685,0.809163,1.74082,0,0,0,14.0332,0,0,0,0,0.122796,0,0,0.04701,0,0,0.169806,0,0,0,0,0,0,0,0,0,0,0,23.4123,308.927,0,0.000116475,0.004509,
7,18,19,0,8.55568,0.221825,0,0,0,1.9763,0.816149,1.80085,0,0,0,13.3708,0,0,0,0,0.0810979,0,0,0.0486311,0,0,0.129729,0,0,0,0,0,0,0,0,0,0,0,27.3382,308.927,0,0.000233568,0.004509,
7,18,20,0,6.08125,0.221825,0,0,0,1.89255,0.823135,1.86088,0.382647,0,0,11.2623,0,0,0,0,0.0562149,0,0,0.0502522,0,0,0.106467,0,0,0,0,0,0,0,0,0,0,0,27.5132,308.927,0,0.000235137,0.004509,
7,18,21,0,4.56088,0.221825,0,0,0,1.60783,0.816149,1.80085,0.382647,0,0,9.39018,0,0,0,0,0.085076,0,0,0.0486311,0,0,0.133707,0,0,0,0,0,0,0,0,0,0,0,27.227,308.927,0,0.00023161,0.004509,
7,18,22,0,2.91976,0.221825,0,0,0,1.05514,0.788205,1.56074,0.382647,0,0,6.92831,0,0,0,0,0.000562749,0,0,0.042147,0,0,0.0427097,0,0,0,0,0,0,0,0,0,0,0,26.9015,308.927,0,0.000221271,0.004509,
7,18,23,0,1.6782,0.221825,0,0,0,0.636433,0.763754,1.35064,0.382647,0,0,5.0335,0,0,0,0,0,0,0,0.0364733,0,0,0.0364733,0,0,0,0,0,0,0,0,0,0,0,26.7157,308.927,0,0.00021453,0.004509,
7,18,24,0,0.856497,0.221825,0,0,0,0.385211,0.735811,1.11052,0,0,0,3.30987,0,0,0,0,0.041142,0,0,0.0299892,0,0,0.0711312,0,0,0,0,0,0,0,0,0,0,0,26.6373,308.927,0,0.000214012,0.004509,
7,19,1,0,0.479101,0.221825,0,0,0,0.318218,0.728825,1.0505,0,0,0,2.79846,0,0,0,0,0.0166235,0,0,0.0283681,0,0,0.0449916,0,0,0,0,0,0,0,0,0,0,0,26.6095,308.927,0,0.000213692,0.004509,
7,19,2,0,0.268035,0.221825,0,0,0,0.251224,0.725332,1.02048,0,0,0,2.4869,0,0,0,0,0,0,0,0.0275576,0,0,0.0275576,0,0,0,0,0,0,0,0,0,0,0,26.5944,308.927,0,0.000213185,0.004509,
7,19,3,0,0.0896842,0.221825,0,0,0,0.28472,0.725332,1.02048,0,0,0,2.34204,0,0,0,0,0,0,0,0.0275576,0,0,0.0275576,0,0,0,0,0,0,0,0,0,0,0,26.601,308.927,0,0.000213516,0.004509,
7,19,4,0,0.000702588,0.221825,0,0,0,0.351715,0.718346,0.960451,0,0,0,2.25304,0,0,0,0,0.000715352,0,0,0.0259366,0,0,0.026652,0,0,0,0,0,0,0,0,0,0,0,26.5805,308.927,0,0.000213155,0.004509,
7,19,5,0,0,0.221825,0,0,0,0.519197,0.732318,1.08051,0,0,0,2.55385,0,0,0,0,0.00219237,0,0,0.0291787,0,0,0.0313711,0,0,0,0,0,0,0,0,0,0,0,26.6162,308.927,0,0.000214302,0.004509,
7,19,6,0,0,0.221825,0,0,0,0.703426,0.753275,1.26059,0,0,0,2.93912,0,0,0,0,0.0983922,0,0,0.0340418,0,0,0.132434,0,0,0,0,0,0,0,0,0,0,0,26.6043,308.927,0,0.00021382,0.004509,
7,19,7,0,0.487887,0.221825,0,0,0,0.686679,0.760261,1.32062,0,0,0,3.47727,0,0,0,0,0.10794,0,0,0.0356628,0,0,0.143603,0,0,0,0,0,0,0,0,0,0,0,24.94,308.927,0,0.000162723,0.004509,
7,19,8,0,1.95095,0.221825,0,0,0,0.56944,0.735811,1.11052,0,0,0,4.58855,0,0,0,0,0.153349,0,0,0.0299892,0,0,0.183338,0,0,0,0,0,0,0,0,0,0,0,21.2135,308.927,0,3.40309e-005,0.004509,
7,19,9,0,2.99234,0.221825,0,0,0,0.4857,0.718346,0.960451,0,0,0,5.37866,0,0,0,0,0.543141,0,0,0.0259366,0,0,0.569078,0,0,0,0,0,0,0,0,0,0,0,19.7255,308.927,0,1.07032e-005,0.004509,
7,19,10,0,4.18205,0.221825,0,0,0,0.452204,0.721839,0.990466,0,0,0,6.56839,0,0,0,0,0.28155,0,0,0.0267471,0,0,0.308297,0,0,0,0,0,0,0,0,0,0,0,19.4937,308.927,0,4.83124e-006,0.004509,
7,19,11,0,5.34304,0.221825,0,0,0,0.418708,0.721839,0.990466,0,0,0,7.69587,0,0,0,0,0.307484,0,0,0.0267471,0,0,0.334231,0,0,0,0,0,0,0,0,0,0,0,19.4073,308.927,0,8.23488e-006,0.004509,
7,19,12,0,6.09744,0.221825,0,0,0,0.351715,0.718346,0.960451,0,0,0,8.34978,0,0,0,0,0.241699,0,0,0.0259366,0,0,0.267636,0,0,0,0,0,0,0,0,0,0,0,19.4051,308.927,0,4.84943e-006,0.004509,
7,19,13,0,6.60574,0.221825,0,0,0,0.351715,0.721839,0.990466,0,0,0,8.89159,0,0,0,0,0.0725093,0,0,0.0267471,0,0,0.0992564,0,0,0,0,0,0,0,0,0,0,0,19.7252,308.927,0,4.94949e-006,0.004509,
7,19,14,0,7.30074,0.221825,0,0,0,0.351715,0.728825,1.0505,0,0,0,9.6536,0,0,0,0,0.0721768,0,0,0.0283681,0,0,0.100545,0,0,0,0,0,0,0,0,0,0,0,19.8987,308.927,0,5.07762e-006,0.004509,
7,19,15,0,8.23458,0.221825,0,0,0,0.435454,0.735811,1.11052,0,0,0,10.7382,0,0,0,0,0.0183449,0,0,0.0299892,0,0,0.0483341,0,0,0,0,0,0,0,0,0,0,0,19.4228,308.927,0,5.23131e-006,0.004509,
7,19,16,0,8.91753,0.221825,0,0,0,0.519197,0.760261,1.32062,0,0,0,11.7394,0,0,0,0,0.0298441,0,0,0.0356628,0,0,0.0655069,0,0,0,0,0,0,0,0,0,0,0,19.7856,308.927,0,1.40155e-005,0.004509,
7,19,17,0,9.03949,0.221825,0,0,0,0.736923,0.791698,1.59075,0,0,0,12.3807,0,0,0,0,0.0302527,0,0,0.0429574,0,0,0.0732101,0,0,0,0,0,0,0,0,0,0,0,20.8929,308.927,0,4.301e-005,0.004509,
7,19,18,0,9.12759,0.221825,0,0,0,1.40685,0.809163,1.74082,0,0,0,13.3063,0,0,0,0,0.286354,0,0,0.04701,0,0,0.333364,0,0,0,0,0,0,0,0,0,0,0,23.9899,308.927,0,0.000119264,0.004509,
7,19,19,0,8.04397,0.221825,0,0,0,1.9763,0.816149,1.80085,0,0,0,12.8591,0,0,0,0,0.150796,0,0,0.0486311,0,0,0.199427,0,0,0,0,0,0,0,0,0,0,0,27.9599,308.927,0,0.000251466,0.004509,
7,19,20,0,5.49402,0.221825,0,0,0,1.89255,0.823135,1.86088,0.382647,0,0,10.6751,0,0,0,0,0.122604,0,0,0.0502522,0,0,0.172856,0,0,0,0,0,0,0,0,0,0,0,28.5925,308.927,0,0.000257189,0.004509,
7,19,21,0,3.89023,0.221825,0,0,0,1.60783,0.816149,1.80085,0.382647,0,0,8.71953,0,0,0,0,0.224993,0,0,0.0486311,0,0,0.273624,0,0,0,0,0,0,0,0,0,0,0,27.9099,308.927,0,0.000250759,0.004509,
7,19,22,0,2.51926,0.221825,0,0,0,1.05514,0.788205,1.56074,0.382647,0,0,6.52781,0,0,0,0,0.0196338,0,0,0.042147,0,0,0.0617808,0,0,0,0,0,0,0,0,0,0,0,27.3651,308.927,0,0.000236738,0.004509,
7,19,23,0,1.53483,0.221825,0,0,0,0.636433,0.763754,1.35064,0.382647,0,0,4.89013,0,0,0,0,0.0174598,0,0,0.0364733,0,0,0.0539331,0,0,0,0,0,0,0,0,0,0,0,26.8334,308.927,0,0.000219548,0.004509,
7,19,24,0,0.815201,0.221825,0,0,0,0.385211,0.735811,1.11052,0,0,0,3.26857,0,0,0,0,0.000659302,0,0,0.0299892,0,0,0.0306485,0,0,0,0,0,0,0,0,0,0,0,26.6415,308.927,0,0.000215534,0.004509,
7,20,1,0,0.192302,0.221825,0,0,0,0.318218,0.728825,1.0505,0,0,0,2.51167,0,0,0,0,0.000243631,0,0,0.0283681,0,0,0.0286117,0,0,0,0,0,0,0,0,0,0,0,26.4239,308.927,0,0.000213053,0.004509,
7,20,2,0,0,0.221825,0,0,0,0.251224,0.725332,1.02048,0,0,0,2.21886,0,0,0,0,0.000857422,0,0,0.0275576,0,0,0.028415,0,0,0,0,0,0,0,0,0,0,0,26.3973,308.927,0,0.000212349,0.004509,
7,20,3,0,0,0.221825,0,0,0,0.28472,0.725332,1.02048,0,0,0,2.25236,0,0,0,0,0.00448241,0,0,0.0275576,0,0,0.03204,0,0,0,0,0,0,0,0,0,0,0,26.4038,308.927,0,0.000212038,0.004509,
7,20,4,0,0,0.221825,0,0,0,0.351715,0.718346,0.960451,0,0,0,2.25234,0,0,0,0,0.000325175,0,0,0.0259366,0,0,0.0262618,0,0,0,0,0,0,0,0,0,0,0,26.4101,308.927,0,0.00021216,0.004509,
7,20,5,0,0,0.221825,0,0,0,0.519197,0.732318,1.08051,0,0,0,2.55385,0,0,0,0,0.0641716,0,0,0.0291787,0,0,0.0933503,0,0,0,0,0,0,0,0,0,0,0,26.4124,308.927,0,0.000212889,0.004509,
7,20,6,0,0,0.221825,0,0,0,0.703426,0.753275,1.26059,0,0,0,2.93912,0,0,0,0,0.0967955,0,0,0.0340418,0,0,0.130837,0,0,0,0,0,0,0,0,0,0,0,26.41,308.927,0,0.00021294,0.004509,
7,20,7,0,0,0.221825,0,0,0,0.686679,0.760261,1.32062,0,0,0,2.98939,0,0,0,0,0.280026,0,0,0.0356628,0,0,0.315689,0,0,0,0,0,0,0,0,0,0,0,25.4987,308.927,0,0.000202962,0.004509,
7,20,8,0,0.502312,0.221825,0,0,0,0.56944,0.735811,1.11052,0,0,0,3.13991,0,0,0,0,0.0881188,0,0,0.0299892,0,0,0.118108,0,0,0,0,0,0,0,0,0,0,0,23.7113,308.927,0,0.000149447,0.004509,
7,20,9,0,1.81431,0.221825,0,0,0,0.4857,0.718346,0.960451,0,0,0,4.20063,0,0,0,0,0.152381,0,0,0.0259366,0,0,0.178318,0,0,0,0,0,0,0,0,0,0,0,20.0162,308.927,0,3.43536e-005,0.004509,
7,20,10,0,3.17052,0.221825,0,0,0,0.452204,0.721839,0.990466,0,0,0,5.55686,0,0,0,0,0.143819,0,0,0.0267471,0,0,0.170566,0,0,0,0,0,0,0,0,0,0,0,19.8852,308.927,0,1.91554e-005,0.004509,
7,20,11,0,4.51095,0.221825,0,0,0,0.418708,0.721839,0.990466,0,0,0,6.86378,0,0,0,0,0.00730416,0,0,0.0267471,0,0,0.0340513,0,0,0,0,0,0,0,0,0,0,0,19.8747,308.927,0,1.82923e-005,0.004509,
7,20,12,0,5.46526,0.221825,0,0,0,0.351715,0.718346,0.960451,0,0,0,7.71759,0,0,0,0,0.0158405,0,0,0.0259366,0,0,0.0417771,0,0,0,0,0,0,0,0,0,0,0,19.8599,308.927,0,1.16242e-005,0.004509,
7,20,13,0,6.22833,0.221825,0,0,0,0.351715,0.721839,0.990466,0,0,0,8.51418,0,0,0,0,0.0581463,0,0,0.0267471,0,0,0.0848934,0,0,0,0,0,0,0,0,0,0,0,19.963,308.927,0,1.2816e-005,0.004509,
7,20,14,0,6.9804,0.221825,0,0,0,0.351715,0.728825,1.0505,0,0,0,9.33326,0,0,0,0,0.021595,0,0,0.0283681,0,0,0.0499631,0,0,0,0,0,0,0,0,0,0,0,20.0234,308.927,0,1.60867e-005,0.004509,
7,20,15,0,7.74362,0.221825,0,0,0,0.435454,0.735811,1.11052,0,0,0,10.2472,0,0,0,0,0.0114485,0,0,0.0299892,0,0,0.0414377,0,0,0,0,0,0,0,0,0,0,0,19.9768,308.927,0,1.52728e-005,0.004509,
7,20,16,0,8.39623,0.221825,0,0,0,0.519197,0.760261,1.32062,0,0,0,11.2181,0,0,0,0,0.0354827,0,0,0.0356628,0,0,0.0711455,0,0,0,0,0,0,0,0,0,0,0,20.128,308.927,0,2.08455e-005,0.004509,
7,20,17,0,8.72075,0.221825,0,0,0,0.736923,0.791698,1.59075,0,0,0,12.0619,0,0,0,0,0.0390451,0,0,0.0429574,0,0,0.0820025,0,0,0,0,0,0,0,0,0,0,0,20.9045,308.927,0,4.81542e-005,0.004509,
7,20,18,0,8.73018,0.221825,0,0,0,1.40685,0.809163,1.74082,0,0,0,12.9088,0,0,0,0,0.143891,0,0,0.04701,0,0,0.190901,0,0,0,0,0,0,0,0,0,0,0,24.7842,308.927,0,0.000138146,0.004509,
7,20,19,0,7.58582,0.221825,0,0,0,1.9763,0.816149,1.80085,0,0,0,12.4009,0,0,0,0,0.0932256,0,0,0.0486311,0,0,0.141857,0,0,0,0,0,0,0,0,0,0,0,28.2688,308.927,0,0.000263678,0.004509,
7,20,20,0,5.26102,0.221825,0,0,0,1.89255,0.823135,1.86088,0.382647,0,0,10.4421,0,0,0,0,0.261892,0,0,0.0502522,0,0,0.312144,0,0,0,0,0,0,0,0,0,0,0,29.5085,308.927,0,0.000295508,0.004509,
7,20,21,0,3.82539,0.221825,0,0,0,1.60783,0.816149,1.80085,0.382647,0,0,8.65469,0,0,0,0,0.047048,0,0,0.0486311,0,0,0.0956791,0,0,0,0,0,0,0,0,0,0,0,27.8091,308.927,0,0.000249479,0.004509,
7,20,22,0,2.64006,0.221825,0,0,0,1.05514,0.788205,1.56074,0.382647,0,0,6.64862,0,0,0,0,0.0952262,0,0,0.042147,0,0,0.137373,0,0,0,0,0,0,0,0,0,0,0,27.1446,308.927,0,0.000232177,0.004509,
7,20,23,0,1.67184,0.221825,0,0,0,0.636433,0.763754,1.35064,0.382647,0,0,5.02714,0,0,0,0,0.0497372,0,0,0.0364733,0,0,0.0862105,0,0,0,0,0,0,0,0,0,0,0,26.6799,308.927,0,0.00021757,0.004509,
7,20,24,0,1.05697,0.221825,0,0,0,0.385211,0.735811,1.11052,0,0,0,3.51034,0,0,0,0,0,0,0,0.0299892,0,0,0.0299892,0,0,0,0,0,0,0,0,0,0,0,26.4817,308.927,0,0.000214909,0.004509,
7,21,1,0,0.726961,0.221825,0,0,0,0.318218,0.728825,1.0505,0,0,0,3.04632,0,0,0,0,0.0278199,0,0,0.0283681,0,0,0.056188,0,0,0,0,0,0,0,0,0,0,0,26.4575,308.927,0,0.000213566,0.004509,
7,21,2,0,0.416881,0.221825,0,0,0,0.251224,0.725332,1.02048,0,0,0,2.63574,0,0,0,0,0.0129901,0,0,0.0275576,0,0,0.0405477,0,0,0,0,0,0,0,0,0,0,0,26.3973,308.927,0,0.000212104,0.004509,
7,21,3,0,0.207052,0.221825,0,0,0,0.28472,0.725332,1.02048,0,0,0,2.45941,0,0,0,0,0,0,0,0.0275576,0,0,0.0275576,0,0,0,0,0,0,0,0,0,0,0,26.4047,308.927,0,0.000212747,0.004509,
7,21,4,0,0.0933168,0.221825,0,0,0,0.351715,0.718346,0.960451,0,0,0,2.34565,0,0,0,0,0.00460473,0,0,0.0259366,0,0,0.0305413,0,0,0,0,0,0,0,0,0,0,0,26.4595,308.927,0,0.000213248,0.004509,
7,21,5,0,0.109126,0.221825,0,0,0,0.519197,0.732318,1.08051,0,0,0,2.66298,0,0,0,0,0.0484032,0,0,0.0291787,0,0,0.0775819,0,0,0,0,0,0,0,0,0,0,0,26.5015,308.927,0,0.000213883,0.004509,
7,21,6,0,0.225307,0.221825,0,0,0,0.703426,0.753275,1.26059,0,0,0,3.16443,0,0,0,0,0.0908952,0,0,0.0340418,0,0,0.124937,0,0,0,0,0,0,0,0,0,0,0,26.5008,308.927,0,0.000214202,0.004509,
7,21,7,0,2.07036,0.221825,0,0,0,0.686679,0.760261,1.32062,0,0,0,5.05975,0,0,0,0,0.134469,0,0,0.0356628,0,0,0.170132,0,0,0,0,0,0,0,0,0,0,0,24.9376,308.927,0,0.000166654,0.004509,
7,21,8,0,2.93008,0.221825,0,0,0,0.56944,0.735811,1.11052,0,0,0,5.56769,0,0,0,0,0.320566,0,0,0.0299892,0,0,0.350555,0,0,0,0,0,0,0,0,0,0,0,21.0351,308.927,0,3.3583e-005,0.004509,
7,21,9,0,3.54587,0.221825,0,0,0,0.4857,0.718346,0.960451,0,0,0,5.9322,0,0,0,0,0.103511,0,0,0.0259366,0,0,0.129448,0,0,0,0,0,0,0,0,0,0,0,20.3154,308.927,0,2.07448e-005,0.004509,
7,21,10,0,3.99636,0.221825,0,0,0,0.452204,0.721839,0.990466,0,0,0,6.38269,0,0,0,0,0.0129184,0,0,0.0267471,0,0,0.0396655,0,0,0,0,0,0,0,0,0,0,0,19.6045,308.927,0,8.59009e-006,0.004509,
7,21,11,0,4.30701,0.221825,0,0,0,0.418708,0.721839,0.990466,0,0,0,6.65985,0,0,0,0,0.13595,0,0,0.0267471,0,0,0.162697,0,0,0,0,0,0,0,0,0,0,0,19.3996,308.927,0,7.42235e-006,0.004509,
7,21,12,0,4.72925,0.221825,0,0,0,0.351715,0.718346,0.960451,0,0,0,6.98158,0,0,0,0,0.0381145,0,0,0.0259366,0,0,0.0640511,0,0,0,0,0,0,0,0,0,0,0,19.3641,308.927,0,7.24409e-006,0.004509,
7,21,13,0,5.53599,0.221825,0,0,0,0.351715,0.721839,0.990466,0,0,0,7.82183,0,0,0,0,0.182801,0,0,0.0267471,0,0,0.209548,0,0,0,0,0,0,0,0,0,0,0,19.3479,308.927,0,7.1661e-006,0.004509,
7,21,14,0,6.4762,0.221825,0,0,0,0.351715,0.728825,1.0505,0,0,0,8.82906,0,0,0,0,0.0260487,0,0,0.0283681,0,0,0.0544168,0,0,0,0,0,0,0,0,0,0,0,19.3307,308.927,0,7.11009e-006,0.004509,
7,21,15,0,7.19669,0.221825,0,0,0,0.435454,0.735811,1.11052,0,0,0,9.7003,0,0,0,0,0.00864634,0,0,0.0299892,0,0,0.0386355,0,0,0,0,0,0,0,0,0,0,0,19.379,308.927,0,7.90724e-006,0.004509,
7,21,16,0,7.69979,0.221825,0,0,0,0.519197,0.760261,1.32062,0,0,0,10.5217,0,0,0,0,0.0564295,0,0,0.0356628,0,0,0.0920923,0,0,0,0,0,0,0,0,0,0,0,19.667,308.927,0,1.82154e-005,0.004509,
7,21,17,0,7.89396,0.221825,0,0,0,0.736923,0.791698,1.59075,0,0,0,11.2352,0,0,0,0,0.0182165,0,0,0.0429574,0,0,0.0611739,0,0,0,0,0,0,0,0,0,0,0,20.6965,308.927,0,4.63856e-005,0.004509,
7,21,18,0,7.95644,0.221825,0,0,0,1.40685,0.809163,1.74082,0,0,0,12.1351,0,0,0,0,0.245024,0,0,0.04701,0,0,0.292034,0,0,0,0,0,0,0,0,0,0,0,24.6188,308.927,0,0.000129801,0.004509,
7,21,19,0,6.97111,0.221825,0,0,0,1.9763,0.816149,1.80085,0,0,0,11.7862,0,0,0,0,0.102123,0,0,0.0486311,0,0,0.150754,0,0,0,0,0,0,0,0,0,0,0,27.8901,308.927,0,0.000252363,0.004509,
7,21,20,0,4.78351,0.221825,0,0,0,1.89255,0.823135,1.86088,0.382647,0,0,9.96454,0,0,0,0,0.16581,0,0,0.0502522,0,0,0.216062,0,0,0,0,0,0,0,0,0,0,0,28.8419,308.927,0,0.000267844,0.004509,
7,21,21,0,3.46197,0.221825,0,0,0,1.60783,0.816149,1.80085,0.382647,0,0,8.29127,0,0,0,0,0.0223562,0,0,0.0486311,0,0,0.0709873,0,0,0,0,0,0,0,0,0,0,0,27.6016,308.927,0,0.000246693,0.004509,
7,21,22,0,2.27441,0.221825,0,0,0,1.05514,0.788205,1.56074,0.382647,0,0,6.28296,0,0,0,0,0.126513,0,0,0.042147,0,0,0.16866,0,0,0,0,0,0,0,0,0,0,0,26.975,308.927,0,0.00022782,0.004509,
7,21,23,0,1.33652,0.221825,0,0,0,0.636433,0.763754,1.35064,0.382647,0,0,4.69181,0,0,0,0,0,0,0,0.0364733,0,0,0.0364733,0,0,0,0,0,0,0,0,0,0,0,26.5988,308.927,0,0.000216382,0.004509,
7,21,24,0,0.833852,0.221825,0,0,0,0.385211,0.735811,1.11052,0,0,0,3.28722,0,0,0,0,0.0113902,0,0,0.0299892,0,0,0.0413794,0,0,0,0,0,0,0,0,0,0,0,26.4917,308.927,0,0.000215048,0.004509,
7,22,1,0,0.511019,0.221825,0,0,0,0.318218,0.728825,1.0505,0,0,0,2.83038,0,0,0,0,0.000343558,0,0,0.0283681,0,0,0.0287117,0,0,0,0,0,0,0,0,0,0,0,26.6223,308.927,0,0.00021727,0.004509,
7,22,2,0,0.246836,0.221825,0,0,0,0.251224,0.725332,1.02048,0,0,0,2.4657,0,0,0,0,0.00198063,0,0,0.0275576,0,0,0.0295382,0,0,0,0,0,0,0,0,0,0,0,26.6114,308.927,0,0.000216728,0.004509,
7,22,3,0,0.0602608,0.221825,0,0,0,0.28472,0.725332,1.02048,0,0,0,2.31262,0,0,0,0,0,0,0,0.0275576,0,0,0.0275576,0,0,0,0,0,0,0,0,0,0,0,26.6092,308.927,0,0.000216124,0.004509,
7,22,4,0,0,0.221825,0,0,0,0.351715,0.718346,0.960451,0,0,0,2.25234,0,0,0,0,0.00459866,0,0,0.0259366,0,0,0.0305353,0,0,0,0,0,0,0,0,0,0,0,26.6107,308.927,0,0.000216193,0.004509,
7,22,5,0,0,0.221825,0,0,0,0.519197,0.732318,1.08051,0,0,0,2.55385,0,0,0,0,0.0557289,0,0,0.0291787,0,0,0.0849076,0,0,0,0,0,0,0,0,0,0,0,26.6151,308.927,0,0.000216424,0.004509,
7,22,6,0,0,0.221825,0,0,0,0.703426,0.753275,1.26059,0,0,0,2.93912,0,0,0,0,0.287772,0,0,0.0340418,0,0,0.321814,0,0,0,0,0,0,0,0,0,0,0,26.6146,308.927,0,0.000216505,0.004509,
7,22,7,0,0.732598,0.221825,0,0,0,0.686679,0.760261,1.32062,0,0,0,3.72199,0,0,0,0,0.570426,0,0,0.0356628,0,0,0.606089,0,0,0,0,0,0,0,0,0,0,0,24.8439,308.927,0,0.000166356,0.004509,
7,22,8,0,2.39443,0.221825,0,0,0,0.56944,0.735811,1.11052,0,0,0,5.03203,0,0,0,0,0.234287,0,0,0.0299892,0,0,0.264276,0,0,0,0,0,0,0,0,0,0,0,21.5379,308.927,0,4.63671e-005,0.004509,
7,22,9,0,3.18995,0.221825,0,0,0,0.4857,0.718346,0.960451,0,0,0,5.57627,0,0,0,0,0.122748,0,0,0.0259366,0,0,0.148685,0,0,0,0,0,0,0,0,0,0,0,19.7754,308.927,0,1.79659e-005,0.004509,
7,22,10,0,3.93511,0.221825,0,0,0,0.452204,0.721839,0.990466,0,0,0,6.32145,0,0,0,0,0.130565,0,0,0.0267471,0,0,0.157312,0,0,0,0,0,0,0,0,0,0,0,19.658,308.927,0,6.27533e-006,0.004509,
7,22,11,0,4.45074,0.221825,0,0,0,0.418708,0.721839,0.990466,0,0,0,6.80358,0,0,0,0,0.0879432,0,0,0.0267471,0,0,0.11469,0,0,0,0,0,0,0,0,0,0,0,19.6572,308.927,0,7.03225e-006,0.004509,
7,22,12,0,4.96043,0.221825,0,0,0,0.351715,0.718346,0.960451,0,0,0,7.21276,0,0,0,0,0.125097,0,0,0.0259366,0,0,0.151034,0,0,0,0,0,0,0,0,0,0,0,20.1192,308.927,0,7.06097e-006,0.004509,
7,22,13,0,5.39582,0.221825,0,0,0,0.351715,0.721839,0.990466,0,0,0,7.68167,0,0,0,0,0.0377615,0,0,0.0267471,0,0,0.0645086,0,0,0,0,0,0,0,0,0,0,0,19.2429,308.927,0,6.0413e-006,0.004509,
7,22,14,0,5.8411,0.221825,0,0,0,0.351715,0.728825,1.0505,0,0,0,8.19396,0,0,0,0,0.14014,0,0,0.0283681,0,0,0.168508,0,0,0,0,0,0,0,0,0,0,0,19.2319,308.927,0,6.0321e-006,0.004509,
7,22,15,0,6.40249,0.221825,0,0,0,0.435454,0.735811,1.11052,0,0,0,8.90611,0,0,0,0,0.315557,0,0,0.0299892,0,0,0.345546,0,0,0,0,0,0,0,0,0,0,0,19.5714,308.927,0,6.69142e-006,0.004509,
7,22,16,0,6.88759,0.221825,0,0,0,0.519197,0.760261,1.32062,0,0,0,9.7095,0,0,0,0,0.0404601,0,0,0.0356628,0,0,0.0761229,0,0,0,0,0,0,0,0,0,0,0,19.8169,308.927,0,1.81944e-005,0.004509,
7,22,17,0,7.20474,0.221825,0,0,0,0.736923,0.791698,1.59075,0,0,0,10.5459,0,0,0,0,0.0391766,0,0,0.0429574,0,0,0.082134,0,0,0,0,0,0,0,0,0,0,0,20.5518,308.927,0,4.11657e-005,0.004509,
7,22,18,0,7.32045,0.221825,0,0,0,1.40685,0.809163,1.74082,0,0,0,11.4991,0,0,0,0,0.12629,0,0,0.04701,0,0,0.1733,0,0,0,0,0,0,0,0,0,0,0,24.6847,308.927,0,0.000135282,0.004509,
7,22,19,0,6.45671,0.221825,0,0,0,1.9763,0.816149,1.80085,0,0,0,11.2718,0,0,0,0,0.079215,0,0,0.0486311,0,0,0.127846,0,0,0,0,0,0,0,0,0,0,0,27.703,308.927,0,0.000248634,0.004509,
7,22,20,0,4.41374,0.221825,0,0,0,1.89255,0.823135,1.86088,0.382647,0,0,9.59478,0,0,0,0,0.131967,0,0,0.0502522,0,0,0.182219,0,0,0,0,0,0,0,0,0,0,0,27.832,308.927,0,0.000250587,0.004509,
7,22,21,0,3.23907,0.221825,0,0,0,1.60783,0.816149,1.80085,0.382647,0,0,8.06837,0,0,0,0,0.171659,0,0,0.0486311,0,0,0.22029,0,0,0,0,0,0,0,0,0,0,0,27.56,308.927,0,0.000243736,0.004509,
7,22,22,0,2.1718,0.221825,0,0,0,1.05514,0.788205,1.56074,0.382647,0,0,6.18036,0,0,0,0,0.0467005,0,0,0.042147,0,0,0.0888475,0,0,0,0,0,0,0,0,0,0,0,27.1159,308.927,0,0.000229328,0.004509,
7,22,23,0,1.37787,0.221825,0,0,0,0.636433,0.763754,1.35064,0.382647,0,0,4.73316,0,0,0,0,0.14848,0,0,0.0364733,0,0,0.184953,0,0,0,0,0,0,0,0,0,0,0,26.7736,308.927,0,0.000218519,0.004509,
7,22,24,0,0.83779,0.221825,0,0,0,0.385211,0.735811,1.11052,0,0,0,3.29116,0,0,0,0,0.0350878,0,0,0.0299892,0,0,0.065077,0,0,0,0,0,0,0,0,0,0,0,26.6554,308.927,0,0.000217807,0.004509,
7,23,1,0,0.391159,0.221825,0,0,0,0.318218,0.728825,1.0505,0,0,0,2.71052,0,0,0,0,0.0245743,0,0,0.0283681,0,0,0.0529424,0,0,0,0,0,0,0,0,0,0,0,26.2703,308.927,0,0.000208727,0.004509,
7,23,2,0,0.108582,0.221825,0,0,0,0.251224,0.725332,1.02048,0,0,0,2.32744,0,0,0,0,0.0133426,0,0,0.0275576,0,0,0.0409002,0,0,0,0,0,0,0,0,0,0,0,26.272,308.927,0,0.000208644,0.004509,
7,23,3,0,0.000631732,0.221825,0,0,0,0.28472,0.725332,1.02048,0,0,0,2.25299,0,0,0,0,0.000324593,0,0,0.0275576,0,0,0.0278822,0,0,0,0,0,0,0,0,0,0,0,26.2738,308.927,0,0.000208706,0.004509,
7,23,4,0,0,0.221825,0,0,0,0.351715,0.718346,0.960451,0,0,0,2.25234,0,0,0,0,0,0,0,0.0259366,0,0,0.0259366,0,0,0,0,0,0,0,0,0,0,0,26.2752,308.927,0,0.000208954,0.004509,
7,23,5,0,0,0.221825,0,0,0,0.519197,0.732318,1.08051,0,0,0,2.55385,0,0,0,0,0.0409268,0,0,0.0291787,0,0,0.0701055,0,0,0,0,0,0,0,0,0,0,0,26.2902,308.927,0,0.000209136,0.004509,
7,23,6,0,0,0.221825,0,0,0,0.703426,0.753275,1.26059,0,0,0,2.93912,0,0,0,0,0.0864515,0,0,0.0340418,0,0,0.120493,0,0,0,0,0,0,0,0,0,0,0,26.3053,308.927,0,0.000209289,0.004509,
7,23,7,0,0,0.221825,0,0,0,0.686679,0.760261,1.32062,0,0,0,2.98939,0,0,0,0,0.160005,0,0,0.0356628,0,0,0.195668,0,0,0,0,0,0,0,0,0,0,0,24.9522,308.927,0,0.000165949,0.004509,
7,23,8,0,1.24275,0.221825,0,0,0,0.56944,0.735811,1.11052,0,0,0,3.88035,0,0,0,0,0.130364,0,0,0.0299892,0,0,0.160353,0,0,0,0,0,0,0,0,0,0,0,21.5388,308.927,0,3.98762e-005,0.004509,
7,23,9,0,2.39301,0.221825,0,0,0,0.4857,0.718346,0.960451,0,0,0,4.77933,0,0,0,0,0.158403,0,0,0.0259366,0,0,0.18434,0,0,0,0,0,0,0,0,0,0,0,19.3706,308.927,0,1.22491e-005,0.004509,
7,23,10,0,3.41968,0.221825,0,0,0,0.452204,0.721839,0.990466,0,0,0,5.80601,0,0,0,0,0.117375,0,0,0.0267471,0,0,0.144122,0,0,0,0,0,0,0,0,0,0,0,19.1561,308.927,0,2.54065e-006,0.004509,
7,23,11,0,4.15782,0.221825,0,0,0,0.418708,0.721839,0.990466,0,0,0,6.51066,0,0,0,0,0.0208869,0,0,0.0267471,0,0,0.047634,0,0,0,0,0,0,0,0,0,0,0,19.1077,308.927,0,6.85728e-007,0.004509,
7,23,12,0,4.84041,0.221825,0,0,0,0.351715,0.718346,0.960451,0,0,0,7.09274,0,0,0,0,0.0288195,0,0,0.0259366,0,0,0.0547561,0,0,0,0,0,0,0,0,0,0,0,19.5457,308.927,0,6.98871e-007,0.004509,
7,23,13,0,5.89801,0.221825,0,0,0,0.351715,0.721839,0.990466,0,0,0,8.18385,0,0,0,0,0.0279918,0,0,0.0267471,0,0,0.0547389,0,0,0,0,0,0,0,0,0,0,0,19.1751,308.927,0,7.43718e-007,0.004509,
7,23,14,0,7.29055,0.221825,0,0,0,0.351715,0.728825,1.0505,0,0,0,9.64341,0,0,0,0,0.200663,0,0,0.0283681,0,0,0.229031,0,0,0,0,0,0,0,0,0,0,0,19.2103,308.927,0,7.52927e-007,0.004509,
7,23,15,0,8.60175,0.221825,0,0,0,0.435454,0.735811,1.11052,0,0,0,11.1054,0,0,0,0,0.0732478,0,0,0.0299892,0,0,0.103237,0,0,0,0,0,0,0,0,0,0,0,19.0682,308.927,0,7.9572e-007,0.004509,
7,23,16,0,9.60939,0.221825,0,0,0,0.519197,0.760261,1.32062,0,0,0,12.4313,0,0,0,0,0.042416,0,0,0.0356628,0,0,0.0780788,0,0,0,0,0,0,0,0,0,0,0,19.2757,308.927,0,6.76829e-006,0.004509,
7,23,17,0,9.8956,0.221825,0,0,0,0.736923,0.791698,1.59075,0,0,0,13.2368,0,0,0,0,0.065062,0,0,0.0429574,0,0,0.108019,0,0,0,0,0,0,0,0,0,0,0,19.8893,308.927,0,2.74561e-005,0.004509,
7,23,18,0,10.0469,0.221825,0,0,0,1.40685,0.809163,1.74082,0,0,0,14.2256,0,0,0,0,0.120312,0,0,0.04701,0,0,0.167322,0,0,0,0,0,0,0,0,0,0,0,23.0809,308.927,0,0.000108379,0.004509,
7,23,19,0,8.90484,0.221825,0,0,0,1.9763,0.816149,1.80085,0,0,0,13.72,0,0,0,0,0.120808,0,0,0.0486311,0,0,0.169439,0,0,0,0,0,0,0,0,0,0,0,26.9187,308.927,0,0.000224903,0.004509,
7,23,20,0,5.93943,0.221825,0,0,0,1.89255,0.823135,1.86088,0.382647,0,0,11.1205,0,0,0,0,0.0356935,0,0,0.0502522,0,0,0.0859457,0,0,0,0,0,0,0,0,0,0,0,26.878,308.927,0,0.000223705,0.004509,
7,23,21,0,4.30637,0.221825,0,0,0,1.60783,0.816149,1.80085,0.382647,0,0,9.13567,0,0,0,0,0.0480599,0,0,0.0486311,0,0,0.096691,0,0,0,0,0,0,0,0,0,0,0,26.7253,308.927,0,0.000220245,0.004509,
7,23,22,0,2.90398,0.221825,0,0,0,1.05514,0.788205,1.56074,0.382647,0,0,6.91254,0,0,0,0,0.151946,0,0,0.042147,0,0,0.194093,0,0,0,0,0,0,0,0,0,0,0,26.6055,308.927,0,0.000215861,0.004509,
7,23,23,0,1.86864,0.221825,0,0,0,0.636433,0.763754,1.35064,0.382647,0,0,5.22394,0,0,0,0,0.0443547,0,0,0.0364733,0,0,0.080828,0,0,0,0,0,0,0,0,0,0,0,26.42,308.927,0,0.00021186,0.004509,
7,23,24,0,1.18652,0.221825,0,0,0,0.385211,0.735811,1.11052,0,0,0,3.63989,0,0,0,0,0.00148309,0,0,0.0299892,0,0,0.0314723,0,0,0,0,0,0,0,0,0,0,0,26.387,308.927,0,0.000210493,0.004509,
7,24,1,0,0.612193,0.221825,0,0,0,0.318218,0.728825,1.0505,0,0,0,2.93156,0,0,0,0,0.000671066,0,0,0.0283681,0,0,0.0290392,0,0,0,0,0,0,0,0,0,0,0,26.6828,308.927,0,0.000217136,0.004509,
7,24,2,0,0.138538,0.221825,0,0,0,0.251224,0.725332,1.02048,0,0,0,2.3574,0,0,0,0,0.000628399,0,0,0.0275576,0,0,0.028186,0,0,0,0,0,0,0,0,0,0,0,26.6797,308.927,0,0.000216991,0.004509,
7,24,3,0,0,0.221825,0,0,0,0.28472,0.725332,1.02048,0,0,0,2.25236,0,0,0,0,0.000877497,0,0,0.0275576,0,0,0.0284351,0,0,0,0,0,0,0,0,0,0,0,26.681,308.927,0,0.000217035,0.004509,
7,24,4,0,0,0.221825,0,0,0,0.351715,0.718346,0.960451,0,0,0,2.25234,0,0,0,0,0.000752374,0,0,0.0259366,0,0,0.026689,0,0,0,0,0,0,0,0,0,0,0,26.7042,308.927,0,0.000217312,0.004509,
7,24,5,0,0,0.221825,0,0,0,0.519197,0.732318,1.08051,0,0,0,2.55385,0,0,0,0,0.0427586,0,0,0.0291787,0,0,0.0719373,0,0,0,0,0,0,0,0,0,0,0,26.7267,308.927,0,0.000217679,0.004509,
7,24,6,0,0,0.221825,0,0,0,0.703426,0.753275,1.26059,0,0,0,2.93912,0,0,0,0,0.0938093,0,0,0.0340418,0,0,0.127851,0,0,0,0,0,0,0,0,0,0,0,26.7417,308.927,0,0.000217931,0.004509,
7,24,7,0,0.330207,0.221825,0,0,0,0.686679,0.760261,1.32062,0,0,0,3.31959,0,0,0,0,0.0765656,0,0,0.0356628,0,0,0.112228,0,0,0,0,0,0,0,0,0,0,0,25.385,308.927,0,0.000169713,0.004509,
7,24,8,0,1.90108,0.221825,0,0,0,0.56944,0.735811,1.11052,0,0,0,4.53868,0,0,0,0,0.430989,0,0,0.0299892,0,0,0.460978,0,0,0,0,0,0,0,0,0,0,0,21.4254,308.927,0,3.80401e-005,0.004509,
7,24,9,0,2.96955,0.221825,0,0,0,0.4857,0.718346,0.960451,0,0,0,5.35587,0,0,0,0,0.0582047,0,0,0.0259366,0,0,0.0841413,0,0,0,0,0,0,0,0,0,0,0,19.9604,308.927,0,1.42025e-005,0.004509,
7,24,10,0,4.19261,0.221825,0,0,0,0.452204,0.721839,0.990466,0,0,0,6.57894,0,0,0,0,0.0383173,0,0,0.0267471,0,0,0.0650644,0,0,0,0,0,0,0,0,0,0,0,19.4752,308.927,0,2.82659e-006,0.004509,
7,24,11,0,5.23222,0.221825,0,0,0,0.418708,0.721839,0.990466,0,0,0,7.58506,0,0,0,0,0.00822205,0,0,0.0267471,0,0,0.0349691,0,0,0,0,0,0,0,0,0,0,0,19.4466,308.927,0,3.82998e-006,0.004509,
7,24,12,0,5.9319,0.221825,0,0,0,0.351715,0.718346,0.960451,0,0,0,8.18424,0,0,0,0,0.0201109,0,0,0.0259366,0,0,0.0460475,0,0,0,0,0,0,0,0,0,0,0,19.9673,308.927,0,3.4957e-006,0.004509,
7,24,13,0,6.70169,0.221825,0,0,0,0.351715,0.721839,0.990466,0,0,0,8.98754,0,0,0,0,0.00241692,0,0,0.0267471,0,0,0.029164,0,0,0,0,0,0,0,0,0,0,0,19.4752,308.927,0,2.83099e-006,0.004509,
7,24,14,0,8.12692,0.221825,0,0,0,0.351715,0.728825,1.0505,0,0,0,10.4798,0,0,0,0,0.228809,0,0,0.0283681,0,0,0.257177,0,0,0,0,0,0,0,0,0,0,0,19.5992,308.927,0,2.86189e-006,0.004509,
7,24,15,0,10.047,0.221825,0,0,0,0.435454,0.735811,1.11052,0,0,0,12.5506,0,0,0,0,0.0703016,0,0,0.0299892,0,0,0.100291,0,0,0,0,0,0,0,0,0,0,0,19.3938,308.927,0,3.08554e-006,0.004509,
7,24,16,0,10.9428,0.221825,0,0,0,0.519197,0.760261,1.32062,0,0,0,13.7647,0,0,0,0,0.0313459,0,0,0.0356628,0,0,0.0670087,0,0,0,0,0,0,0,0,0,0,0,19.5857,308.927,0,6.63197e-006,0.004509,
7,24,17,0,10.8715,0.221825,0,0,0,0.736923,0.791698,1.59075,0,0,0,14.2127,0,0,0,0,0.0541593,0,0,0.0429574,0,0,0.0971167,0,0,0,0,0,0,0,0,0,0,0,20.4682,308.927,0,2.71467e-005,0.004509,
7,24,18,0,10.5991,0.221825,0,0,0,1.40685,0.809163,1.74082,0,0,0,14.7777,0,0,0,0,0.0635167,0,0,0.04701,0,0,0.110527,0,0,0,0,0,0,0,0,0,0,0,25.5574,308.927,0,0.000169676,0.004509,
7,24,19,0,9.66734,0.221825,0,0,0,1.9763,0.816149,1.80085,0,0,0,14.4825,0,0,0,0,0.136114,0,0,0.0486311,0,0,0.184745,0,0,0,0,0,0,0,0,0,0,0,27.2449,308.927,0,0.000233152,0.004509,
7,24,20,0,7.61708,0.221825,0,0,0,1.89255,0.823135,1.86088,0.382647,0,0,12.7981,0,0,0,0,0.024272,0,0,0.0502522,0,0,0.0745242,0,0,0,0,0,0,0,0,0,0,0,27.1962,308.927,0,0.000231817,0.004509,
7,24,21,0,5.83622,0.221825,0,0,0,1.60783,0.816149,1.80085,0.382647,0,0,10.6655,0,0,0,0,0.144068,0,0,0.0486311,0,0,0.192699,0,0,0,0,0,0,0,0,0,0,0,27.05,308.927,0,0.000227831,0.004509,
7,24,22,0,4.34905,0.221825,0,0,0,1.05514,0.788205,1.56074,0.382647,0,0,8.3576,0,0,0,0,0.0260307,0,0,0.042147,0,0,0.0681777,0,0,0,0,0,0,0,0,0,0,0,26.8282,308.927,0,0.000221387,0.004509,
7,24,23,0,3.01964,0.221825,0,0,0,0.636433,0.763754,1.35064,0.382647,0,0,6.37494,0,0,0,0,0.00840998,0,0,0.0364733,0,0,0.0448833,0,0,0,0,0,0,0,0,0,0,0,26.7563,308.927,0,0.00021841,0.004509,
7,24,24,0,2.07808,0.221825,0,0,0,0.385211,0.735811,1.11052,0,0,0,4.53145,0,0,0,0,0.00332502,0,0,0.0299892,0,0,0.0333142,0,0,0,0,0,0,0,0,0,0,0,26.7081,308.927,0,0.00021729,0.004509,
7,25,1,0,1.56999,0.221825,0,0,0,0.318218,0.728825,1.0505,0,0,0,3.88935,0,0,0,0,0,0,0,0.0283681,0,0,0.0283681,0,0,0,0,0,0,0,0,0,0,0,26.7703,308.927,0,0.000221809,0.004509,
7,25,2,0,1.17915,0.221825,0,0,0,0.251224,0.725332,1.02048,0,0,0,3.39802,0,0,0,0,0,0,0,0.0275576,0,0,0.0275576,0,0,0,0,0,0,0,0,0,0,0,26.7744,308.927,0,0.00022188,0.004509,
7,25,3,0,0.867687,0.221825,0,0,0,0.28472,0.725332,1.02048,0,0,0,3.12004,0,0,0,0,0,0,0,0.0275576,0,0,0.0275576,0,0,0,0,0,0,0,0,0,0,0,26.7765,308.927,0,0.000221939,0.004509,
7,25,4,0,0.697014,0.221825,0,0,0,0.351715,0.718346,0.960451,0,0,0,2.94935,0,0,0,0,0,0,0,0.0259366,0,0,0.0259366,0,0,0,0,0,0,0,0,0,0,0,26.7803,308.927,0,0.000222028,0.004509,
7,25,5,0,0.897676,0.221825,0,0,0,0.519197,0.732318,1.08051,0,0,0,3.45153,0,0,0,0,0.0201319,0,0,0.0291787,0,0,0.0493106,0,0,0,0,0,0,0,0,0,0,0,26.7922,308.927,0,0.000222122,0.004509,
7,25,6,0,1.468,0.221825,0,0,0,0.703426,0.753275,1.26059,0,0,0,4.40712,0,0,0,0,0.229176,0,0,0.0340418,0,0,0.263218,0,0,0,0,0,0,0,0,0,0,0,26.7994,308.927,0,0.000222413,0.004509,
7,25,7,0,2.09685,0.221825,0,0,0,0.686679,0.760261,1.32062,0,0,0,5.08624,0,0,0,0,0.179585,0,0,0.0356628,0,0,0.215248,0,0,0,0,0,0,0,0,0,0,0,26.3469,308.927,0,0.000196508,0.004509,
7,25,8,0,3.54405,0.221825,0,0,0,0.56944,0.735811,1.11052,0,0,0,6.18165,0,0,0,0,0.13084,0,0,0.0299892,0,0,0.160829,0,0,0,0,0,0,0,0,0,0,0,21.8993,308.927,0,4.97798e-005,0.004509,
7,25,9,0,4.62527,0.221825,0,0,0,0.4857,0.718346,0.960451,0,0,0,7.01159,0,0,0,0,0.0277696,0,0,0.0259366,0,0,0.0537062,0,0,0,0,0,0,0,0,0,0,0,20.0991,308.927,0,1.88272e-005,0.004509,
7,25,10,0,5.57813,0.221825,0,0,0,0.452204,0.721839,0.990466,0,0,0,7.96446,0,0,0,0,0.224743,0,0,0.0267471,0,0,0.25149,0,0,0,0,0,0,0,0,0,0,0,19.9031,308.927,0,9.0747e-006,0.004509,
7,25,11,0,6.69275,0.221825,0,0,0,0.418708,0.721839,0.990466,0,0,0,9.04559,0,0,0,0,0.304094,0,0,0.0267471,0,0,0.330841,0,0,0,0,0,0,0,0,0,0,0,19.8822,308.927,0,9.82418e-006,0.004509,
7,25,12,0,8.33763,0.221825,0,0,0,0.351715,0.718346,0.960451,0,0,0,10.59,0,0,0,0,0.0765481,0,0,0.0259366,0,0,0.102485,0,0,0,0,0,0,0,0,0,0,0,19.8483,308.927,0,9.82469e-006,0.004509,
7,25,13,0,9.32667,0.221825,0,0,0,0.351715,0.721839,0.990466,0,0,0,11.6125,0,0,0,0,0.100378,0,0,0.0267471,0,0,0.127125,0,0,0,0,0,0,0,0,0,0,0,19.665,308.927,0,8.78823e-006,0.004509,
7,25,14,0,9.89616,0.221825,0,0,0,0.351715,0.728825,1.0505,0,0,0,12.249,0,0,0,0,0.064578,0,0,0.0283681,0,0,0.0929461,0,0,0,0,0,0,0,0,0,0,0,19.7155,308.927,0,9.01251e-006,0.004509,
7,25,15,0,10.3301,0.221825,0,0,0,0.435454,0.735811,1.11052,0,0,0,12.8337,0,0,0,0,0.0781288,0,0,0.0299892,0,0,0.108118,0,0,0,0,0,0,0,0,0,0,0,19.6958,308.927,0,9.17265e-006,0.004509,
7,25,16,0,10.2076,0.221825,0,0,0,0.519197,0.760261,1.32062,0,0,0,13.0295,0,0,0,0,0.107562,0,0,0.0356628,0,0,0.143225,0,0,0,0,0,0,0,0,0,0,0,19.8873,308.927,0,1.4299e-005,0.004509,
7,25,17,0,10.0348,0.221825,0,0,0,0.736923,0.791698,1.59075,0,0,0,13.376,0,0,0,0,0.0360559,0,0,0.0429574,0,0,0.0790133,0,0,0,0,0,0,0,0,0,0,0,20.5885,308.927,0,3.69841e-005,0.004509,
7,25,18,0,9.79,0.221825,0,0,0,1.40685,0.809163,1.74082,0,0,0,13.9687,0,0,0,0,0.0182498,0,0,0.04701,0,0,0.0652598,0,0,0,0,0,0,0,0,0,0,0,24.2118,308.927,0,0.000120385,0.004509,
7,25,19,0,8.79249,0.221825,0,0,0,1.9763,0.816149,1.80085,0,0,0,13.6076,0,0,0,0,0.215385,0,0,0.0486311,0,0,0.264016,0,0,0,0,0,0,0,0,0,0,0,27.7565,308.927,0,0.00024952,0.004509,
7,25,20,0,6.40243,0.221825,0,0,0,1.89255,0.823135,1.86088,0.382647,0,0,11.5835,0,0,0,0,0.115412,0,0,0.0502522,0,0,0.165664,0,0,0,0,0,0,0,0,0,0,0,27.7989,308.927,0,0.000248384,0.004509,
7,25,21,0,4.88261,0.221825,0,0,0,1.60783,0.816149,1.80085,0.382647,0,0,9.71191,0,0,0,0,0.188526,0,0,0.0486311,0,0,0.237157,0,0,0,0,0,0,0,0,0,0,0,27.6016,308.927,0,0.00024592,0.004509,
7,25,22,0,3.4765,0.221825,0,0,0,1.05514,0.788205,1.56074,0.382647,0,0,7.48505,0,0,0,0,0.159946,0,0,0.042147,0,0,0.202093,0,0,0,0,0,0,0,0,0,0,0,27.2892,308.927,0,0.000237756,0.004509,
7,25,23,0,2.36239,0.221825,0,0,0,0.636433,0.763754,1.35064,0.382647,0,0,5.71768,0,0,0,0,0.0168805,0,0,0.0364733,0,0,0.0533538,0,0,0,0,0,0,0,0,0,0,0,26.8555,308.927,0,0.000225131,0.004509,
7,25,24,0,1.70059,0.221825,0,0,0,0.385211,0.735811,1.11052,0,0,0,4.15396,0,0,0,0,0.00752551,0,0,0.0299892,0,0,0.0375147,0,0,0,0,0,0,0,0,0,0,0,26.7785,308.927,0,0.000224799,0.004509,
7,26,1,0,1.29076,0.221825,0,0,0,0.318218,0.728825,1.0505,0,0,0,3.61012,0,0,0,0,0,0,0,0.0283681,0,0,0.0283681,0,0,0,0,0,0,0,0,0,0,0,26.7446,308.927,0,0.000223532,0.004509,
7,26,2,0,0.922499,0.221825,0,0,0,0.251224,0.725332,1.02048,0,0,0,3.14136,0,0,0,0,0,0,0,0.0275576,0,0,0.0275576,0,0,0,0,0,0,0,0,0,0,0,26.7416,308.927,0,0.000223065,0.004509,
7,26,3,0,0.715124,0.221825,0,0,0,0.28472,0.725332,1.02048,0,0,0,2.96748,0,0,0,0,0,0,0,0.0275576,0,0,0.0275576,0,0,0,0,0,0,0,0,0,0,0,26.7425,308.927,0,0.000223169,0.004509,
7,26,4,0,0.553422,0.221825,0,0,0,0.351715,0.718346,0.960451,0,0,0,2.80576,0,0,0,0,0,0,0,0.0259366,0,0,0.0259366,0,0,0,0,0,0,0,0,0,0,0,26.7476,308.927,0,0.000223582,0.004509,
7,26,5,0,0.672882,0.221825,0,0,0,0.519197,0.732318,1.08051,0,0,0,3.22673,0,0,0,0,0.00239605,0,0,0.0291787,0,0,0.0315747,0,0,0,0,0,0,0,0,0,0,0,26.77,308.927,0,0.000224161,0.004509,
7,26,6,0,1.71007,0.221825,0,0,0,0.703426,0.753275,1.26059,0,0,0,4.64919,0,0,0,0,0.0124505,0,0,0.0340418,0,0,0.0464923,0,0,0,0,0,0,0,0,0,0,0,26.7671,308.927,0,0.000224295,0.004509,
7,26,7,0,3.03693,0.221825,0,0,0,0.686679,0.760261,1.32062,0,0,0,6.02631,0,0,0,0,0.0960489,0,0,0.0356628,0,0,0.131712,0,0,0,0,0,0,0,0,0,0,0,25.5869,308.927,0,0.000175959,0.004509,
7,26,8,0,3.79115,0.221825,0,0,0,0.56944,0.735811,1.11052,0,0,0,6.42875,0,0,0,0,0.0171627,0,0,0.0299892,0,0,0.0471519,0,0,0,0,0,0,0,0,0,0,0,22.114,308.927,0,5.39459e-005,0.004509,
7,26,9,0,4.40524,0.221825,0,0,0,0.4857,0.718346,0.960451,0,0,0,6.79156,0,0,0,0,0.380375,0,0,0.0259366,0,0,0.406312,0,0,0,0,0,0,0,0,0,0,0,19.8693,308.927,0,1.5935e-005,0.004509,
7,26,10,0,5.06479,0.221825,0,0,0,0.452204,0.721839,0.990466,0,0,0,7.45113,0,0,0,0,0.414318,0,0,0.0267471,0,0,0.441065,0,0,0,0,0,0,0,0,0,0,0,19.7101,308.927,0,1.28667e-005,0.004509,
7,26,11,0,5.57635,0.221825,0,0,0,0.418708,0.721839,0.990466,0,0,0,7.92918,0,0,0,0,0.245996,0,0,0.0267471,0,0,0.272743,0,0,0,0,0,0,0,0,0,0,0,19.7225,308.927,0,1.22788e-005,0.004509,
7,26,12,0,5.83228,0.221825,0,0,0,0.351715,0.718346,0.960451,0,0,0,8.08461,0,0,0,0,0.229067,0,0,0.0259366,0,0,0.255004,0,0,0,0,0,0,0,0,0,0,0,20.1322,308.927,0,1.23038e-005,0.004509,
7,26,13,0,6.30371,0.221825,0,0,0,0.351715,0.721839,0.990466,0,0,0,8.58955,0,0,0,0,0.043801,0,0,0.0267471,0,0,0.0705481,0,0,0,0,0,0,0,0,0,0,0,19.7552,308.927,0,1.31378e-005,0.004509,
7,26,14,0,7.09993,0.221825,0,0,0,0.351715,0.728825,1.0505,0,0,0,9.45279,0,0,0,0,0.0968691,0,0,0.0283681,0,0,0.125237,0,0,0,0,0,0,0,0,0,0,0,19.9454,308.927,0,1.75299e-005,0.004509,
7,26,15,0,7.72344,0.221825,0,0,0,0.435454,0.735811,1.11052,0,0,0,10.2271,0,0,0,0,0.0494065,0,0,0.0299892,0,0,0.0793957,0,0,0,0,0,0,0,0,0,0,0,19.9622,308.927,0,1.94226e-005,0.004509,
7,26,16,0,8.30196,0.221825,0,0,0,0.519197,0.760261,1.32062,0,0,0,11.1239,0,0,0,0,0.0414749,0,0,0.0356628,0,0,0.0771377,0,0,0,0,0,0,0,0,0,0,0,20.2824,308.927,0,2.43946e-005,0.004509,
7,26,17,0,8.69905,0.221825,0,0,0,0.736923,0.791698,1.59075,0,0,0,12.0402,0,0,0,0,0.310576,0,0,0.0429574,0,0,0.353533,0,0,0,0,0,0,0,0,0,0,0,20.8594,308.927,0,4.56462e-005,0.004509,
7,26,18,0,8.81495,0.221825,0,0,0,1.40685,0.809163,1.74082,0,0,0,12.9936,0,0,0,0,0.0436742,0,0,0.04701,0,0,0.0906842,0,0,0,0,0,0,0,0,0,0,0,25.0071,308.927,0,0.000140536,0.004509,
7,26,19,0,7.61256,0.221825,0,0,0,1.9763,0.816149,1.80085,0,0,0,12.4277,0,0,0,0,0.0516856,0,0,0.0486311,0,0,0.100317,0,0,0,0,0,0,0,0,0,0,0,27.7658,308.927,0,0.000251235,0.004509,
7,26,20,0,5.37442,0.221825,0,0,0,1.89255,0.823135,1.86088,0.382647,0,0,10.5555,0,0,0,0,0.073485,0,0,0.0502522,0,0,0.123737,0,0,0,0,0,0,0,0,0,0,0,27.8219,308.927,0,0.000251281,0.004509,
7,26,21,0,3.92265,0.221825,0,0,0,1.60783,0.816149,1.80085,0.382647,0,0,8.75195,0,0,0,0,0.00808932,0,0,0.0486311,0,0,0.0567204,0,0,0,0,0,0,0,0,0,0,0,27.5863,308.927,0,0.000247355,0.004509,
7,26,22,0,2.87038,0.221825,0,0,0,1.05514,0.788205,1.56074,0.382647,0,0,6.87894,0,0,0,0,0.0243619,0,0,0.042147,0,0,0.0665089,0,0,0,0,0,0,0,0,0,0,0,27.106,308.927,0,0.000232129,0.004509,
7,26,23,0,1.95608,0.221825,0,0,0,0.636433,0.763754,1.35064,0.382647,0,0,5.31138,0,0,0,0,0.0239964,0,0,0.0364733,0,0,0.0604697,0,0,0,0,0,0,0,0,0,0,0,26.9417,308.927,0,0.000225655,0.004509,
7,26,24,0,1.33374,0.221825,0,0,0,0.385211,0.735811,1.11052,0,0,0,3.78711,0,0,0,0,0.0082975,0,0,0.0299892,0,0,0.0382867,0,0,0,0,0,0,0,0,0,0,0,26.7931,308.927,0,0.000223823,0.004509,
7,27,1,0,0.975833,0.221825,0,0,0,0.318218,0.728825,1.0505,0,0,0,3.2952,0,0,0,0,0.0270747,0,0,0.0283681,0,0,0.0554428,0,0,0,0,0,0,0,0,0,0,0,26.9152,308.927,0,0.000230241,0.004509,
7,27,2,0,0.554358,0.221825,0,0,0,0.251224,0.725332,1.02048,0,0,0,2.77322,0,0,0,0,0.0126422,0,0,0.0275576,0,0,0.0401998,0,0,0,0,0,0,0,0,0,0,0,26.8867,308.927,0,0.000228692,0.004509,
7,27,3,0,0.23515,0.221825,0,0,0,0.28472,0.725332,1.02048,0,0,0,2.48751,0,0,0,0,0.00107461,0,0,0.0275576,0,0,0.0286322,0,0,0,0,0,0,0,0,0,0,0,26.8703,308.927,0,0.000228381,0.004509,
7,27,4,0,0.062615,0.221825,0,0,0,0.351715,0.718346,0.960451,0,0,0,2.31495,0,0,0,0,0.00446038,0,0,0.0259366,0,0,0.030397,0,0,0,0,0,0,0,0,0,0,0,26.8875,308.927,0,0.000229854,0.004509,
7,27,5,0,0.0701081,0.221825,0,0,0,0.519197,0.732318,1.08051,0,0,0,2.62396,0,0,0,0,0.111455,0,0,0.0291787,0,0,0.140634,0,0,0,0,0,0,0,0,0,0,0,26.9949,308.927,0,0.000231594,0.004509,
7,27,6,0,0.603086,0.221825,0,0,0,0.703426,0.753275,1.26059,0,0,0,3.54221,0,0,0,0,0.0384566,0,0,0.0340418,0,0,0.0724984,0,0,0,0,0,0,0,0,0,0,0,27.0082,308.927,0,0.0002321,0.004509,
7,27,7,0,2.15864,0.221825,0,0,0,0.686679,0.760261,1.32062,0,0,0,5.14802,0,0,0,0,0.30512,0,0,0.0356628,0,0,0.340783,0,0,0,0,0,0,0,0,0,0,0,25.742,308.927,0,0.000194001,0.004509,
7,27,8,0,3.04144,0.221825,0,0,0,0.56944,0.735811,1.11052,0,0,0,5.67904,0,0,0,0,0.0765131,0,0,0.0299892,0,0,0.106502,0,0,0,0,0,0,0,0,0,0,0,22.6966,308.927,0,8.25796e-005,0.004509,
7,27,9,0,3.79527,0.221825,0,0,0,0.4857,0.718346,0.960451,0,0,0,6.18159,0,0,0,0,0.048007,0,0,0.0259366,0,0,0.0739436,0,0,0,0,0,0,0,0,0,0,0,20.1894,308.927,0,2.58311e-005,0.004509,
7,27,10,0,4.73481,0.221825,0,0,0,0.452204,0.721839,0.990466,0,0,0,7.12114,0,0,0,0,0.00297039,0,0,0.0267471,0,0,0.0297175,0,0,0,0,0,0,0,0,0,0,0,20.0296,308.927,0,1.68923e-005,0.004509,
7,27,11,0,5.7858,0.221825,0,0,0,0.418708,0.721839,0.990466,0,0,0,8.13864,0,0,0,0,0.207171,0,0,0.0267471,0,0,0.233918,0,0,0,0,0,0,0,0,0,0,0,19.9739,308.927,0,1.59743e-005,0.004509,
7,27,12,0,6.65576,0.221825,0,0,0,0.351715,0.718346,0.960451,0,0,0,8.90809,0,0,0,0,0.0935243,0,0,0.0259366,0,0,0.119461,0,0,0,0,0,0,0,0,0,0,0,20.1261,308.927,0,1.54691e-005,0.004509,
7,27,13,0,7.48625,0.221825,0,0,0,0.351715,0.721839,0.990466,0,0,0,9.7721,0,0,0,0,0.0758235,0,0,0.0267471,0,0,0.102571,0,0,0,0,0,0,0,0,0,0,0,19.9888,308.927,0,1.71026e-005,0.004509,
7,27,14,0,8.66532,0.221825,0,0,0,0.351715,0.728825,1.0505,0,0,0,11.0182,0,0,0,0,0.0509111,0,0,0.0283681,0,0,0.0792792,0,0,0,0,0,0,0,0,0,0,0,19.984,308.927,0,1.57634e-005,0.004509,
7,27,15,0,9.86567,0.221825,0,0,0,0.435454,0.735811,1.11052,0,0,0,12.3693,0,0,0,0,0.0956382,0,0,0.0299892,0,0,0.125627,0,0,0,0,0,0,0,0,0,0,0,19.9391,308.927,0,1.726e-005,0.004509,
7,27,16,0,10.7717,0.221825,0,0,0,0.519197,0.760261,1.32062,0,0,0,13.5936,0,0,0,0,0.0289321,0,0,0.0356628,0,0,0.0645949,0,0,0,0,0,0,0,0,0,0,0,20.2526,308.927,0,2.46375e-005,0.004509,
7,27,17,0,10.9268,0.221825,0,0,0,0.736923,0.791698,1.59075,0,0,0,14.268,0,0,0,0,0.0166511,0,0,0.0429574,0,0,0.0596085,0,0,0,0,0,0,0,0,0,0,0,21.7035,308.927,0,6.21288e-005,0.004509,
7,27,18,0,10.5366,0.221825,0,0,0,1.40685,0.809163,1.74082,0,0,0,14.7152,0,0,0,0,0.180951,0,0,0.04701,0,0,0.227961,0,0,0,0,0,0,0,0,0,0,0,43.7071,308.927,0,0.000152352,0.004509,
7,27,19,0,9.28552,0.221825,0,0,0,1.9763,0.816149,1.80085,0,0,0,14.1006,0,0,0,0,0.188121,0,0,0.0486311,0,0,0.236752,0,0,0,0,0,0,0,0,0,0,0,28.3104,308.927,0,0.00026552,0.004509,
7,27,20,0,6.86766,0.221825,0,0,0,1.89255,0.823135,1.86088,0.382647,0,0,12.0487,0,0,0,0,0.0273381,0,0,0.0502522,0,0,0.0775903,0,0,0,0,0,0,0,0,0,0,0,30.1069,308.927,0,0.000264105,0.004509,
7,27,21,0,4.99043,0.221825,0,0,0,1.60783,0.816149,1.80085,0.382647,0,0,9.81974,0,0,0,0,0.109439,0,0,0.0486311,0,0,0.15807,0,0,0,0,0,0,0,0,0,0,0,28.083,308.927,0,0.000260903,0.004509,
7,27,22,0,3.56506,0.221825,0,0,0,1.05514,0.788205,1.56074,0.382647,0,0,7.57361,0,0,0,0,0.126501,0,0,0.042147,0,0,0.168648,0,0,0,0,0,0,0,0,0,0,0,27.458,308.927,0,0.000242684,0.004509,
7,27,23,0,2.34277,0.221825,0,0,0,0.636433,0.763754,1.35064,0.382647,0,0,5.69806,0,0,0,0,0.00184241,0,0,0.0364733,0,0,0.0383157,0,0,0,0,0,0,0,0,0,0,0,27.2548,308.927,0,0.000234687,0.004509,
7,27,24,0,1.57402,0.221825,0,0,0,0.385211,0.735811,1.11052,0,0,0,4.02739,0,0,0,0,0.00117386,0,0,0.0299892,0,0,0.0311631,0,0,0,0,0,0,0,0,0,0,0,27.1865,308.927,0,0.000233574,0.004509,
7,28,1,0,0.97091,0.221825,0,0,0,0.318218,0.728825,1.0505,0,0,0,3.29027,0,0,0,0,0.00078455,0,0,0.0283681,0,0,0.0291526,0,0,0,0,0,0,0,0,0,0,0,27.0527,308.927,0,0.000230552,0.004509,
7,28,2,0,0.485936,0.221825,0,0,0,0.251224,0.725332,1.02048,0,0,0,2.7048,0,0,0,0,0.000615364,0,0,0.0275576,0,0,0.028173,0,0,0,0,0,0,0,0,0,0,0,27.0261,308.927,0,0.000229963,0.004509,
7,28,3,0,0.231281,0.221825,0,0,0,0.28472,0.725332,1.02048,0,0,0,2.48364,0,0,0,0,0.000403717,0,0,0.0275576,0,0,0.0279613,0,0,0,0,0,0,0,0,0,0,0,27.017,308.927,0,0.00022994,0.004509,
7,28,4,0,0.0631334,0.221825,0,0,0,0.351715,0.718346,0.960451,0,0,0,2.31547,0,0,0,0,0.00372616,0,0,0.0259366,0,0,0.0296628,0,0,0,0,0,0,0,0,0,0,0,27.0191,308.927,0,0.000230041,0.004509,
7,28,5,0,0.0786345,0.221825,0,0,0,0.519197,0.732318,1.08051,0,0,0,2.63248,0,0,0,0,0.004781,0,0,0.0291787,0,0,0.0339597,0,0,0,0,0,0,0,0,0,0,0,27.0725,308.927,0,0.0002308,0.004509,
7,28,6,0,0.204982,0.221825,0,0,0,0.703426,0.753275,1.26059,0,0,0,3.1441,0,0,0,0,0.0262135,0,0,0.0340418,0,0,0.0602553,0,0,0,0,0,0,0,0,0,0,0,27.0983,308.927,0,0.000231453,0.004509,
7,28,7,0,1.89735,0.221825,0,0,0,0.686679,0.760261,1.32062,0,0,0,4.88674,0,0,0,0,0.312703,0,0,0.0356628,0,0,0.348366,0,0,0,0,0,0,0,0,0,0,0,26.136,308.927,0,0.000199912,0.004509,
7,28,8,0,3.13539,0.221825,0,0,0,0.56944,0.735811,1.11052,0,0,0,5.77299,0,0,0,0,0.508138,0,0,0.0299892,0,0,0.538127,0,0,0,0,0,0,0,0,0,0,0,23.0223,308.927,0,9.12863e-005,0.004509,
7,28,9,0,4.08201,0.221825,0,0,0,0.4857,0.718346,0.960451,0,0,0,6.46833,0,0,0,0,0.040647,0,0,0.0259366,0,0,0.0665836,0,0,0,0,0,0,0,0,0,0,0,21.3556,308.927,0,6.88414e-005,0.004509,
7,28,10,0,5.21839,0.221825,0,0,0,0.452204,0.721839,0.990466,0,0,0,7.60472,0,0,0,0,0.115413,0,0,0.0267471,0,0,0.14216,0,0,0,0,0,0,0,0,0,0,0,20.4773,308.927,0,3.78138e-005,0.004509,
7,28,11,0,6.51191,0.221825,0,0,0,0.418708,0.721839,0.990466,0,0,0,8.86474,0,0,0,0,0.0914257,0,0,0.0267471,0,0,0.118173,0,0,0,0,0,0,0,0,0,0,0,20.7733,308.927,0,3.47415e-005,0.004509,
7,28,12,0,7.12963,0.221825,0,0,0,0.351715,0.718346,0.960451,0,0,0,9.38197,0,0,0,0,0.0263975,0,0,0.0259366,0,0,0.0523341,0,0,0,0,0,0,0,0,0,0,0,20.9005,308.927,0,3.0909e-005,0.004509,
7,28,13,0,7.63332,0.221825,0,0,0,0.351715,0.721839,0.990466,0,0,0,9.91916,0,0,0,0,0.00264562,0,0,0.0267471,0,0,0.0293927,0,0,0,0,0,0,0,0,0,0,0,20.7517,308.927,0,3.40005e-005,0.004509,
7,28,14,0,8.9887,0.221825,0,0,0,0.351715,0.728825,1.0505,0,0,0,11.3416,0,0,0,0,0.415344,0,0,0.0283681,0,0,0.443712,0,0,0,0,0,0,0,0,0,0,0,20.7519,308.927,0,3.26743e-005,0.004509,
7,28,15,0,10.3673,0.221825,0,0,0,0.435454,0.735811,1.11052,0,0,0,12.8709,0,0,0,0,0.184221,0,0,0.0299892,0,0,0.21421,0,0,0,0,0,0,0,0,0,0,0,20.8642,308.927,0,3.31205e-005,0.004509,
7,28,16,0,10.8278,0.221825,0,0,0,0.519197,0.760261,1.32062,0,0,0,13.6497,0,0,0,0,0.0795961,0,0,0.0356628,0,0,0.115259,0,0,0,0,0,0,0,0,0,0,0,21.0431,308.927,0,4.23596e-005,0.004509,
7,28,17,0,10.8329,0.221825,0,0,0,0.736923,0.791698,1.59075,0,0,0,14.1741,0,0,0,0,0.0726242,0,0,0.0429574,0,0,0.115582,0,0,0,0,0,0,0,0,0,0,0,22.1275,308.927,0,8.25419e-005,0.004509,
7,28,18,0,10.5478,0.221825,0,0,0,1.40685,0.809163,1.74082,0,0,0,14.7264,0,0,0,0,0.125491,0,0,0.04701,0,0,0.172501,0,0,0,0,0,0,0,0,0,0,0,43.4135,308.927,0,0.000203711,0.004509,
7,28,19,0,9.47392,0.221825,0,0,0,1.9763,0.816149,1.80085,0,0,0,14.289,0,0,0,0,0.0985769,0,0,0.0486311,0,0,0.147208,0,0,0,0,0,0,0,0,0,0,0,28.7656,308.927,0,0.000274561,0.004509,
7,28,20,0,7.38815,0.221825,0,0,0,1.89255,0.823135,1.86088,0.382647,0,0,12.5692,0,0,0,0,0.256515,0,0,0.0502522,0,0,0.306767,0,0,0,0,0,0,0,0,0,0,0,29.5252,308.927,0,0.000271572,0.004509,
7,28,21,0,5.64831,0.221825,0,0,0,1.60783,0.816149,1.80085,0.382647,0,0,10.4776,0,0,0,0,0.262536,0,0,0.0486311,0,0,0.311167,0,0,0,0,0,0,0,0,0,0,0,28.3433,308.927,0,0.000263058,0.004509,
7,28,22,0,4.22695,0.221825,0,0,0,1.05514,0.788205,1.56074,0.382647,0,0,8.23551,0,0,0,0,0.0294982,0,0,0.042147,0,0,0.0716452,0,0,0,0,0,0,0,0,0,0,0,27.8042,308.927,0,0.000246425,0.004509,
7,28,23,0,2.94444,0.221825,0,0,0,0.636433,0.763754,1.35064,0.382647,0,0,6.29974,0,0,0,0,0.0271817,0,0,0.0364733,0,0,0.063655,0,0,0,0,0,0,0,0,0,0,0,27.2889,308.927,0,0.000232991,0.004509,
7,28,24,0,2.02171,0.221825,0,0,0,0.385211,0.735811,1.11052,0,0,0,4.47508,0,0,0,0,0.0494557,0,0,0.0299892,0,0,0.0794449,0,0,0,0,0,0,0,0,0,0,0,27.0525,308.927,0,0.00023064,0.004509,
7,29,1,0,1.46411,0.221825,0,0,0,0.318218,0.728825,1.0505,0,0,0,3.78348,0,0,0,0,0.000624052,0,0,0.0283681,0,0,0.0289922,0,0,0,0,0,0,0,0,0,0,0,26.8291,308.927,0,0.000222195,0.004509,
7,29,2,0,0.960926,0.221825,0,0,0,0.251224,0.725332,1.02048,0,0,0,3.17979,0,0,0,0,0.00124021,0,0,0.0275576,0,0,0.0287978,0,0,0,0,0,0,0,0,0,0,0,26.8288,308.927,0,0.000220736,0.004509,
7,29,3,0,0.513111,0.221825,0,0,0,0.28472,0.725332,1.02048,0,0,0,2.76547,0,0,0,0,0.00474203,0,0,0.0275576,0,0,0.0322996,0,0,0,0,0,0,0,0,0,0,0,26.7297,308.927,0,0.000217065,0.004509,
7,29,4,0,0.243722,0.221825,0,0,0,0.351715,0.718346,0.960451,0,0,0,2.49606,0,0,0,0,0.00369011,0,0,0.0259366,0,0,0.0296267,0,0,0,0,0,0,0,0,0,0,0,26.8253,308.927,0,0.000218733,0.004509,
7,29,5,0,0.287765,0.221825,0,0,0,0.519197,0.732318,1.08051,0,0,0,2.84161,0,0,0,0,0.0736496,0,0,0.0291787,0,0,0.102828,0,0,0,0,0,0,0,0,0,0,0,26.831,308.927,0,0.000222556,0.004509,
7,29,6,0,1.1029,0.221825,0,0,0,0.703426,0.753275,1.26059,0,0,0,4.04203,0,0,0,0,0.0323508,0,0,0.0340418,0,0,0.0663926,0,0,0,0,0,0,0,0,0,0,0,26.8877,308.927,0,0.000222894,0.004509,
7,29,7,0,2.88953,0.221825,0,0,0,0.686679,0.760261,1.32062,0,0,0,5.87892,0,0,0,0,0.253018,0,0,0.0356628,0,0,0.288681,0,0,0,0,0,0,0,0,0,0,0,26.2322,308.927,0,0.000203176,0.004509,
7,29,8,0,4.06355,0.221825,0,0,0,0.56944,0.735811,1.11052,0,0,0,6.70115,0,0,0,0,0.16304,0,0,0.0299892,0,0,0.193029,0,0,0,0,0,0,0,0,0,0,0,24.6831,308.927,0,0.000132048,0.004509,
7,29,9,0,5.19224,0.221825,0,0,0,0.4857,0.718346,0.960451,0,0,0,7.57856,0,0,0,0,0.140448,0,0,0.0259366,0,0,0.166385,0,0,0,0,0,0,0,0,0,0,0,20.608,308.927,0,3.29847e-005,0.004509,
7,29,10,0,6.48192,0.221825,0,0,0,0.452204,0.721839,0.990466,0,0,0,8.86825,0,0,0,0,0.104786,0,0,0.0267471,0,0,0.131533,0,0,0,0,0,0,0,0,0,0,0,20.3681,308.927,0,2.4546e-005,0.004509,
7,29,11,0,7.29623,0.221825,0,0,0,0.418708,0.721839,0.990466,0,0,0,9.64907,0,0,0,0,0.0872538,0,0,0.0267471,0,0,0.114001,0,0,0,0,0,0,0,0,0,0,0,20.3334,308.927,0,2.69941e-005,0.004509,
7,29,12,0,8.21651,0.221825,0,0,0,0.351715,0.718346,0.960451,0,0,0,10.4688,0,0,0,0,0.0600504,0,0,0.0259366,0,0,0.085987,0,0,0,0,0,0,0,0,0,0,0,20.4981,308.927,0,2.252e-005,0.004509,
7,29,13,0,8.9697,0.221825,0,0,0,0.351715,0.721839,0.990466,0,0,0,11.2555,0,0,0,0,0.00527195,0,0,0.0267471,0,0,0.0320191,0,0,0,0,0,0,0,0,0,0,0,20.3324,308.927,0,2.4644e-005,0.004509,
7,29,14,0,9.96032,0.221825,0,0,0,0.351715,0.728825,1.0505,0,0,0,12.3132,0,0,0,0,0.122494,0,0,0.0283681,0,0,0.150862,0,0,0,0,0,0,0,0,0,0,0,20.3479,308.927,0,2.64591e-005,0.004509,
7,29,15,0,10.7674,0.221825,0,0,0,0.435454,0.735811,1.11052,0,0,0,13.271,0,0,0,0,0.0622637,0,0,0.0299892,0,0,0.0922529,0,0,0,0,0,0,0,0,0,0,0,20.3484,308.927,0,2.40513e-005,0.004509,
7,29,16,0,10.6608,0.221825,0,0,0,0.519197,0.760261,1.32062,0,0,0,13.4828,0,0,0,0,0.142001,0,0,0.0356628,0,0,0.177664,0,0,0,0,0,0,0,0,0,0,0,20.5678,308.927,0,4.18004e-005,0.004509,
7,29,17,0,10.3565,0.221825,0,0,0,0.736923,0.791698,1.59075,0,0,0,13.6977,0,0,0,0,0.022091,0,0,0.0429574,0,0,0.0650484,0,0,0,0,0,0,0,0,0,0,0,21.8744,308.927,0,9.57264e-005,0.004509,
7,29,18,0,10.0199,0.221825,0,0,0,1.40685,0.809163,1.74082,0,0,0,14.1986,0,0,0,0,0.123548,0,0,0.04701,0,0,0.170558,0,0,0,0,0,0,0,0,0,0,0,25.3661,308.927,0,0.000153357,0.004509,
7,29,19,0,9.17915,0.221825,0,0,0,1.9763,0.816149,1.80085,0,0,0,13.9943,0,0,0,0,0.0109692,0,0,0.0486311,0,0,0.0596003,0,0,0,0,0,0,0,0,0,0,0,27.969,308.927,0,0.000248818,0.004509,
7,29,20,0,7.05728,0.221825,0,0,0,1.89255,0.823135,1.86088,0.382647,0,0,12.2383,0,0,0,0,0.155815,0,0,0.0502522,0,0,0.206067,0,0,0,0,0,0,0,0,0,0,0,27.9322,308.927,0,0.000246798,0.004509,
7,29,21,0,5.38462,0.221825,0,0,0,1.60783,0.816149,1.80085,0.382647,0,0,10.2139,0,0,0,0,0.27027,0,0,0.0486311,0,0,0.318901,0,0,0,0,0,0,0,0,0,0,0,27.6842,308.927,0,0.000241719,0.004509,
7,29,22,0,4.05299,0.221825,0,0,0,1.05514,0.788205,1.56074,0.382647,0,0,8.06154,0,0,0,0,0.0345222,0,0,0.042147,0,0,0.0766692,0,0,0,0,0,0,0,0,0,0,0,27.2162,308.927,0,0.000231684,0.004509,
7,29,23,0,3.27653,0.221825,0,0,0,0.636433,0.763754,1.35064,0.382647,0,0,6.63182,0,0,0,0,0.0170192,0,0,0.0364733,0,0,0.0534925,0,0,0,0,0,0,0,0,0,0,0,26.9875,308.927,0,0.000224302,0.004509,
7,29,24,0,2.55547,0.221825,0,0,0,0.385211,0.735811,1.11052,0,0,0,5.00884,0,0,0,0,0.0717808,0,0,0.0299892,0,0,0.10177,0,0,0,0,0,0,0,0,0,0,0,26.8982,308.927,0,0.000223281,0.004509,
7,30,1,0,1.86246,0.221825,0,0,0,0.318218,0.728825,1.0505,0,0,0,4.18183,0,0,0,0,0.0269005,0,0,0.0283681,0,0,0.0552686,0,0,0,0,0,0,0,0,0,0,0,26.8158,308.927,0,0.000219874,0.004509,
7,30,2,0,1.41005,0.221825,0,0,0,0.251224,0.725332,1.02048,0,0,0,3.62891,0,0,0,0,0.0138069,0,0,0.0275576,0,0,0.0413645,0,0,0,0,0,0,0,0,0,0,0,26.7968,308.927,0,0.000219344,0.004509,
7,30,3,0,1.32837,0.221825,0,0,0,0.28472,0.725332,1.02048,0,0,0,3.58073,0,0,0,0,0,0,0,0.0275576,0,0,0.0275576,0,0,0,0,0,0,0,0,0,0,0,26.7845,308.927,0,0.000219217,0.004509,
7,30,4,0,1.11302,0.221825,0,0,0,0.351715,0.718346,0.960451,0,0,0,3.36536,0,0,0,0,0,0,0,0.0259366,0,0,0.0259366,0,0,0,0,0,0,0,0,0,0,0,26.7857,308.927,0,0.000219264,0.004509,
7,30,5,0,1.03474,0.221825,0,0,0,0.519197,0.732318,1.08051,0,0,0,3.58859,0,0,0,0,0.00659875,0,0,0.0291787,0,0,0.0357775,0,0,0,0,0,0,0,0,0,0,0,26.8433,308.927,0,0.000220232,0.004509,
7,30,6,0,1.79399,0.221825,0,0,0,0.703426,0.753275,1.26059,0,0,0,4.73311,0,0,0,0,0.0660466,0,0,0.0340418,0,0,0.100088,0,0,0,0,0,0,0,0,0,0,0,26.8678,308.927,0,0.000220913,0.004509,
7,30,7,0,2.96379,0.221825,0,0,0,0.686679,0.760261,1.32062,0,0,0,5.95318,0,0,0,0,0.148156,0,0,0.0356628,0,0,0.183819,0,0,0,0,0,0,0,0,0,0,0,26.5598,308.927,0,0.000213331,0.004509,
7,30,8,0,3.92572,0.221825,0,0,0,0.56944,0.735811,1.11052,0,0,0,6.56332,0,0,0,0,0.0470024,0,0,0.0299892,0,0,0.0769916,0,0,0,0,0,0,0,0,0,0,0,22.7919,308.927,0,0.000101119,0.004509,
7,30,9,0,4.99331,0.221825,0,0,0,0.4857,0.718346,0.960451,0,0,0,7.37963,0,0,0,0,0.134417,0,0,0.0259366,0,0,0.160354,0,0,0,0,0,0,0,0,0,0,0,20.29,308.927,0,3.22407e-005,0.004509,
7,30,10,0,6.33346,0.221825,0,0,0,0.452204,0.721839,0.990466,0,0,0,8.71979,0,0,0,0,0.06896,0,0,0.0267471,0,0,0.0957071,0,0,0,0,0,0,0,0,0,0,0,19.9578,308.927,0,9.4316e-006,0.004509,
7,30,11,0,7.69729,0.221825,0,0,0,0.418708,0.721839,0.990466,0,0,0,10.0501,0,0,0,0,0.0921196,0,0,0.0267471,0,0,0.118867,0,0,0,0,0,0,0,0,0,0,0,19.9113,308.927,0,9.88171e-006,0.004509,
7,30,12,0,8.7587,0.221825,0,0,0,0.351715,0.718346,0.960451,0,0,0,11.011,0,0,0,0,0.103505,0,0,0.0259366,0,0,0.129442,0,0,0,0,0,0,0,0,0,0,0,20.148,308.927,0,9.5897e-006,0.004509,
7,30,13,0,8.79166,0.221825,0,0,0,0.351715,0.721839,0.990466,0,0,0,11.0775,0,0,0,0,0.0202763,0,0,0.0267471,0,0,0.0470234,0,0,0,0,0,0,0,0,0,0,0,19.92,308.927,0,1.17625e-005,0.004509,
7,30,14,0,10.1528,0.221825,0,0,0,0.351715,0.728825,1.0505,0,0,0,12.5056,0,0,0,0,0.166448,0,0,0.0283681,0,0,0.194816,0,0,0,0,0,0,0,0,0,0,0,19.8642,308.927,0,1.18572e-005,0.004509,
7,30,15,0,10.6384,0.221825,0,0,0,0.435454,0.735811,1.11052,0,0,0,13.1421,0,0,0,0,0.00771653,0,0,0.0299892,0,0,0.0377057,0,0,0,0,0,0,0,0,0,0,0,20.021,308.927,0,1.39973e-005,0.004509,
7,30,16,0,10.6485,0.221825,0,0,0,0.519197,0.760261,1.32062,0,0,0,13.4704,0,0,0,0,0.127708,0,0,0.0356628,0,0,0.163371,0,0,0,0,0,0,0,0,0,0,0,20.3912,308.927,0,2.57514e-005,0.004509,
7,30,17,0,10.7029,0.221825,0,0,0,0.736923,0.791698,1.59075,0,0,0,14.0441,0,0,0,0,0.0469966,0,0,0.0429574,0,0,0.089954,0,0,0,0,0,0,0,0,0,0,0,21.8256,308.927,0,7.85914e-005,0.004509,
7,30,18,0,10.7086,0.221825,0,0,0,1.40685,0.809163,1.74082,0,0,0,14.8872,0,0,0,0,0.116548,0,0,0.04701,0,0,0.163558,0,0,0,0,0,0,0,0,0,0,0,32.9707,308.927,0,0.000151493,0.004509,
7,30,19,0,9.73424,0.221825,0,0,0,1.9763,0.816149,1.80085,0,0,0,14.5494,0,0,0,0,0.0220659,0,0,0.0486311,0,0,0.070697,0,0,0,0,0,0,0,0,0,0,0,27.5434,308.927,0,0.000240448,0.004509,
7,30,20,0,8.11211,0.221825,0,0,0,1.89255,0.823135,1.86088,0.382647,0,0,13.2931,0,0,0,0,0.0508578,0,0,0.0502522,0,0,0.10111,0,0,0,0,0,0,0,0,0,0,0,29.454,308.927,0,0.000238994,0.004509,
7,30,21,0,6.21303,0.221825,0,0,0,1.60783,0.816149,1.80085,0.382647,0,0,11.0423,0,0,0,0,0.130426,0,0,0.0486311,0,0,0.179057,0,0,0,0,0,0,0,0,0,0,0,53.9297,308.927,0,0.000236543,0.004509,
7,30,22,0,4.61232,0.221825,0,0,0,1.05514,0.788205,1.56074,0.382647,0,0,8.62088,0,0,0,0,0.205773,0,0,0.042147,0,0,0.24792,0,0,0,0,0,0,0,0,0,0,0,27.0369,308.927,0,0.000227905,0.004509,
7,30,23,0,3.19365,0.221825,0,0,0,0.636433,0.763754,1.35064,0.382647,0,0,6.54894,0,0,0,0,0.101536,0,0,0.0364733,0,0,0.138009,0,0,0,0,0,0,0,0,0,0,0,26.8704,308.927,0,0.000222743,0.004509,
7,30,24,0,2.14362,0.221825,0,0,0,0.385211,0.735811,1.11052,0,0,0,4.59699,0,0,0,0,0,0,0,0.0299892,0,0,0.0299892,0,0,0,0,0,0,0,0,0,0,0,26.8396,308.927,0,0.000220529,0.004509,
7,31,1,0,1.68705,0.221825,0,0,0,0.318218,0.728825,1.0505,0,0,0,4.00641,0,0,0,0,0,0,0,0.0283681,0,0,0.0283681,0,0,0,0,0,0,0,0,0,0,0,27.1833,308.927,0,0.000227519,0.004509,
7,31,2,0,1.56084,0.221825,0,0,0,0.251224,0.725332,1.02048,0,0,0,3.7797,0,0,0,0,0.00908962,0,0,0.0275576,0,0,0.0366472,0,0,0,0,0,0,0,0,0,0,0,27.1545,308.927,0,0.00022703,0.004509,
7,31,3,0,1.36171,0.221825,0,0,0,0.28472,0.725332,1.02048,0,0,0,3.61407,0,0,0,0,0,0,0,0.0275576,0,0,0.0275576,0,0,0,0,0,0,0,0,0,0,0,27.166,308.927,0,0.000227075,0.004509,
7,31,4,0,1.27734,0.221825,0,0,0,0.351715,0.718346,0.960451,0,0,0,3.52968,0,0,0,0,0,0,0,0.0259366,0,0,0.0259366,0,0,0,0,0,0,0,0,0,0,0,27.1666,308.927,0,0.000227146,0.004509,
7,31,5,0,1.47521,0.221825,0,0,0,0.519197,0.732318,1.08051,0,0,0,4.02906,0,0,0,0,0.0079113,0,0,0.0291787,0,0,0.03709,0,0,0,0,0,0,0,0,0,0,0,27.1776,308.927,0,0.000227519,0.004509,
7,31,6,0,1.74339,0.221825,0,0,0,0.703426,0.753275,1.26059,0,0,0,4.68251,0,0,0,0,0.0395855,0,0,0.0340418,0,0,0.0736273,0,0,0,0,0,0,0,0,0,0,0,27.2005,308.927,0,0.000227815,0.004509,
7,31,7,0,1.7975,0.221825,0,0,0,0.686679,0.760261,1.32062,0,0,0,4.78689,0,0,0,0,0.0974422,0,0,0.0356628,0,0,0.133105,0,0,0,0,0,0,0,0,0,0,0,27.0834,308.927,0,0.000226418,0.004509,
7,31,8,0,1.89506,0.221825,0,0,0,0.56944,0.735811,1.11052,0,0,0,4.53266,0,0,0,0,0.239934,0,0,0.0299892,0,0,0.269923,0,0,0,0,0,0,0,0,0,0,0,26.6634,308.927,0,0.000216459,0.004509,
7,31,9,0,2.56279,0.221825,0,0,0,0.4857,0.718346,0.960451,0,0,0,4.94911,0,0,0,0,0.285408,0,0,0.0259366,0,0,0.311345,0,0,0,0,0,0,0,0,0,0,0,23.4319,308.927,0,9.96292e-005,0.004509,
7,31,10,0,2.94102,0.221825,0,0,0,0.452204,0.721839,0.990466,0,0,0,5.32735,0,0,0,0,0.0390252,0,0,0.0267471,0,0,0.0657723,0,0,0,0,0,0,0,0,0,0,0,21.8606,308.927,0,3.64042e-005,0.004509,
7,31,11,0,4.08306,0.221825,0,0,0,0.418708,0.721839,0.990466,0,0,0,6.4359,0,0,0,0,0.0847102,0,0,0.0267471,0,0,0.111457,0,0,0,0,0,0,0,0,0,0,0,21.2325,308.927,0,2.53234e-005,0.004509,
7,31,12,0,4.99522,0.221825,0,0,0,0.351715,0.718346,0.960451,0,0,0,7.24756,0,0,0,0,0.0906041,0,0,0.0259366,0,0,0.116541,0,0,0,0,0,0,0,0,0,0,0,21.1298,308.927,0,2.51341e-005,0.004509,
7,31,13,0,5.47056,0.221825,0,0,0,0.351715,0.721839,0.990466,0,0,0,7.7564,0,0,0,0,0.0267503,0,0,0.0267471,0,0,0.0534974,0,0,0,0,0,0,0,0,0,0,0,21.0239,308.927,0,2.33877e-005,0.004509,
7,31,14,0,6.24914,0.221825,0,0,0,0.351715,0.728825,1.0505,0,0,0,8.602,0,0,0,0,0.0220612,0,0,0.0283681,0,0,0.0504293,0,0,0,0,0,0,0,0,0,0,0,21.0474,308.927,0,2.4938e-005,0.004509,
7,31,15,0,6.32994,0.221825,0,0,0,0.435454,0.735811,1.11052,0,0,0,8.83355,0,0,0,0,0.00998242,0,0,0.0299892,0,0,0.0399716,0,0,0,0,0,0,0,0,0,0,0,21.2358,308.927,0,2.43637e-005,0.004509,
7,31,16,0,7.12325,0.221825,0,0,0,0.519197,0.760261,1.32062,0,0,0,9.94516,0,0,0,0,0.0828914,0,0,0.0356628,0,0,0.118554,0,0,0,0,0,0,0,0,0,0,0,21.4652,308.927,0,2.9401e-005,0.004509,
7,31,17,0,8.39083,0.221825,0,0,0,0.736923,0.791698,1.59075,0,0,0,11.732,0,0,0,0,0.112383,0,0,0.0429574,0,0,0.15534,0,0,0,0,0,0,0,0,0,0,0,22.1914,308.927,0,5.59864e-005,0.004509,
7,31,18,0,9.0658,0.221825,0,0,0,1.40685,0.809163,1.74082,0,0,0,13.2445,0,0,0,0,0.172547,0,0,0.04701,0,0,0.219557,0,0,0,0,0,0,0,0,0,0,0,25.3043,308.927,0,0.000151412,0.004509,
7,31,19,0,8.26883,0.221825,0,0,0,1.9763,0.816149,1.80085,0,0,0,13.0839,0,0,0,0,0.0741576,0,0,0.0486311,0,0,0.122789,0,0,0,0,0,0,0,0,0,0,0,27.7001,308.927,0,0.000240821,0.004509,
7,31,20,0,6.60192,0.221825,0,0,0,1.89255,0.823135,1.86088,0.382647,0,0,11.783,0,0,0,0,0.068651,0,0,0.0502522,0,0,0.118903,0,0,0,0,0,0,0,0,0,0,0,27.6759,308.927,0,0.000239576,0.004509,
7,31,21,0,5.30754,0.221825,0,0,0,1.60783,0.816149,1.80085,0.382647,0,0,10.1368,0,0,0,0,0.150978,0,0,0.0486311,0,0,0.199609,0,0,0,0,0,0,0,0,0,0,0,27.6104,308.927,0,0.000237291,0.004509,
7,31,22,0,3.8435,0.221825,0,0,0,1.05514,0.788205,1.56074,0.382647,0,0,7.85206,0,0,0,0,0.0405484,0,0,0.042147,0,0,0.0826954,0,0,0,0,0,0,0,0,0,0,0,27.4073,308.927,0,0.000231576,0.004509,
7,31,23,0,2.61369,0.221825,0,0,0,0.636433,0.763754,1.35064,0.382647,0,0,5.96898,0,0,0,0,0.0494096,0,0,0.0364733,0,0,0.0858829,0,0,0,0,0,0,0,0,0,0,0,27.3299,308.927,0,0.000229149,0.004509,
7,31,24,0,1.53604,0.221825,0,0,0,0.385211,0.735811,1.11052,0,0,0,3.98941,0,0,0,0,0.00937255,0,0,0.0299892,0,0,0.0393617,0,0,0,0,0,0,0,0,0,0,0,27.2246,308.927,0,0.00022809,0.004509,
8,1,1,0,0.88349,0.221825,0,0,0,0.318218,0.728825,1.0505,0,0,0,3.20285,0,0,0,0,0.000338511,0,0,0.0283681,0,0,0.0287066,0,0,0,0,0,0,0,0,0,0,0,26.958,308.505,0,0.000222032,0.004509,
8,1,2,0,0.39247,0.221825,0,0,0,0.251224,0.725332,1.02048,0,0,0,2.61133,0,0,0,0,0.0236538,0,0,0.0275576,0,0,0.0512114,0,0,0,0,0,0,0,0,0,0,0,26.9599,308.505,0,0.000222144,0.004509,
8,1,3,0,0.152723,0.221825,0,0,0,0.28472,0.725332,1.02048,0,0,0,2.40508,0,0,0,0,0.0160083,0,0,0.0275576,0,0,0.0435659,0,0,0,0,0,0,0,0,0,0,0,26.9606,308.505,0,0.000222195,0.004509,
8,1,4,0,0.024671,0.221825,0,0,0,0.351715,0.718346,0.960451,0,0,0,2.27701,0,0,0,0,0,0,0,0.0259366,0,0,0.0259366,0,0,0,0,0,0,0,0,0,0,0,26.9593,308.505,0,0.000222184,0.004509,
8,1,5,0,0,0.221825,0,0,0,0.519197,0.732318,1.08051,0,0,0,2.55385,0,0,0,0,0,0,0,0.0291787,0,0,0.0291787,0,0,0,0,0,0,0,0,0,0,0,26.9686,308.505,0,0.000222444,0.004509,
8,1,6,0,0,0.221825,0,0,0,0.703426,0.753275,1.26059,0,0,0,2.93912,0,0,0,0,0.0204057,0,0,0.0340418,0,0,0.0544475,0,0,0,0,0,0,0,0,0,0,0,26.9733,308.505,0,0.000222644,0.004509,
8,1,7,0,1.68111,0.221825,0,0,0,0.686679,0.760261,1.32062,0,0,0,4.6705,0,0,0,0,0.158029,0,0,0.0356628,0,0,0.193692,0,0,0,0,0,0,0,0,0,0,0,25.6655,308.505,0,0.0001858,0.004509,
8,1,8,0,3.03729,0.221825,0,0,0,0.56944,0.735811,1.11052,0,0,0,5.6749,0,0,0,0,0.0284028,0,0,0.0299892,0,0,0.058392,0,0,0,0,0,0,0,0,0,0,0,21.8716,308.505,0,4.26459e-005,0.004509,
8,1,9,0,4.11356,0.221825,0,0,0,0.4857,0.718346,0.960451,0,0,0,6.49989,0,0,0,0,0.246248,0,0,0.0259366,0,0,0.272185,0,0,0,0,0,0,0,0,0,0,0,20.3753,308.505,0,1.21883e-005,0.004509,
8,1,10,0,5.43235,0.221825,0,0,0,0.452204,0.721839,0.990466,0,0,0,7.81868,0,0,0,0,0.265987,0,0,0.0267471,0,0,0.292734,0,0,0,0,0,0,0,0,0,0,0,20.1599,308.505,0,6.74924e-006,0.004509,
8,1,11,0,6.65134,0.221825,0,0,0,0.418708,0.721839,0.990466,0,0,0,9.00418,0,0,0,0,0.0591532,0,0,0.0267471,0,0,0.0859003,0,0,0,0,0,0,0,0,0,0,0,19.7787,308.505,0,6.69025e-006,0.004509,
8,1,12,0,7.56157,0.221825,0,0,0,0.351715,0.718346,0.960451,0,0,0,9.8139,0,0,0,0,0.0635531,0,0,0.0259366,0,0,0.0894897,0,0,0,0,0,0,0,0,0,0,0,19.8101,308.505,0,6.79736e-006,0.004509,
8,1,13,0,8.40375,0.221825,0,0,0,0.351715,0.721839,0.990466,0,0,0,10.6896,0,0,0,0,0.109017,0,0,0.0267471,0,0,0.135764,0,0,0,0,0,0,0,0,0,0,0,20.1581,308.505,0,6.99523e-006,0.004509,
8,1,14,0,9.56559,0.221825,0,0,0,0.351715,0.728825,1.0505,0,0,0,11.9185,0,0,0,0,0.0493174,0,0,0.0283681,0,0,0.0776855,0,0,0,0,0,0,0,0,0,0,0,20.6337,308.505,0,1.29399e-005,0.004509,
8,1,15,0,10.3728,0.221825,0,0,0,0.435454,0.735811,1.11052,0,0,0,12.8764,0,0,0,0,0.0250071,0,0,0.0299892,0,0,0.0549963,0,0,0,0,0,0,0,0,0,0,0,20.1703,308.505,0,9.79003e-006,0.004509,
8,1,16,0,10.7161,0.221825,0,0,0,0.519197,0.760261,1.32062,0,0,0,13.538,0,0,0,0,0.0195997,0,0,0.0356628,0,0,0.0552625,0,0,0,0,0,0,0,0,0,0,0,20.7017,308.505,0,2.07844e-005,0.004509,
8,1,17,0,10.6589,0.221825,0,0,0,0.736923,0.791698,1.59075,0,0,0,14.0001,0,0,0,0,0.25967,0,0,0.0429574,0,0,0.302627,0,0,0,0,0,0,0,0,0,0,0,21.9209,308.505,0,5.5386e-005,0.004509,
8,1,18,0,10.4621,0.221825,0,0,0,1.40685,0.809163,1.74082,0,0,0,14.6408,0,0,0,0,0.23643,0,0,0.04701,0,0,0.28344,0,0,0,0,0,0,0,0,0,0,0,24.8222,308.505,0,0.00013407,0.004509,
8,1,19,0,9.40236,0.221825,0,0,0,1.9763,0.816149,1.80085,0,0,0,14.2175,0,0,0,0,0.0780864,0,0,0.0486311,0,0,0.126717,0,0,0,0,0,0,0,0,0,0,0,27.7098,308.505,0,0.000241267,0.004509,
8,1,20,0,7.46942,0.221825,0,0,0,1.89255,0.823135,1.86088,0.382647,0,0,12.6505,0,0,0,0,0.111626,0,0,0.0502522,0,0,0.161878,0,0,0,0,0,0,0,0,0,0,0,27.7895,308.505,0,0.000240259,0.004509,
8,1,21,0,5.481,0.221825,0,0,0,1.60783,0.816149,1.80085,0.382647,0,0,10.3103,0,0,0,0,0.0840161,0,0,0.0486311,0,0,0.132647,0,0,0,0,0,0,0,0,0,0,0,27.4298,308.505,0,0.000236488,0.004509,
8,1,22,0,3.73065,0.221825,0,0,0,1.05514,0.788205,1.56074,0.382647,0,0,7.7392,0,0,0,0,0.0167012,0,0,0.042147,0,0,0.0588482,0,0,0,0,0,0,0,0,0,0,0,27.07,308.505,0,0.000228112,0.004509,
8,1,23,0,2.38019,0.221825,0,0,0,0.636433,0.763754,1.35064,0.382647,0,0,5.73549,0,0,0,0,0.00282366,0,0,0.0364733,0,0,0.039297,0,0,0,0,0,0,0,0,0,0,0,26.9714,308.505,0,0.000222844,0.004509,
8,1,24,0,1.508,0.221825,0,0,0,0.385211,0.735811,1.11052,0,0,0,3.96137,0,0,0,0,0.00666261,0,0,0.0299892,0,0,0.0366518,0,0,0,0,0,0,0,0,0,0,0,26.9427,308.505,0,0.000222597,0.004509,
8,2,1,0,0.857737,0.221825,0,0,0,0.318218,0.728825,1.0505,0,0,0,3.1771,0,0,0,0,0.000729674,0,0,0.0283681,0,0,0.0290978,0,0,0,0,0,0,0,0,0,0,0,26.8881,308.505,0,0.000224957,0.004509,
8,2,2,0,0.321404,0.221825,0,0,0,0.251224,0.725332,1.02048,0,0,0,2.54027,0,0,0,0,0.0265206,0,0,0.0275576,0,0,0.0540782,0,0,0,0,0,0,0,0,0,0,0,26.7891,308.505,0,0.000224403,0.004509,
8,2,3,0,0.0792237,0.221825,0,0,0,0.28472,0.725332,1.02048,0,0,0,2.33158,0,0,0,0,0.0152683,0,0,0.0275576,0,0,0.0428259,0,0,0,0,0,0,0,0,0,0,0,26.777,308.505,0,0.000224006,0.004509,
8,2,4,0,0.00115438,0.221825,0,0,0,0.351715,0.718346,0.960451,0,0,0,2.25349,0,0,0,0,0.000729674,0,0,0.0259366,0,0,0.0266663,0,0,0,0,0,0,0,0,0,0,0,26.7817,308.505,0,0.000224051,0.004509,
8,2,5,0,0,0.221825,0,0,0,0.519197,0.732318,1.08051,0,0,0,2.55385,0,0,0,0,0.0200624,0,0,0.0291787,0,0,0.0492411,0,0,0,0,0,0,0,0,0,0,0,26.8784,308.505,0,0.000224599,0.004509,
8,2,6,0,0,0.221825,0,0,0,0.703426,0.753275,1.26059,0,0,0,2.93912,0,0,0,0,0.0275541,0,0,0.0340418,0,0,0.0615959,0,0,0,0,0,0,0,0,0,0,0,26.8996,308.505,0,0.000225397,0.004509,
8,2,7,0,1.08305,0.221825,0,0,0,0.686679,0.760261,1.32062,0,0,0,4.07243,0,0,0,0,0.0641538,0,0,0.0356628,0,0,0.0998166,0,0,0,0,0,0,0,0,0,0,0,25.4136,308.505,0,0.000174701,0.004509,
8,2,8,0,2.69326,0.221825,0,0,0,0.56944,0.735811,1.11052,0,0,0,5.33086,0,0,0,0,0.195527,0,0,0.0299892,0,0,0.225516,0,0,0,0,0,0,0,0,0,0,0,20.89,308.505,0,3.56741e-005,0.004509,
8,2,9,0,3.94997,0.221825,0,0,0,0.4857,0.718346,0.960451,0,0,0,6.3363,0,0,0,0,0.151108,0,0,0.0259366,0,0,0.177045,0,0,0,0,0,0,0,0,0,0,0,19.8147,308.505,0,1.95597e-005,0.004509,
8,2,10,0,5.70069,0.221825,0,0,0,0.452204,0.721839,0.990466,0,0,0,8.08702,0,0,0,0,0.131214,0,0,0.0267471,0,0,0.157961,0,0,0,0,0,0,0,0,0,0,0,19.3176,308.505,0,9.43779e-006,0.004509,
8,2,11,0,7.26817,0.221825,0,0,0,0.418708,0.721839,0.990466,0,0,0,9.62101,0,0,0,0,0.143081,0,0,0.0267471,0,0,0.169828,0,0,0,0,0,0,0,0,0,0,0,19.7594,308.505,0,5.33022e-006,0.004509,
8,2,12,0,8.0973,0.221825,0,0,0,0.351715,0.718346,0.960451,0,0,0,10.3496,0,0,0,0,0.100828,0,0,0.0259366,0,0,0.126765,0,0,0,0,0,0,0,0,0,0,0,20.0436,308.505,0,5.62132e-006,0.004509,
8,2,13,0,9.11989,0.221825,0,0,0,0.351715,0.721839,0.990466,0,0,0,11.4057,0,0,0,0,0.0636609,0,0,0.0267471,0,0,0.090408,0,0,0,0,0,0,0,0,0,0,0,19.5747,308.505,0,3.61632e-006,0.004509,
8,2,14,0,10.3798,0.221825,0,0,0,0.351715,0.728825,1.0505,0,0,0,12.7327,0,0,0,0,0.151459,0,0,0.0283681,0,0,0.179827,0,0,0,0,0,0,0,0,0,0,0,19.5762,308.505,0,3.64783e-006,0.004509,
8,2,15,0,11.1028,0.221825,0,0,0,0.435454,0.735811,1.11052,0,0,0,13.6065,0,0,0,0,0.0885253,0,0,0.0299892,0,0,0.118514,0,0,0,0,0,0,0,0,0,0,0,19.542,308.505,0,4.02392e-006,0.004509,
8,2,16,0,11.4438,0.221825,0,0,0,0.519197,0.760261,1.32062,0,0,0,14.2657,0,0,0,0,0.189944,0,0,0.0356628,0,0,0.225607,0,0,0,0,0,0,0,0,0,0,0,19.774,308.505,0,9.72295e-006,0.004509,
8,2,17,0,11.2987,0.221825,0,0,0,0.736923,0.791698,1.59075,0,0,0,14.6399,0,0,0,0,0.167327,0,0,0.0429574,0,0,0.210284,0,0,0,0,0,0,0,0,0,0,0,20.6705,308.505,0,3.86796e-005,0.004509,
8,2,18,0,10.9437,0.221825,0,0,0,1.40685,0.809163,1.74082,0,0,0,15.1224,0,0,0,0,0.0519973,0,0,0.04701,0,0,0.0990073,0,0,0,0,0,0,0,0,0,0,0,37.1505,308.505,0,0.000120782,0.004509,
8,2,19,0,9.7147,0.221825,0,0,0,1.9763,0.816149,1.80085,0,0,0,14.5298,0,0,0,0,0.0888696,0,0,0.0486311,0,0,0.137501,0,0,0,0,0,0,0,0,0,0,0,27.1761,308.505,0,0.000232772,0.004509,
8,2,20,0,8.02717,0.221825,0,0,0,1.89255,0.823135,1.86088,0.382647,0,0,13.2082,0,0,0,0,0.14235,0,0,0.0502522,0,0,0.192602,0,0,0,0,0,0,0,0,0,0,0,27.1343,308.505,0,0.000233464,0.004509,
8,2,21,0,5.64823,0.221825,0,0,0,1.60783,0.816149,1.80085,0.382647,0,0,10.4775,0,0,0,0,0.0831476,0,0,0.0486311,0,0,0.131779,0,0,0,0,0,0,0,0,0,0,0,26.9879,308.505,0,0.000229328,0.004509,
8,2,22,0,3.98771,0.221825,0,0,0,1.05514,0.788205,1.56074,0.382647,0,0,7.99627,0,0,0,0,0.0199745,0,0,0.042147,0,0,0.0621215,0,0,0,0,0,0,0,0,0,0,0,26.9323,308.505,0,0.000227848,0.004509,
8,2,23,0,2.66793,0.221825,0,0,0,0.636433,0.763754,1.35064,0.382647,0,0,6.02323,0,0,0,0,0.062045,0,0,0.0364733,0,0,0.0985183,0,0,0,0,0,0,0,0,0,0,0,26.8091,308.505,0,0.000223255,0.004509,
8,2,24,0,1.79433,0.221825,0,0,0,0.385211,0.735811,1.11052,0,0,0,4.2477,0,0,0,0,0.000644172,0,0,0.0299892,0,0,0.0306334,0,0,0,0,0,0,0,0,0,0,0,26.7876,308.505,0,0.000222271,0.004509,
8,3,1,0,1.12704,0.221825,0,0,0,0.318218,0.728825,1.0505,0,0,0,3.4464,0,0,0,0,0.000306495,0,0,0.0283681,0,0,0.0286746,0,0,0,0,0,0,0,0,0,0,0,27.1098,308.505,0,0.000233048,0.004509,
8,3,2,0,0.484824,0.221825,0,0,0,0.251224,0.725332,1.02048,0,0,0,2.70369,0,0,0,0,0,0,0,0.0275576,0,0,0.0275576,0,0,0,0,0,0,0,0,0,0,0,27.0282,308.505,0,0.000230367,0.004509,
8,3,3,0,0.21464,0.221825,0,0,0,0.28472,0.725332,1.02048,0,0,0,2.467,0,0,0,0,0,0,0,0.0275576,0,0,0.0275576,0,0,0,0,0,0,0,0,0,0,0,27.1436,308.505,0,0.000232427,0.004509,
8,3,4,0,0.099235,0.221825,0,0,0,0.351715,0.718346,0.960451,0,0,0,2.35157,0,0,0,0,0.00442772,0,0,0.0259366,0,0,0.0303643,0,0,0,0,0,0,0,0,0,0,0,27.209,308.505,0,0.000236495,0.004509,
8,3,5,0,0.0780558,0.221825,0,0,0,0.519197,0.732318,1.08051,0,0,0,2.63191,0,0,0,0,0.0464472,0,0,0.0291787,0,0,0.0756259,0,0,0,0,0,0,0,0,0,0,0,27.2293,308.505,0,0.000237289,0.004509,
8,3,6,0,0.247576,0.221825,0,0,0,0.703426,0.753275,1.26059,0,0,0,3.1867,0,0,0,0,0.00732319,0,0,0.0340418,0,0,0.041365,0,0,0,0,0,0,0,0,0,0,0,27.2459,308.505,0,0.000237478,0.004509,
8,3,7,0,1.72586,0.221825,0,0,0,0.686679,0.760261,1.32062,0,0,0,4.71525,0,0,0,0,0.222772,0,0,0.0356628,0,0,0.258435,0,0,0,0,0,0,0,0,0,0,0,25.1337,308.505,0,0.000173133,0.004509,
8,3,8,0,3.25023,0.221825,0,0,0,0.56944,0.735811,1.11052,0,0,0,5.88783,0,0,0,0,0.16394,0,0,0.0299892,0,0,0.193929,0,0,0,0,0,0,0,0,0,0,0,21.0329,308.505,0,3.43372e-005,0.004509,
8,3,9,0,4.53823,0.221825,0,0,0,0.4857,0.718346,0.960451,0,0,0,6.92455,0,0,0,0,0.178135,0,0,0.0259366,0,0,0.204072,0,0,0,0,0,0,0,0,0,0,0,19.917,308.505,0,1.17805e-005,0.004509,
8,3,10,0,5.75069,0.221825,0,0,0,0.452204,0.721839,0.990466,0,0,0,8.13702,0,0,0,0,0.0917053,0,0,0.0267471,0,0,0.118452,0,0,0,0,0,0,0,0,0,0,0,19.6763,308.505,0,1.0633e-005,0.004509,
8,3,11,0,7.13617,0.221825,0,0,0,0.418708,0.721839,0.990466,0,0,0,9.489,0,0,0,0,0.0306065,0,0,0.0267471,0,0,0.0573536,0,0,0,0,0,0,0,0,0,0,0,20.0055,308.505,0,4.84025e-006,0.004509,
8,3,12,0,8.1278,0.221825,0,0,0,0.351715,0.718346,0.960451,0,0,0,10.3801,0,0,0,0,0.139272,0,0,0.0259366,0,0,0.165209,0,0,0,0,0,0,0,0,0,0,0,19.7025,308.505,0,3.11831e-006,0.004509,
8,3,13,0,8.46447,0.221825,0,0,0,0.351715,0.721839,0.990466,0,0,0,10.7503,0,0,0,0,0.0547156,0,0,0.0267471,0,0,0.0814627,0,0,0,0,0,0,0,0,0,0,0,19.687,308.505,0,1.05668e-005,0.004509,
8,3,14,0,9.28995,0.221825,0,0,0,0.351715,0.728825,1.0505,0,0,0,11.6428,0,0,0,0,0.222233,0,0,0.0283681,0,0,0.250601,0,0,0,0,0,0,0,0,0,0,0,19.8372,308.505,0,3.24624e-006,0.004509,
8,3,15,0,10.0247,0.221825,0,0,0,0.435454,0.735811,1.11052,0,0,0,12.5283,0,0,0,0,0.0667376,0,0,0.0299892,0,0,0.0967268,0,0,0,0,0,0,0,0,0,0,0,20.0105,308.505,0,5.0108e-006,0.004509,
8,3,16,0,10.0621,0.221825,0,0,0,0.519197,0.760261,1.32062,0,0,0,12.884,0,0,0,0,0.183025,0,0,0.0356628,0,0,0.218688,0,0,0,0,0,0,0,0,0,0,0,19.9032,308.505,0,1.06173e-005,0.004509,
8,3,17,0,9.84724,0.221825,0,0,0,0.736923,0.791698,1.59075,0,0,0,13.1884,0,0,0,0,0.273999,0,0,0.0429574,0,0,0.316956,0,0,0,0,0,0,0,0,0,0,0,20.8312,308.505,0,4.25702e-005,0.004509,
8,3,18,0,9.55846,0.221825,0,0,0,1.40685,0.809163,1.74082,0,0,0,13.7371,0,0,0,0,0.167614,0,0,0.04701,0,0,0.214624,0,0,0,0,0,0,0,0,0,0,0,43.8465,308.505,0,0.000133546,0.004509,
8,3,19,0,8.48404,0.221825,0,0,0,1.9763,0.816149,1.80085,0,0,0,13.2992,0,0,0,0,0.184681,0,0,0.0486311,0,0,0.233312,0,0,0,0,0,0,0,0,0,0,0,27.7818,308.505,0,0.000250138,0.004509,
8,3,20,0,6.33431,0.221825,0,0,0,1.89255,0.823135,1.86088,0.382647,0,0,11.5153,0,0,0,0,0.0817825,0,0,0.0502522,0,0,0.132035,0,0,0,0,0,0,0,0,0,0,0,27.6765,308.505,0,0.000247084,0.004509,
8,3,21,0,4.91562,0.221825,0,0,0,1.60783,0.816149,1.80085,0.382647,0,0,9.74492,0,0,0,0,0.197599,0,0,0.0486311,0,0,0.24623,0,0,0,0,0,0,0,0,0,0,0,27.5882,308.505,0,0.000244625,0.004509,
8,3,22,0,3.75242,0.221825,0,0,0,1.05514,0.788205,1.56074,0.382647,0,0,7.76097,0,0,0,0,0.0437828,0,0,0.042147,0,0,0.0859298,0,0,0,0,0,0,0,0,0,0,0,27.4895,308.505,0,0.000241215,0.004509,
8,3,23,0,2.82193,0.221825,0,0,0,0.636433,0.763754,1.35064,0.382647,0,0,6.17723,0,0,0,0,0.0556679,0,0,0.0364733,0,0,0.0921412,0,0,0,0,0,0,0,0,0,0,0,27.4111,308.505,0,0.000239741,0.004509,
8,3,24,0,2.09569,0.221825,0,0,0,0.385211,0.735811,1.11052,0,0,0,4.54906,0,0,0,0,0,0,0,0.0299892,0,0,0.0299892,0,0,0,0,0,0,0,0,0,0,0,27.3973,308.505,0,0.000238414,0.004509,
8,4,1,0,1.60586,0.221825,0,0,0,0.318218,0.728825,1.0505,0,0,0,3.92522,0,0,0,0,0.0507867,0,0,0.0283681,0,0,0.0791548,0,0,0,0,0,0,0,0,0,0,0,27.6763,308.505,0,0.000246218,0.004509,
8,4,2,0,1.32082,0.221825,0,0,0,0.251224,0.725332,1.02048,0,0,0,3.53968,0,0,0,0,0.0235504,0,0,0.0275576,0,0,0.051108,0,0,0,0,0,0,0,0,0,0,0,27.6682,308.505,0,0.000245971,0.004509,
8,4,3,0,1.19553,0.221825,0,0,0,0.28472,0.725332,1.02048,0,0,0,3.44789,0,0,0,0,0.000400007,0,0,0.0275576,0,0,0.0279576,0,0,0,0,0,0,0,0,0,0,0,27.6693,308.505,0,0.000245976,0.004509,
8,4,4,0,1.0135,0.221825,0,0,0,0.351715,0.718346,0.960451,0,0,0,3.26584,0,0,0,0,0.00369192,0,0,0.0259366,0,0,0.0296285,0,0,0,0,0,0,0,0,0,0,0,27.6696,308.505,0,0.000246023,0.004509,
8,4,5,0,0.940506,0.221825,0,0,0,0.519197,0.732318,1.08051,0,0,0,3.49436,0,0,0,0,0.00473706,0,0,0.0291787,0,0,0.0339158,0,0,0,0,0,0,0,0,0,0,0,27.6981,308.505,0,0.000246102,0.004509,
8,4,6,0,1.08795,0.221825,0,0,0,0.703426,0.753275,1.26059,0,0,0,4.02707,0,0,0,0,0.0863442,0,0,0.0340418,0,0,0.120386,0,0,0,0,0,0,0,0,0,0,0,27.7206,308.505,0,0.000246796,0.004509,
8,4,7,0,1.43005,0.221825,0,0,0,0.686679,0.760261,1.32062,0,0,0,4.41943,0,0,0,0,0.234602,0,0,0.0356628,0,0,0.270265,0,0,0,0,0,0,0,0,0,0,0,27.1086,308.505,0,0.000222683,0.004509,
8,4,8,0,2.2503,0.221825,0,0,0,0.56944,0.735811,1.11052,0,0,0,4.88791,0,0,0,0,0.287984,0,0,0.0299892,0,0,0.317973,0,0,0,0,0,0,0,0,0,0,0,23.2909,308.505,0,8.78313e-005,0.004509,
8,4,9,0,2.84409,0.221825,0,0,0,0.4857,0.718346,0.960451,0,0,0,5.23041,0,0,0,0,0.120399,0,0,0.0259366,0,0,0.146336,0,0,0,0,0,0,0,0,0,0,0,21.0951,308.505,0,3.09131e-005,0.004509,
8,4,10,0,4.04479,0.221825,0,0,0,0.452204,0.721839,0.990466,0,0,0,6.43113,0,0,0,0,0.100012,0,0,0.0267471,0,0,0.126759,0,0,0,0,0,0,0,0,0,0,0,20.7501,308.505,0,2.93251e-005,0.004509,
8,4,11,0,5.86728,0.221825,0,0,0,0.418708,0.721839,0.990466,0,0,0,8.22012,0,0,0,0,0.0139888,0,0,0.0267471,0,0,0.0407359,0,0,0,0,0,0,0,0,0,0,0,21.0224,308.505,0,2.1348e-005,0.004509,
8,4,12,0,6.9663,0.221825,0,0,0,0.351715,0.718346,0.960451,0,0,0,9.21864,0,0,0,0,0.112981,0,0,0.0259366,0,0,0.138918,0,0,0,0,0,0,0,0,0,0,0,20.7477,308.505,0,1.9902e-005,0.004509,
8,4,13,0,7.96535,0.221825,0,0,0,0.351715,0.721839,0.990466,0,0,0,10.2512,0,0,0,0,0.0472474,0,0,0.0267471,0,0,0.0739945,0,0,0,0,0,0,0,0,0,0,0,20.7394,308.505,0,3.19363e-005,0.004509,
8,4,14,0,8.28608,0.221825,0,0,0,0.351715,0.728825,1.0505,0,0,0,10.6389,0,0,0,0,0.0707459,0,0,0.0283681,0,0,0.099114,0,0,0,0,0,0,0,0,0,0,0,20.7071,308.505,0,2.15585e-005,0.004509,
8,4,15,0,8.54979,0.221825,0,0,0,0.435454,0.735811,1.11052,0,0,0,11.0534,0,0,0,0,0.140242,0,0,0.0299892,0,0,0.170231,0,0,0,0,0,0,0,0,0,0,0,20.9374,308.505,0,2.2554e-005,0.004509,
8,4,16,0,9.31422,0.221825,0,0,0,0.519197,0.760261,1.32062,0,0,0,12.1361,0,0,0,0,0.0330745,0,0,0.0356628,0,0,0.0687373,0,0,0,0,0,0,0,0,0,0,0,21.0375,308.505,0,3.12481e-005,0.004509,
8,4,17,0,8.50482,0.221825,0,0,0,0.736923,0.791698,1.59075,0,0,0,11.846,0,0,0,0,0.0518788,0,0,0.0429574,0,0,0.0948362,0,0,0,0,0,0,0,0,0,0,0,22.5722,308.505,0,8.97517e-005,0.004509,
8,4,18,0,8.13332,0.221825,0,0,0,1.40685,0.809163,1.74082,0,0,0,12.312,0,0,0,0,0.246494,0,0,0.04701,0,0,0.293504,0,0,0,0,0,0,0,0,0,0,0,26.4418,308.505,0,0.000191555,0.004509,
8,4,19,0,7.3036,0.221825,0,0,0,1.9763,0.816149,1.80085,0,0,0,12.1187,0,0,0,0,0.167429,0,0,0.0486311,0,0,0.21606,0,0,0,0,0,0,0,0,0,0,0,28.4913,308.505,0,0.000273137,0.004509,
8,4,20,0,5.99338,0.221825,0,0,0,1.89255,0.823135,1.86088,0.382647,0,0,11.1744,0,0,0,0,0.321635,0,0,0.0502522,0,0,0.371887,0,0,0,0,0,0,0,0,0,0,0,28.468,308.505,0,0.000271355,0.004509,
8,4,21,0,4.55644,0.221825,0,0,0,1.60783,0.816149,1.80085,0.382647,0,0,9.38574,0,0,0,0,0.255995,0,0,0.0486311,0,0,0.304626,0,0,0,0,0,0,0,0,0,0,0,28.2246,308.505,0,0.000267586,0.004509,
8,4,22,0,3.25373,0.221825,0,0,0,1.05514,0.788205,1.56074,0.382647,0,0,7.26228,0,0,0,0,0.260353,0,0,0.042147,0,0,0.3025,0,0,0,0,0,0,0,0,0,0,0,27.9095,308.505,0,0.00025564,0.004509,
8,4,23,0,2.56641,0.221825,0,0,0,0.636433,0.763754,1.35064,0.382647,0,0,5.9217,0,0,0,0,0.00192126,0,0,0.0364733,0,0,0.0383946,0,0,0,0,0,0,0,0,0,0,0,27.7704,308.505,0,0.000252256,0.004509,
8,4,24,0,2.10002,0.221825,0,0,0,0.385211,0.735811,1.11052,0,0,0,4.55339,0,0,0,0,0,0,0,0.0299892,0,0,0.0299892,0,0,0,0,0,0,0,0,0,0,0,27.7045,308.505,0,0.000251232,0.004509,
8,5,1,0,1.61288,0.221825,0,0,0,0.318218,0.728825,1.0505,0,0,0,3.93225,0,0,0,0,0,0,0,0.0283681,0,0,0.0283681,0,0,0,0,0,0,0,0,0,0,0,27.7152,308.505,0,0.000249851,0.004509,
8,5,2,0,1.3243,0.221825,0,0,0,0.251224,0.725332,1.02048,0,0,0,3.54316,0,0,0,0,0.00776539,0,0,0.0275576,0,0,0.035323,0,0,0,0,0,0,0,0,0,0,0,27.7193,308.505,0,0.000249935,0.004509,
8,5,3,0,1.09904,0.221825,0,0,0,0.28472,0.725332,1.02048,0,0,0,3.3514,0,0,0,0,0,0,0,0.0275576,0,0,0.0275576,0,0,0,0,0,0,0,0,0,0,0,27.7219,308.505,0,0.000250031,0.004509,
8,5,4,0,0.768317,0.221825,0,0,0,0.351715,0.718346,0.960451,0,0,0,3.02065,0,0,0,0,0,0,0,0.0259366,0,0,0.0259366,0,0,0,0,0,0,0,0,0,0,0,27.7423,308.505,0,0.000250121,0.004509,
8,5,5,0,0.893768,0.221825,0,0,0,0.519197,0.732318,1.08051,0,0,0,3.44762,0,0,0,0,0.0353194,0,0,0.0291787,0,0,0.0644981,0,0,0,0,0,0,0,0,0,0,0,27.7541,308.505,0,0.000250615,0.004509,
8,5,6,0,1.65612,0.221825,0,0,0,0.703426,0.753275,1.26059,0,0,0,4.59524,0,0,0,0,0.0634698,0,0,0.0340418,0,0,0.0975116,0,0,0,0,0,0,0,0,0,0,0,27.7725,308.505,0,0.000251275,0.004509,
8,5,7,0,2.93953,0.221825,0,0,0,0.686679,0.760261,1.32062,0,0,0,5.92892,0,0,0,0,0.270647,0,0,0.0356628,0,0,0.30631,0,0,0,0,0,0,0,0,0,0,0,27.6572,308.505,0,0.000248069,0.004509,
8,5,8,0,3.94605,0.221825,0,0,0,0.56944,0.735811,1.11052,0,0,0,6.58365,0,0,0,0,0.255178,0,0,0.0299892,0,0,0.285167,0,0,0,0,0,0,0,0,0,0,0,25.6241,308.505,0,0.000172779,0.004509,
8,5,9,0,4.70535,0.221825,0,0,0,0.4857,0.718346,0.960451,0,0,0,7.09167,0,0,0,0,0.215104,0,0,0.0259366,0,0,0.241041,0,0,0,0,0,0,0,0,0,0,0,21.9565,308.505,0,6.0186e-005,0.004509,
8,5,10,0,5.7972,0.221825,0,0,0,0.452204,0.721839,0.990466,0,0,0,8.18353,0,0,0,0,0.108789,0,0,0.0267471,0,0,0.135536,0,0,0,0,0,0,0,0,0,0,0,21.6542,308.505,0,4.87306e-005,0.004509,
8,5,11,0,6.87204,0.221825,0,0,0,0.418708,0.721839,0.990466,0,0,0,9.22487,0,0,0,0,0.0750022,0,0,0.0267471,0,0,0.101749,0,0,0,0,0,0,0,0,0,0,0,21.5406,308.505,0,5.69083e-005,0.004509,
8,5,12,0,7.47106,0.221825,0,0,0,0.351715,0.718346,0.960451,0,0,0,9.72339,0,0,0,0,0.00644514,0,0,0.0259366,0,0,0.0323817,0,0,0,0,0,0,0,0,0,0,0,21.5703,308.505,0,4.78014e-005,0.004509,
8,5,13,0,8.35311,0.221825,0,0,0,0.351715,0.721839,0.990466,0,0,0,10.639,0,0,0,0,0.00359751,0,0,0.0267471,0,0,0.0303446,0,0,0,0,0,0,0,0,0,0,0,21.5279,308.505,0,4.50657e-005,0.004509,
8,5,14,0,9.65448,0.221825,0,0,0,0.351715,0.728825,1.0505,0,0,0,12.0073,0,0,0,0,0.230407,0,0,0.0283681,0,0,0.258775,0,0,0,0,0,0,0,0,0,0,0,21.4816,308.505,0,4.67668e-005,0.004509,
8,5,15,0,9.64549,0.221825,0,0,0,0.435454,0.735811,1.11052,0,0,0,12.1491,0,0,0,0,0.173483,0,0,0.0299892,0,0,0.203472,0,0,0,0,0,0,0,0,0,0,0,21.5375,308.505,0,4.8235e-005,0.004509,
8,5,16,0,9.66776,0.221825,0,0,0,0.519197,0.760261,1.32062,0,0,0,12.4897,0,0,0,0,0.0472489,0,0,0.0356628,0,0,0.0829117,0,0,0,0,0,0,0,0,0,0,0,21.845,308.505,0,5.94352e-005,0.004509,
8,5,17,0,9.94756,0.221825,0,0,0,0.736923,0.791698,1.59075,0,0,0,13.2888,0,0,0,0,0.0432936,0,0,0.0429574,0,0,0.086251,0,0,0,0,0,0,0,0,0,0,0,23.9279,308.505,0,0.000125916,0.004509,
8,5,18,0,9.89727,0.221825,0,0,0,1.40685,0.809163,1.74082,0,0,0,14.0759,0,0,0,0,0.176668,0,0,0.04701,0,0,0.223678,0,0,0,0,0,0,0,0,0,0,0,27.954,308.505,0,0.000252182,0.004509,
8,5,19,0,8.94135,0.221825,0,0,0,1.9763,0.816149,1.80085,0,0,0,13.7565,0,0,0,0,0.212051,0,0,0.0486311,0,0,0.260682,0,0,0,0,0,0,0,0,0,0,0,28.6343,308.505,0,0.000272309,0.004509,
8,5,20,0,6.57705,0.221825,0,0,0,1.89255,0.823135,1.86088,0.382647,0,0,11.7581,0,0,0,0,0.0940726,0,0,0.0502522,0,0,0.144325,0,0,0,0,0,0,0,0,0,0,0,28.6075,308.505,0,0.00027091,0.004509,
8,5,21,0,4.98979,0.221825,0,0,0,1.60783,0.816149,1.80085,0.382647,0,0,9.81909,0,0,0,0,0.0179142,0,0,0.0486311,0,0,0.0665453,0,0,0,0,0,0,0,0,0,0,0,28.5121,308.505,0,0.000268428,0.004509,
8,5,22,0,3.89005,0.221825,0,0,0,1.05514,0.788205,1.56074,0.382647,0,0,7.8986,0,0,0,0,0,0,0,0.042147,0,0,0.042147,0,0,0,0,0,0,0,0,0,0,0,28.0475,308.505,0,0.000257058,0.004509,
8,5,23,0,2.92729,0.221825,0,0,0,0.636433,0.763754,1.35064,0.382647,0,0,6.28258,0,0,0,0,0.0272633,0,0,0.0364733,0,0,0.0637366,0,0,0,0,0,0,0,0,0,0,0,27.7891,308.505,0,0.000251378,0.004509,
8,5,24,0,2.2442,0.221825,0,0,0,0.385211,0.735811,1.11052,0,0,0,4.69757,0,0,0,0,0.00191024,0,0,0.0299892,0,0,0.0318994,0,0,0,0,0,0,0,0,0,0,0,27.743,308.505,0,0.000250582,0.004509,
8,6,1,0,1.81758,0.221825,0,0,0,0.318218,0.728825,1.0505,0,0,0,4.13695,0,0,0,0,0.000332489,0,0,0.0283681,0,0,0.0287006,0,0,0,0,0,0,0,0,0,0,0,27.6477,308.505,0,0.0002491,0.004509,
8,6,2,0,1.36809,0.221825,0,0,0,0.251224,0.725332,1.02048,0,0,0,3.58696,0,0,0,0,0.00280402,0,0,0.0275576,0,0,0.0303616,0,0,0,0,0,0,0,0,0,0,0,27.6468,308.505,0,0.000248212,0.004509,
8,6,3,0,1.10355,0.221825,0,0,0,0.28472,0.725332,1.02048,0,0,0,3.35591,0,0,0,0,0.0118039,0,0,0.0275576,0,0,0.0393615,0,0,0,0,0,0,0,0,0,0,0,27.6437,308.505,0,0.000248265,0.004509,
8,6,4,0,0.816923,0.221825,0,0,0,0.351715,0.718346,0.960451,0,0,0,3.06926,0,0,0,0,0.0147088,0,0,0.0259366,0,0,0.0406454,0,0,0,0,0,0,0,0,0,0,0,27.5699,308.505,0,0.000248518,0.004509,
8,6,5,0,0.724367,0.221825,0,0,0,0.519197,0.732318,1.08051,0,0,0,3.27822,0,0,0,0,0.0160722,0,0,0.0291787,0,0,0.0452509,0,0,0,0,0,0,0,0,0,0,0,27.6454,308.505,0,0.000249531,0.004509,
8,6,6,0,1.41377,0.221825,0,0,0,0.703426,0.753275,1.26059,0,0,0,4.35289,0,0,0,0,0.201041,0,0,0.0340418,0,0,0.235083,0,0,0,0,0,0,0,0,0,0,0,27.6663,308.505,0,0.000250151,0.004509,
8,6,7,0,2.7003,0.221825,0,0,0,0.686679,0.760261,1.32062,0,0,0,5.68969,0,0,0,0,0.321242,0,0,0.0356628,0,0,0.356905,0,0,0,0,0,0,0,0,0,0,0,27.2777,308.505,0,0.000235747,0.004509,
8,6,8,0,3.7624,0.221825,0,0,0,0.56944,0.735811,1.11052,0,0,0,6.4,0,0,0,0,0.0872789,0,0,0.0299892,0,0,0.117268,0,0,0,0,0,0,0,0,0,0,0,24.8602,308.505,0,0.000149805,0.004509,
8,6,9,0,4.71766,0.221825,0,0,0,0.4857,0.718346,0.960451,0,0,0,7.10399,0,0,0,0,0.33265,0,0,0.0259366,0,0,0.358587,0,0,0,0,0,0,0,0,0,0,0,21.9189,308.505,0,6.35394e-005,0.004509,
8,6,10,0,5.90329,0.221825,0,0,0,0.452204,0.721839,0.990466,0,0,0,8.28962,0,0,0,0,0.247888,0,0,0.0267471,0,0,0.274635,0,0,0,0,0,0,0,0,0,0,0,21.6328,308.505,0,5.33932e-005,0.004509,
8,6,11,0,6.76402,0.221825,0,0,0,0.418708,0.721839,0.990466,0,0,0,9.11686,0,0,0,0,0.0295346,0,0,0.0267471,0,0,0.0562817,0,0,0,0,0,0,0,0,0,0,0,21.6996,308.505,0,5.41129e-005,0.004509,
8,6,12,0,7.506,0.221825,0,0,0,0.351715,0.718346,0.960451,0,0,0,9.75834,0,0,0,0,0.0471169,0,0,0.0259366,0,0,0.0730535,0,0,0,0,0,0,0,0,0,0,0,21.6314,308.505,0,5.23767e-005,0.004509,
8,6,13,0,8.51388,0.221825,0,0,0,0.351715,0.721839,0.990466,0,0,0,10.7997,0,0,0,0,0.0899778,0,0,0.0267471,0,0,0.116725,0,0,0,0,0,0,0,0,0,0,0,21.6591,308.505,0,5.11215e-005,0.004509,
8,6,14,0,9.61469,0.221825,0,0,0,0.351715,0.728825,1.0505,0,0,0,11.9675,0,0,0,0,0.0315214,0,0,0.0283681,0,0,0.0598895,0,0,0,0,0,0,0,0,0,0,0,21.7053,308.505,0,5.15752e-005,0.004509,
8,6,15,0,10.4126,0.221825,0,0,0,0.435454,0.735811,1.11052,0,0,0,12.9162,0,0,0,0,0.0238235,0,0,0.0299892,0,0,0.0538127,0,0,0,0,0,0,0,0,0,0,0,21.8185,308.505,0,5.31721e-005,0.004509,
8,6,16,0,10.6664,0.221825,0,0,0,0.519197,0.760261,1.32062,0,0,0,13.4883,0,0,0,0,0.0498083,0,0,0.0356628,0,0,0.0854711,0,0,0,0,0,0,0,0,0,0,0,22.1473,308.505,0,6.51839e-005,0.004509,
8,6,17,0,10.4481,0.221825,0,0,0,0.736923,0.791698,1.59075,0,0,0,13.7893,0,0,0,0,0.0557639,0,0,0.0429574,0,0,0.0987213,0,0,0,0,0,0,0,0,0,0,0,23.5752,308.505,0,0.000112986,0.004509,
8,6,18,0,10.0624,0.221825,0,0,0,1.40685,0.809163,1.74082,0,0,0,14.2411,0,0,0,0,0.265236,0,0,0.04701,0,0,0.312246,0,0,0,0,0,0,0,0,0,0,0,38.7187,308.505,0,0.000266643,0.004509,
8,6,19,0,9.21442,0.221825,0,0,0,1.9763,0.816149,1.80085,0,0,0,14.0295,0,0,0,0,0.121575,0,0,0.0486311,0,0,0.170206,0,0,0,0,0,0,0,0,0,0,0,28.8638,308.505,0,0.000277792,0.004509,
8,6,20,0,7.45478,0.221825,0,0,0,1.89255,0.823135,1.86088,0.382647,0,0,12.6358,0,0,0,0,0.0917049,0,0,0.0502522,0,0,0.141957,0,0,0,0,0,0,0,0,0,0,0,31.9704,308.505,0,0.000276367,0.004509,
8,6,21,0,5.40041,0.221825,0,0,0,1.60783,0.816149,1.80085,0.382647,0,0,10.2297,0,0,0,0,0.0485955,0,0,0.0486311,0,0,0.0972266,0,0,0,0,0,0,0,0,0,0,0,28.5999,308.505,0,0.000270537,0.004509,
8,6,22,0,4.08108,0.221825,0,0,0,1.05514,0.788205,1.56074,0.382647,0,0,8.08964,0,0,0,0,0.0778107,0,0,0.042147,0,0,0.119958,0,0,0,0,0,0,0,0,0,0,0,28.0153,308.505,0,0.000258166,0.004509,
8,6,23,0,3.36622,0.221825,0,0,0,0.636433,0.763754,1.35064,0.382647,0,0,6.72152,0,0,0,0,0.0465574,0,0,0.0364733,0,0,0.0830307,0,0,0,0,0,0,0,0,0,0,0,27.7167,308.505,0,0.000251028,0.004509,
8,6,24,0,2.74848,0.221825,0,0,0,0.385211,0.735811,1.11052,0,0,0,5.20186,0,0,0,0,0,0,0,0.0299892,0,0,0.0299892,0,0,0,0,0,0,0,0,0,0,0,27.6842,308.505,0,0.000249887,0.004509,
8,7,1,0,2.16854,0.221825,0,0,0,0.318218,0.728825,1.0505,0,0,0,4.48791,0,0,0,0,0.0268161,0,0,0.0283681,0,0,0.0551842,0,0,0,0,0,0,0,0,0,0,0,27.5156,308.505,0,0.000243851,0.004509,
8,7,2,0,1.74069,0.221825,0,0,0,0.251224,0.725332,1.02048,0,0,0,3.95955,0,0,0,0,0.0140232,0,0,0.0275576,0,0,0.0415808,0,0,0,0,0,0,0,0,0,0,0,27.5148,308.505,0,0.000243883,0.004509,
8,7,3,0,1.24085,0.221825,0,0,0,0.28472,0.725332,1.02048,0,0,0,3.49321,0,0,0,0,0,0,0,0.0275576,0,0,0.0275576,0,0,0,0,0,0,0,0,0,0,0,27.5019,308.505,0,0.000242242,0.004509,
8,7,4,0,0.807288,0.221825,0,0,0,0.351715,0.718346,0.960451,0,0,0,3.05963,0,0,0,0,0.000183693,0,0,0.0259366,0,0,0.0261203,0,0,0,0,0,0,0,0,0,0,0,27.5029,308.505,0,0.000243551,0.004509,
8,7,5,0,0.82692,0.221825,0,0,0,0.519197,0.732318,1.08051,0,0,0,3.38077,0,0,0,0,0.000183693,0,0,0.0291787,0,0,0.0293624,0,0,0,0,0,0,0,0,0,0,0,27.5041,308.505,0,0.000243852,0.004509,
8,7,6,0,1.76977,0.221825,0,0,0,0.703426,0.753275,1.26059,0,0,0,4.7089,0,0,0,0,0.016219,0,0,0.0340418,0,0,0.0502608,0,0,0,0,0,0,0,0,0,0,0,27.5406,308.505,0,0.000244582,0.004509,
8,7,7,0,3.14124,0.221825,0,0,0,0.686679,0.760261,1.32062,0,0,0,6.13063,0,0,0,0,0.326269,0,0,0.0356628,0,0,0.361932,0,0,0,0,0,0,0,0,0,0,0,27.2113,308.505,0,0.000236864,0.004509,
8,7,8,0,4.05074,0.221825,0,0,0,0.56944,0.735811,1.11052,0,0,0,6.68834,0,0,0,0,0.259008,0,0,0.0299892,0,0,0.288997,0,0,0,0,0,0,0,0,0,0,0,25.9472,308.505,0,0.000184857,0.004509,
8,7,9,0,5.11737,0.221825,0,0,0,0.4857,0.718346,0.960451,0,0,0,7.50369,0,0,0,0,0.161582,0,0,0.0259366,0,0,0.187519,0,0,0,0,0,0,0,0,0,0,0,21.4313,308.505,0,5.05773e-005,0.004509,
8,7,10,0,6.23763,0.221825,0,0,0,0.452204,0.721839,0.990466,0,0,0,8.62397,0,0,0,0,0.0372034,0,0,0.0267471,0,0,0.0639505,0,0,0,0,0,0,0,0,0,0,0,21.0993,308.505,1.39425e-015,4.20393e-005,0.004509,
8,7,11,0,7.31275,0.221825,0,0,0,0.418708,0.721839,0.990466,0,0,0,9.66559,0,0,0,0,0.0867119,0,0,0.0267471,0,0,0.113459,0,0,0,0,0,0,0,0,0,0,0,21.0153,308.505,1.31457e-013,4.66402e-005,0.004509,
8,7,12,0,8.0411,0.221825,0,0,0,0.351715,0.718346,0.960451,0,0,0,10.2934,0,0,0,0,0.0304051,0,0,0.0259366,0,0,0.0563417,0,0,0,0,0,0,0,0,0,0,0,21.0086,308.505,4.90275e-011,3.79154e-005,0.004509,
8,7,13,0,8.67319,0.221825,0,0,0,0.351715,0.721839,0.990466,0,0,0,10.959,0,0,0,0,0.055095,0,0,0.0267471,0,0,0.0818421,0,0,0,0,0,0,0,0,0,0,0,21.0062,308.505,1.76651e-007,3.57745e-005,0.004509,
8,7,14,0,10.0408,0.221825,0,0,0,0.351715,0.728825,1.0505,0,0,0,12.3936,0,0,0,0,0.234274,0,0,0.0283681,0,0,0.262642,0,0,0,0,0,0,0,0,0,0,0,21.05,308.505,1.03556e-005,3.84725e-005,0.004509,
8,7,15,0,10.6307,0.221825,0,0,0,0.435454,0.735811,1.11052,0,0,0,13.1343,0,0,0,0,0.132731,0,0,0.0299892,0,0,0.16272,0,0,0,0,0,0,0,0,0,0,0,21.0166,308.505,0.000308833,3.62687e-005,0.004509,
8,7,16,0,10.7323,0.221825,0,0,0,0.519197,0.760261,1.32062,0,0,0,13.5542,0,0,0,0,0.0577385,0,0,0.0356628,0,0,0.0934013,0,0,0,0,0,0,0,0,0,0,0,21.3612,308.505,0.000853906,4.52864e-005,0.004509,
8,7,17,0,10.5598,0.221825,0,0,0,0.736923,0.791698,1.59075,0,0,0,13.901,0,0,0,0,0.0468916,0,0,0.0429574,0,0,0.089849,0,0,0,0,0,0,0,0,0,0,0,22.6869,308.505,0.00108134,8.72946e-005,0.004509,
8,7,18,0,10.2479,0.221825,0,0,0,1.40685,0.809163,1.74082,0,0,0,14.4265,0,0,0,0,0.22246,0,0,0.04701,0,0,0.26947,0,0,0,0,0,0,0,0,0,0,0,85.3745,308.505,0.00363159,0.000242125,0.004509,
8,7,19,0,9.26205,0.221825,0,0,0,1.9763,0.816149,1.80085,0,0,0,14.0772,0,0,0,0,0.15177,0,0,0.0486311,0,0,0.200401,0,0,0,0,0,0,0,0,0,0,0,28.3503,308.505,0.0221942,0.00026616,0.004509,
8,7,20,0,7.3573,0.221825,0,0,0,1.89255,0.823135,1.86088,0.382647,0,0,12.5383,0,0,0,0,0.0940117,0,0,0.0502522,0,0,0.144264,0,0,0,0,0,0,0,0,0,0,0,28.3876,308.505,0.0170074,0.000264542,0.004509,
8,7,21,0,5.32092,0.221825,0,0,0,1.60783,0.816149,1.80085,0.382647,0,0,10.1502,0,0,0,0,0.0277522,0,0,0.0486311,0,0,0.0763833,0,0,0,0,0,0,0,0,0,0,0,28.0846,308.505,0.000571355,0.000260448,0.004509,
8,7,22,0,4.18315,0.221825,0,0,0,1.05514,0.788205,1.56074,0.382647,0,0,8.1917,0,0,0,0,0.144368,0,0,0.042147,0,0,0.186515,0,0,0,0,0,0,0,0,0,0,0,27.7155,308.505,1.63574e-009,0.000246545,0.004509,
8,7,23,0,3.30102,0.221825,0,0,0,0.636433,0.763754,1.35064,0.382647,0,0,6.65632,0,0,0,0,0.0228866,0,0,0.0364733,0,0,0.0593599,0,0,0,0,0,0,0,0,0,0,0,27.605,308.505,0,0.000244826,0.004509,
8,7,24,0,2.5486,0.221825,0,0,0,0.385211,0.735811,1.11052,0,0,0,5.00197,0,0,0,0,0.0358044,0,0,0.0299892,0,0,0.0657936,0,0,0,0,0,0,0,0,0,0,0,27.5363,308.505,0,0.00024433,0.004509,
8,8,1,0,2.09708,0.221825,0,0,0,0.318218,0.728825,1.0505,0,0,0,4.41645,0,0,0,0,0.0138087,0,0,0.0283681,0,0,0.0421768,0,0,0,0,0,0,0,0,0,0,0,26.7212,308.505,0,0.0002219,0.004509,
8,8,2,0,1.79887,0.221825,0,0,0,0.251224,0.725332,1.02048,0,0,0,4.01773,0,0,0,0,0.00618446,0,0,0.0275576,0,0,0.0337421,0,0,0,0,0,0,0,0,0,0,0,26.7144,308.505,0,0.000221615,0.004509,
8,8,3,0,1.32715,0.221825,0,0,0,0.28472,0.725332,1.02048,0,0,0,3.57951,0,0,0,0,0.000670015,0,0,0.0275576,0,0,0.0282276,0,0,0,0,0,0,0,0,0,0,0,26.6838,308.505,0,0.000221553,0.004509,
8,8,4,0,0.745492,0.221825,0,0,0,0.351715,0.718346,0.960451,0,0,0,2.99783,0,0,0,0,0.000788414,0,0,0.0259366,0,0,0.026725,0,0,0,0,0,0,0,0,0,0,0,26.6923,308.505,0,0.000221467,0.004509,
8,8,5,0,0.567905,0.221825,0,0,0,0.519197,0.732318,1.08051,0,0,0,3.12175,0,0,0,0,0.00177343,0,0,0.0291787,0,0,0.0309521,0,0,0,0,0,0,0,0,0,0,0,26.7134,308.505,0,0.000221623,0.004509,
8,8,6,0,1.37302,0.221825,0,0,0,0.703426,0.753275,1.26059,0,0,0,4.31214,0,0,0,0,0.0922695,0,0,0.0340418,0,0,0.126311,0,0,0,0,0,0,0,0,0,0,0,26.7444,308.505,0,0.000222354,0.004509,
8,8,7,0,2.73473,0.221825,0,0,0,0.686679,0.760261,1.32062,0,0,0,5.72412,0,0,0,0,0.0933016,0,0,0.0356628,0,0,0.128964,0,0,0,0,0,0,0,0,0,0,0,26.4097,308.505,0,0.000204913,0.004509,
8,8,8,0,3.85762,0.221825,0,0,0,0.56944,0.735811,1.11052,0,0,0,6.49522,0,0,0,0,0.0619989,0,0,0.0299892,0,0,0.0919881,0,0,0,0,0,0,0,0,0,0,0,22.6616,308.505,0,8.76348e-005,0.004509,
8,8,9,0,5.0004,0.221825,0,0,0,0.4857,0.718346,0.960451,0,0,0,7.38672,0,0,0,0,0.0563801,0,0,0.0259366,0,0,0.0823167,0,0,0,0,0,0,0,0,0,0,0,20.1075,308.505,0,2.13098e-005,0.004509,
8,8,10,0,6.06987,0.221825,0,0,0,0.452204,0.721839,0.990466,0,0,0,8.4562,0,0,0,0,0.168348,0,0,0.0267471,0,0,0.195095,0,0,0,0,0,0,0,0,0,0,0,19.8643,308.505,0,1.64311e-005,0.004509,
8,8,11,0,7.18829,0.221825,0,0,0,0.418708,0.721839,0.990466,0,0,0,9.54113,0,0,0,0,0.214538,0,0,0.0267471,0,0,0.241285,0,0,0,0,0,0,0,0,0,0,0,19.8553,308.505,0,2.18964e-005,0.004509,
8,8,12,0,7.95775,0.221825,0,0,0,0.351715,0.718346,0.960451,0,0,0,10.2101,0,0,0,0,0.155524,0,0,0.0259366,0,0,0.181461,0,0,0,0,0,0,0,0,0,0,0,19.966,308.505,0,1.66374e-005,0.004509,
8,8,13,0,8.17797,0.221825,0,0,0,0.351715,0.721839,0.990466,0,0,0,10.4638,0,0,0,0,0.0401945,0,0,0.0267471,0,0,0.0669416,0,0,0,0,0,0,0,0,0,0,0,19.847,308.505,0,1.63805e-005,0.004509,
8,8,14,0,8.74055,0.221825,0,0,0,0.351715,0.728825,1.0505,0,0,0,11.0934,0,0,0,0,0.0406969,0,0,0.0283681,0,0,0.069065,0,0,0,0,0,0,0,0,0,0,0,19.845,308.505,0,1.6664e-005,0.004509,
8,8,15,0,9.11744,0.221825,0,0,0,0.435454,0.735811,1.11052,0,0,0,11.6211,0,0,0,0,0.0742841,0,0,0.0299892,0,0,0.104273,0,0,0,0,0,0,0,0,0,0,0,20.3135,308.505,0,1.67235e-005,0.004509,
8,8,16,0,9.28371,0.221825,0,0,0,0.519197,0.760261,1.32062,0,0,0,12.1056,0,0,0,0,0.364536,0,0,0.0356628,0,0,0.400199,0,0,0,0,0,0,0,0,0,0,0,20.195,308.505,0,2.53309e-005,0.004509,
8,8,17,0,9.28575,0.221825,0,0,0,0.736923,0.791698,1.59075,0,0,0,12.6269,0,0,0,0,0.157706,0,0,0.0429574,0,0,0.200663,0,0,0,0,0,0,0,0,0,0,0,22.658,308.505,0,9.1383e-005,0.004509,
8,8,18,0,9.18944,0.221825,0,0,0,1.40685,0.809163,1.74082,0,0,0,13.3681,0,0,0,0,0.289352,0,0,0.04701,0,0,0.336362,0,0,0,0,0,0,0,0,0,0,0,25.4324,308.505,0,0.000162572,0.004509,
8,8,19,0,7.94571,0.221825,0,0,0,1.9763,0.816149,1.80085,0,0,0,12.7608,0,0,0,0,0.182459,0,0,0.0486311,0,0,0.23109,0,0,0,0,0,0,0,0,0,0,0,27.9467,308.505,0,0.000249222,0.004509,
8,8,20,0,5.98023,0.221825,0,0,0,1.89255,0.823135,1.86088,0.382647,0,0,11.1613,0,0,0,0,0.117036,0,0,0.0502522,0,0,0.167288,0,0,0,0,0,0,0,0,0,0,0,27.9139,308.505,0,0.000248257,0.004509,
8,8,21,0,4.45503,0.221825,0,0,0,1.60783,0.816149,1.80085,0.382647,0,0,9.28433,0,0,0,0,0.0714094,0,0,0.0486311,0,0,0.12004,0,0,0,0,0,0,0,0,0,0,0,27.798,308.505,0,0.000245526,0.004509,
8,8,22,0,3.06313,0.221825,0,0,0,1.05514,0.788205,1.56074,0.382647,0,0,7.07168,0,0,0,0,0.0124574,0,0,0.042147,0,0,0.0546044,0,0,0,0,0,0,0,0,0,0,0,27.3738,308.505,0,0.000236745,0.004509,
8,8,23,0,2.12232,0.221825,0,0,0,0.636433,0.763754,1.35064,0.382647,0,0,5.47761,0,0,0,0,0.0853994,0,0,0.0364733,0,0,0.121873,0,0,0,0,0,0,0,0,0,0,0,27.197,308.505,0,0.000233728,0.004509,
8,8,24,0,1.60492,0.221825,0,0,0,0.385211,0.735811,1.11052,0,0,0,4.05829,0,0,0,0,0.0015322,0,0,0.0299892,0,0,0.0315214,0,0,0,0,0,0,0,0,0,0,0,27.1633,308.505,0,0.000232711,0.004509,
8,9,1,0,1.22124,0.221825,0,0,0,0.318218,0.728825,1.0505,0,0,0,3.5406,0,0,0,0,0,0,0,0.0283681,0,0,0.0283681,0,0,0,0,0,0,0,0,0,0,0,26.8744,308.505,0,0.000222903,0.004509,
8,9,2,0,0.808631,0.221825,0,0,0,0.251224,0.725332,1.02048,0,0,0,3.02749,0,0,0,0,0.0233805,0,0,0.0275576,0,0,0.0509381,0,0,0,0,0,0,0,0,0,0,0,26.7759,308.505,0,0.000221112,0.004509,
8,9,3,0,0.481414,0.221825,0,0,0,0.28472,0.725332,1.02048,0,0,0,2.73377,0,0,0,0,0.0158233,0,0,0.0275576,0,0,0.0433809,0,0,0,0,0,0,0,0,0,0,0,26.6722,308.505,0,0.000216737,0.004509,
8,9,4,0,0.185511,0.221825,0,0,0,0.351715,0.718346,0.960451,0,0,0,2.43785,0,0,0,0,0,0,0,0.0259366,0,0,0.0259366,0,0,0,0,0,0,0,0,0,0,0,26.5862,308.505,0,0.000215751,0.004509,
8,9,5,0,0.179284,0.221825,0,0,0,0.519197,0.732318,1.08051,0,0,0,2.73313,0,0,0,0,0,0,0,0.0291787,0,0,0.0291787,0,0,0,0,0,0,0,0,0,0,0,26.7766,308.505,0,0.000219677,0.004509,
8,9,6,0,0.624593,0.221825,0,0,0,0.703426,0.753275,1.26059,0,0,0,3.56372,0,0,0,0,0.00580935,0,0,0.0340418,0,0,0.0398512,0,0,0,0,0,0,0,0,0,0,0,26.8774,308.505,0,0.000223276,0.004509,
8,9,7,0,2.35094,0.221825,0,0,0,0.686679,0.760261,1.32062,0,0,0,5.34033,0,0,0,0,0.0302938,0,0,0.0356628,0,0,0.0659566,0,0,0,0,0,0,0,0,0,0,0,25.4397,308.505,0,0.000177875,0.004509,
8,9,8,0,3.32026,0.221825,0,0,0,0.56944,0.735811,1.11052,0,0,0,5.95786,0,0,0,0,0.386643,0,0,0.0299892,0,0,0.416632,0,0,0,0,0,0,0,0,0,0,0,21.5495,308.505,0,3.96118e-005,0.004509,
8,9,9,0,4.3351,0.221825,0,0,0,0.4857,0.718346,0.960451,0,0,0,6.72142,0,0,0,0,0.295293,0,0,0.0259366,0,0,0.32123,0,0,0,0,0,0,0,0,0,0,0,19.0067,308.505,0,9.25306e-006,0.004509,
8,9,10,0,5.13827,0.221825,0,0,0,0.452204,0.721839,0.990466,0,0,0,7.52461,0,0,0,0,0.236996,0,0,0.0267471,0,0,0.263743,0,0,0,0,0,0,0,0,0,0,0,18.7505,308.505,0,2.02053e-006,0.004509,
8,9,11,0,5.62957,0.221825,0,0,0,0.418708,0.721839,0.990466,0,0,0,7.9824,0,0,0,0,0.156749,0,0,0.0267471,0,0,0.183496,0,0,0,0,0,0,0,0,0,0,0,18.6913,308.505,0,3.04467e-006,0.004509,
8,9,12,0,6.20321,0.221825,0,0,0,0.351715,0.718346,0.960451,0,0,0,8.45555,0,0,0,0,0.0573307,0,0,0.0259366,0,0,0.0832673,0,0,0,0,0,0,0,0,0,0,0,18.9634,308.505,0,2.13355e-006,0.004509,
8,9,13,0,6.5943,0.221825,0,0,0,0.351715,0.721839,0.990466,0,0,0,8.88014,0,0,0,0,0.111205,0,0,0.0267471,0,0,0.137952,0,0,0,0,0,0,0,0,0,0,0,18.6634,308.505,0,2.38583e-006,0.004509,
8,9,14,0,7.20898,0.221825,0,0,0,0.351715,0.728825,1.0505,0,0,0,9.56184,0,0,0,0,0.0802469,0,0,0.0283681,0,0,0.108615,0,0,0,0,0,0,0,0,0,0,0,18.7663,308.505,0,2.3906e-006,0.004509,
8,9,15,0,8.05809,0.221825,0,0,0,0.435454,0.735811,1.11052,0,0,0,10.5617,0,0,0,0,0.0467511,0,0,0.0299892,0,0,0.0767403,0,0,0,0,0,0,0,0,0,0,0,19.1797,308.505,0,2.9053e-006,0.004509,
8,9,16,0,8.66678,0.221825,0,0,0,0.519197,0.760261,1.32062,0,0,0,11.4887,0,0,0,0,0.0251378,0,0,0.0356628,0,0,0.0608006,0,0,0,0,0,0,0,0,0,0,0,19.2176,308.505,0,1.71733e-005,0.004509,
8,9,17,0,8.65182,0.221825,0,0,0,0.736923,0.791698,1.59075,0,0,0,11.993,0,0,0,0,0.175708,0,0,0.0429574,0,0,0.218665,0,0,0,0,0,0,0,0,0,0,0,20.6028,308.505,0,4.08707e-005,0.004509,
8,9,18,0,8.47236,0.221825,0,0,0,1.40685,0.809163,1.74082,0,0,0,12.651,0,0,0,0,0.199179,0,0,0.04701,0,0,0.246189,0,0,0,0,0,0,0,0,0,0,0,24.4675,308.505,0,0.00012645,0.004509,
8,9,19,0,7.23595,0.221825,0,0,0,1.9763,0.816149,1.80085,0,0,0,12.0511,0,0,0,0,0.0646603,0,0,0.0486311,0,0,0.113291,0,0,0,0,0,0,0,0,0,0,0,27.4776,308.505,0,0.000238111,0.004509,
8,9,20,0,5.29106,0.221825,0,0,0,1.89255,0.823135,1.86088,0.382647,0,0,10.4721,0,0,0,0,0.0875167,0,0,0.0502522,0,0,0.137769,0,0,0,0,0,0,0,0,0,0,0,27.4638,308.505,0,0.000237784,0.004509,
8,9,21,0,3.90706,0.221825,0,0,0,1.60783,0.816149,1.80085,0.382647,0,0,8.73636,0,0,0,0,0.117138,0,0,0.0486311,0,0,0.165769,0,0,0,0,0,0,0,0,0,0,0,27.4159,308.505,0,0.000236824,0.004509,
8,9,22,0,2.73754,0.221825,0,0,0,1.05514,0.788205,1.56074,0.382647,0,0,6.74609,0,0,0,0,0.017391,0,0,0.042147,0,0,0.059538,0,0,0,0,0,0,0,0,0,0,0,27.263,308.505,0,0.000230406,0.004509,
8,9,23,0,1.67692,0.221825,0,0,0,0.636433,0.763754,1.35064,0.382647,0,0,5.03222,0,0,0,0,0.0129385,0,0,0.0364733,0,0,0.0494118,0,0,0,0,0,0,0,0,0,0,0,26.9708,308.505,0,0.000224126,0.004509,
8,9,24,0,0.916919,0.221825,0,0,0,0.385211,0.735811,1.11052,0,0,0,3.37029,0,0,0,0,0.00127257,0,0,0.0299892,0,0,0.0312618,0,0,0,0,0,0,0,0,0,0,0,26.8923,308.505,0,0.000223138,0.004509,
8,10,1,0,0.548694,0.221825,0,0,0,0.318218,0.728825,1.0505,0,0,0,2.86806,0,0,0,0,0.000305972,0,0,0.0283681,0,0,0.0286741,0,0,0,0,0,0,0,0,0,0,0,27.3306,308.505,0,0.000236248,0.004509,
8,10,2,0,0.326218,0.221825,0,0,0,0.251224,0.725332,1.02048,0,0,0,2.54508,0,0,0,0,0.000822351,0,0,0.0275576,0,0,0.02838,0,0,0,0,0,0,0,0,0,0,0,27.2729,308.505,0,0.000235627,0.004509,
8,10,3,0,0.187642,0.221825,0,0,0,0.28472,0.725332,1.02048,0,0,0,2.44,0,0,0,0,0.000314934,0,0,0.0275576,0,0,0.0278725,0,0,0,0,0,0,0,0,0,0,0,27.2428,308.505,0,0.000235332,0.004509,
8,10,4,0,0.0988757,0.221825,0,0,0,0.351715,0.718346,0.960451,0,0,0,2.35121,0,0,0,0,0,0,0,0.0259366,0,0,0.0259366,0,0,0,0,0,0,0,0,0,0,0,27.2621,308.505,0,0.000235915,0.004509,
8,10,5,0,0.109739,0.221825,0,0,0,0.519197,0.732318,1.08051,0,0,0,2.66359,0,0,0,0,0.00259412,0,0,0.0291787,0,0,0.0317728,0,0,0,0,0,0,0,0,0,0,0,27.343,308.505,0,0.000237302,0.004509,
8,10,6,0,0.427916,0.221825,0,0,0,0.703426,0.753275,1.26059,0,0,0,3.36704,0,0,0,0,0.0950477,0,0,0.0340418,0,0,0.12909,0,0,0,0,0,0,0,0,0,0,0,27.3734,308.505,0,0.000238583,0.004509,
8,10,7,0,2.02977,0.221825,0,0,0,0.686679,0.760261,1.32062,0,0,0,5.01916,0,0,0,0,0.467273,0,0,0.0356628,0,0,0.502936,0,0,0,0,0,0,0,0,0,0,0,25.882,308.505,0,0.00019954,0.004509,
8,10,8,0,3.10106,0.221825,0,0,0,0.56944,0.735811,1.11052,0,0,0,5.73866,0,0,0,0,0.143803,0,0,0.0299892,0,0,0.173792,0,0,0,0,0,0,0,0,0,0,0,21.0946,308.505,0,3.6457e-005,0.004509,
8,10,9,0,4.13501,0.221825,0,0,0,0.4857,0.718346,0.960451,0,0,0,6.52133,0,0,0,0,0.126944,0,0,0.0259366,0,0,0.152881,0,0,0,0,0,0,0,0,0,0,0,19.0855,308.505,0,1.13351e-005,0.004509,
8,10,10,0,5.07603,0.221825,0,0,0,0.452204,0.721839,0.990466,0,0,0,7.46236,0,0,0,0,0.0628292,0,0,0.0267471,0,0,0.0895763,0,0,0,0,0,0,0,0,0,0,0,18.834,308.505,0,9.40707e-007,0.004509,
8,10,11,0,5.67678,0.221825,0,0,0,0.418708,0.721839,0.990466,0,0,0,8.02962,0,0,0,0,0.0240896,0,0,0.0267471,0,0,0.0508367,0,0,0,0,0,0,0,0,0,0,0,18.8087,308.505,0,8.67645e-007,0.004509,
8,10,12,0,6.08577,0.221825,0,0,0,0.351715,0.718346,0.960451,0,0,0,8.33811,0,0,0,0,0.0823826,0,0,0.0259366,0,0,0.108319,0,0,0,0,0,0,0,0,0,0,0,19.1999,308.505,0,9.92374e-007,0.004509,
8,10,13,0,6.64411,0.221825,0,0,0,0.351715,0.721839,0.990466,0,0,0,8.92995,0,0,0,0,0.0392359,0,0,0.0267471,0,0,0.065983,0,0,0,0,0,0,0,0,0,0,0,18.8839,308.505,0,1.01224e-006,0.004509,
8,10,14,0,7.27105,0.221825,0,0,0,0.351715,0.728825,1.0505,0,0,0,9.62391,0,0,0,0,0.0385235,0,0,0.0283681,0,0,0.0668916,0,0,0,0,0,0,0,0,0,0,0,18.827,308.505,0,1.27082e-006,0.004509,
8,10,15,0,8.0811,0.221825,0,0,0,0.435454,0.735811,1.11052,0,0,0,10.5847,0,0,0,0,0.158774,0,0,0.0299892,0,0,0.188763,0,0,0,0,0,0,0,0,0,0,0,19.2269,308.505,0,2.22082e-006,0.004509,
8,10,16,0,8.94346,0.221825,0,0,0,0.519197,0.760261,1.32062,0,0,0,11.7654,0,0,0,0,0.208502,0,0,0.0356628,0,0,0.244165,0,0,0,0,0,0,0,0,0,0,0,18.7644,308.505,0,6.93624e-006,0.004509,
8,10,17,0,9.03577,0.221825,0,0,0,0.736923,0.791698,1.59075,0,0,0,12.377,0,0,0,0,0.127882,0,0,0.0429574,0,0,0.170839,0,0,0,0,0,0,0,0,0,0,0,19.8208,308.505,0,2.95665e-005,0.004509,
8,10,18,0,8.97886,0.221825,0,0,0,1.40685,0.809163,1.74082,0,0,0,13.1575,0,0,0,0,0.0819356,0,0,0.04701,0,0,0.128946,0,0,0,0,0,0,0,0,0,0,0,24.7345,308.505,0,0.000144633,0.004509,
8,10,19,0,7.57914,0.221825,0,0,0,1.9763,0.816149,1.80085,0,0,0,12.3943,0,0,0,0,0.0463746,0,0,0.0486311,0,0,0.0950057,0,0,0,0,0,0,0,0,0,0,0,27.8691,308.505,0,0.00025681,0.004509,
8,10,20,0,5.40569,0.221825,0,0,0,1.89255,0.823135,1.86088,0.382647,0,0,10.5867,0,0,0,0,0.071696,0,0,0.0502522,0,0,0.121948,0,0,0,0,0,0,0,0,0,0,0,27.8039,308.505,0,0.000253898,0.004509,
8,10,21,0,3.98246,0.221825,0,0,0,1.60783,0.816149,1.80085,0.382647,0,0,8.81176,0,0,0,0,0.0998175,0,0,0.0486311,0,0,0.148449,0,0,0,0,0,0,0,0,0,0,0,27.7611,308.505,0,0.000252261,0.004509,
8,10,22,0,2.78954,0.221825,0,0,0,1.05514,0.788205,1.56074,0.382647,0,0,6.79809,0,0,0,0,0.0268278,0,0,0.042147,0,0,0.0689748,0,0,0,0,0,0,0,0,0,0,0,27.6876,308.505,0,0.000249497,0.004509,
8,10,23,0,1.65535,0.221825,0,0,0,0.636433,0.763754,1.35064,0.382647,0,0,5.01064,0,0,0,0,0.061043,0,0,0.0364733,0,0,0.0975163,0,0,0,0,0,0,0,0,0,0,0,27.4955,308.505,0,0.00024425,0.004509,
8,10,24,0,0.6957,0.221825,0,0,0,0.385211,0.735811,1.11052,0,0,0,3.14907,0,0,0,0,0,0,0,0.0299892,0,0,0.0299892,0,0,0,0,0,0,0,0,0,0,0,27.4351,308.505,0,0.00023816,0.004509,
8,11,1,0,0.322777,0.221825,0,0,0,0.318218,0.728825,1.0505,0,0,0,2.64214,0,0,0,0,0,0,0,0.0283681,0,0,0.0283681,0,0,0,0,0,0,0,0,0,0,0,27.3163,308.505,0,0.000236714,0.004509,
8,11,2,0,0.192654,0.221825,0,0,0,0.251224,0.725332,1.02048,0,0,0,2.41152,0,0,0,0,0.0154071,0,0,0.0275576,0,0,0.0429647,0,0,0,0,0,0,0,0,0,0,0,27.2844,308.505,0,0.000236122,0.004509,
8,11,3,0,0.0433154,0.221825,0,0,0,0.28472,0.725332,1.02048,0,0,0,2.29567,0,0,0,0,0,0,0,0.0275576,0,0,0.0275576,0,0,0,0,0,0,0,0,0,0,0,27.2872,308.505,0,0.000235969,0.004509,
8,11,4,0,0,0.221825,0,0,0,0.351715,0.718346,0.960451,0,0,0,2.25234,0,0,0,0,0,0,0,0.0259366,0,0,0.0259366,0,0,0,0,0,0,0,0,0,0,0,27.2923,308.505,0,0.000236093,0.004509,
8,11,5,0,0,0.221825,0,0,0,0.519197,0.732318,1.08051,0,0,0,2.55385,0,0,0,0,0.00682213,0,0,0.0291787,0,0,0.0360008,0,0,0,0,0,0,0,0,0,0,0,27.3052,308.505,0,0.000236269,0.004509,
8,11,6,0,0,0.221825,0,0,0,0.703426,0.753275,1.26059,0,0,0,2.93912,0,0,0,0,0.417358,0,0,0.0340418,0,0,0.4514,0,0,0,0,0,0,0,0,0,0,0,27.3266,308.505,0,0.000237489,0.004509,
8,11,7,0,0.656145,0.221825,0,0,0,0.686679,0.760261,1.32062,0,0,0,3.64553,0,0,0,0,0.283135,0,0,0.0356628,0,0,0.318798,0,0,0,0,0,0,0,0,0,0,0,26.5118,308.505,0,0.000216958,0.004509,
8,11,8,0,2.24379,0.221825,0,0,0,0.56944,0.735811,1.11052,0,0,0,4.88139,0,0,0,0,0.324647,0,0,0.0299892,0,0,0.354636,0,0,0,0,0,0,0,0,0,0,0,22.7189,308.505,0,8.05229e-005,0.004509,
8,11,9,0,3.23763,0.221825,0,0,0,0.4857,0.718346,0.960451,0,0,0,5.62396,0,0,0,0,0.425392,0,0,0.0259366,0,0,0.451329,0,0,0,0,0,0,0,0,0,0,0,20.3018,308.505,0,2.91526e-005,0.004509,
8,11,10,0,4.25842,0.221825,0,0,0,0.452204,0.721839,0.990466,0,0,0,6.64475,0,0,0,0,0.0813078,0,0,0.0267471,0,0,0.108055,0,0,0,0,0,0,0,0,0,0,0,20.13,308.505,0,2.17064e-005,0.004509,
8,11,11,0,5.24525,0.221825,0,0,0,0.418708,0.721839,0.990466,0,0,0,7.59809,0,0,0,0,0.066731,0,0,0.0267471,0,0,0.0934781,0,0,0,0,0,0,0,0,0,0,0,20.1112,308.505,0,1.84861e-005,0.004509,
8,11,12,0,6.46877,0.221825,0,0,0,0.351715,0.718346,0.960451,0,0,0,8.72111,0,0,0,0,0.0464764,0,0,0.0259366,0,0,0.072413,0,0,0,0,0,0,0,0,0,0,0,20.0994,308.505,0,1.83455e-005,0.004509,
8,11,13,0,7.79997,0.221825,0,0,0,0.351715,0.721839,0.990466,0,0,0,10.0858,0,0,0,0,0.0429669,0,0,0.0267471,0,0,0.069714,0,0,0,0,0,0,0,0,0,0,0,20.0887,308.505,0,1.93367e-005,0.004509,
8,11,14,0,8.99189,0.221825,0,0,0,0.351715,0.728825,1.0505,0,0,0,11.3448,0,0,0,0,0.00479425,0,0,0.0283681,0,0,0.0331624,0,0,0,0,0,0,0,0,0,0,0,20.0884,308.505,0,1.99649e-005,0.004509,
8,11,15,0,10.123,0.221825,0,0,0,0.435454,0.735811,1.11052,0,0,0,12.6266,0,0,0,0,0.150899,0,0,0.0299892,0,0,0.180888,0,0,0,0,0,0,0,0,0,0,0,20.4449,308.505,0,2.10011e-005,0.004509,
8,11,16,0,10.655,0.221825,0,0,0,0.519197,0.760261,1.32062,0,0,0,13.4769,0,0,0,0,0.0846576,0,0,0.0356628,0,0,0.12032,0,0,0,0,0,0,0,0,0,0,0,20.4221,308.505,0,3.05876e-005,0.004509,
8,11,17,0,10.6551,0.221825,0,0,0,0.736923,0.791698,1.59075,0,0,0,13.9963,0,0,0,0,0.0658864,0,0,0.0429574,0,0,0.108844,0,0,0,0,0,0,0,0,0,0,0,22.162,308.505,0,7.99202e-005,0.004509,
8,11,18,0,10.2358,0.221825,0,0,0,1.40685,0.809163,1.74082,0,0,0,14.4145,0,0,0,0,0.0491982,0,0,0.04701,0,0,0.0962082,0,0,0,0,0,0,0,0,0,0,0,27.5551,308.505,0,0.000241765,0.004509,
8,11,19,0,8.83601,0.221825,0,0,0,1.9763,0.816149,1.80085,0,0,0,13.6511,0,0,0,0,0.0322989,0,0,0.0486311,0,0,0.08093,0,0,0,0,0,0,0,0,0,0,0,28.5391,308.505,0,0.000265355,0.004509,
8,11,20,0,6.29178,0.221825,0,0,0,1.89255,0.823135,1.86088,0.382647,0,0,11.4728,0,0,0,0,0.118332,0,0,0.0502522,0,0,0.168584,0,0,0,0,0,0,0,0,0,0,0,28.7424,308.505,0,0.000263627,0.004509,
8,11,21,0,4.12326,0.221825,0,0,0,1.60783,0.816149,1.80085,0.382647,0,0,8.95256,0,0,0,0,0.0521668,0,0,0.0486311,0,0,0.100798,0,0,0,0,0,0,0,0,0,0,0,28.3954,308.505,0,0.000261601,0.004509,
8,11,22,0,2.61094,0.221825,0,0,0,1.05514,0.788205,1.56074,0.382647,0,0,6.61949,0,0,0,0,0.0244452,0,0,0.042147,0,0,0.0665922,0,0,0,0,0,0,0,0,0,0,0,27.9155,308.505,0,0.000250942,0.004509,
8,11,23,0,1.59121,0.221825,0,0,0,0.636433,0.763754,1.35064,0.382647,0,0,4.94651,0,0,0,0,0.0332645,0,0,0.0364733,0,0,0.0697378,0,0,0,0,0,0,0,0,0,0,0,27.7303,308.505,0,0.000248017,0.004509,
8,11,24,0,0.825968,0.221825,0,0,0,0.385211,0.735811,1.11052,0,0,0,3.27934,0,0,0,0,0.011085,0,0,0.0299892,0,0,0.0410742,0,0,0,0,0,0,0,0,0,0,0,27.5611,308.505,0,0.000245622,0.004509,
8,12,1,0,0.45849,0.221825,0,0,0,0.318218,0.728825,1.0505,0,0,0,2.77785,0,0,0,0,0.000595848,0,0,0.0283681,0,0,0.0289639,0,0,0,0,0,0,0,0,0,0,0,27.5614,308.505,0,0.000245317,0.004509,
8,12,2,0,0.217655,0.221825,0,0,0,0.251224,0.725332,1.02048,0,0,0,2.43652,0,0,0,0,0,0,0,0.0275576,0,0,0.0275576,0,0,0,0,0,0,0,0,0,0,0,27.5442,308.505,0,0.000244481,0.004509,
8,12,3,0,0.0619579,0.221825,0,0,0,0.28472,0.725332,1.02048,0,0,0,2.31432,0,0,0,0,0.000928942,0,0,0.0275576,0,0,0.0284865,0,0,0,0,0,0,0,0,0,0,0,27.5071,308.505,0,0.000243066,0.004509,
8,12,4,0,0,0.221825,0,0,0,0.351715,0.718346,0.960451,0,0,0,2.25234,0,0,0,0,0.000796483,0,0,0.0259366,0,0,0.0267331,0,0,0,0,0,0,0,0,0,0,0,27.5466,308.505,0,0.000244217,0.004509,
8,12,5,0,0,0.221825,0,0,0,0.519197,0.732318,1.08051,0,0,0,2.55385,0,0,0,0,0.00495596,0,0,0.0291787,0,0,0.0341347,0,0,0,0,0,0,0,0,0,0,0,27.5522,308.505,0,0.000244952,0.004509,
8,12,6,0,0,0.221825,0,0,0,0.703426,0.753275,1.26059,0,0,0,2.93912,0,0,0,0,0.0238588,0,0,0.0340418,0,0,0.0579006,0,0,0,0,0,0,0,0,0,0,0,27.6132,308.505,0,0.000246613,0.004509,
8,12,7,0,0.363151,0.221825,0,0,0,0.686679,0.760261,1.32062,0,0,0,3.35254,0,0,0,0,0.0635207,0,0,0.0356628,0,0,0.0991835,0,0,0,0,0,0,0,0,0,0,0,26.4733,308.505,0,0.000214328,0.004509,
8,12,8,0,2.17784,0.221825,0,0,0,0.56944,0.735811,1.11052,0,0,0,4.81544,0,0,0,0,0.605556,0,0,0.0299892,0,0,0.635545,0,0,0,0,0,0,0,0,0,0,0,24.6069,308.505,0,0.000145013,0.004509,
8,12,9,0,3.35605,0.221825,0,0,0,0.4857,0.718346,0.960451,0,0,0,5.74237,0,0,0,0,0.123214,0,0,0.0259366,0,0,0.149151,0,0,0,0,0,0,0,0,0,0,0,23.3407,308.505,0,9.78443e-005,0.004509,
8,12,10,0,4.83912,0.221825,0,0,0,0.452204,0.721839,0.990466,0,0,0,7.22545,0,0,0,0,0.0609376,0,0,0.0267471,0,0,0.0876847,0,0,0,0,0,0,0,0,0,0,0,20.6904,308.505,0,2.62765e-005,0.004509,
8,12,11,0,6.36267,0.221825,0,0,0,0.418708,0.721839,0.990466,0,0,0,8.7155,0,0,0,0,0.0163505,0,0,0.0267471,0,0,0.0430976,0,0,0,0,0,0,0,0,0,0,0,20.6876,308.505,0,2.46289e-005,0.004509,
8,12,12,0,7.515,0.221825,0,0,0,0.351715,0.718346,0.960451,0,0,0,9.76734,0,0,0,0,0.0109608,0,0,0.0259366,0,0,0.0368974,0,0,0,0,0,0,0,0,0,0,0,20.6654,308.505,0,2.77315e-005,0.004509,
8,12,13,0,8.39509,0.221825,0,0,0,0.351715,0.721839,0.990466,0,0,0,10.6809,0,0,0,0,0.0248927,0,0,0.0267471,0,0,0.0516398,0,0,0,0,0,0,0,0,0,0,0,20.6424,308.505,0,2.47232e-005,0.004509,
8,12,14,0,9.5953,0.221825,0,0,0,0.351715,0.728825,1.0505,0,0,0,11.9482,0,0,0,0,0.0738175,0,0,0.0283681,0,0,0.102186,0,0,0,0,0,0,0,0,0,0,0,20.7221,308.505,0,2.55423e-005,0.004509,
8,12,15,0,10.6075,0.221825,0,0,0,0.435454,0.735811,1.11052,0,0,0,13.1111,0,0,0,0,0.113488,0,0,0.0299892,0,0,0.143477,0,0,0,0,0,0,0,0,0,0,0,20.7464,308.505,0,2.90952e-005,0.004509,
8,12,16,0,11.0238,0.221825,0,0,0,0.519197,0.760261,1.32062,0,0,0,13.8457,0,0,0,0,0.164512,0,0,0.0356628,0,0,0.200175,0,0,0,0,0,0,0,0,0,0,0,20.9975,308.505,0,4.24023e-005,0.004509,
8,12,17,0,10.7709,0.221825,0,0,0,0.736923,0.791698,1.59075,0,0,0,14.112,0,0,0,0,0.123834,0,0,0.0429574,0,0,0.166791,0,0,0,0,0,0,0,0,0,0,0,22.8092,308.505,0,9.10404e-005,0.004509,
8,12,18,0,9.99194,0.221825,0,0,0,1.40685,0.809163,1.74082,0,0,0,14.1706,0,0,0,0,0.0171898,0,0,0.04701,0,0,0.0641998,0,0,0,0,0,0,0,0,0,0,0,27.6823,308.505,0,0.000244425,0.004509,
8,12,19,0,8.94663,0.221825,0,0,0,1.9763,0.816149,1.80085,0,0,0,13.7617,0,0,0,0,0.0759517,0,0,0.0486311,0,0,0.124583,0,0,0,0,0,0,0,0,0,0,0,28.5574,308.505,0,0.000273602,0.004509,
8,12,20,0,6.21421,0.221825,0,0,0,1.89255,0.823135,1.86088,0.382647,0,0,11.3952,0,0,0,0,0.0126915,0,0,0.0502522,0,0,0.0629437,0,0,0,0,0,0,0,0,0,0,0,28.732,308.505,0,0.000271586,0.004509,
8,12,21,0,4.41079,0.221825,0,0,0,1.60783,0.816149,1.80085,0.382647,0,0,9.2401,0,0,0,0,0.101663,0,0,0.0486311,0,0,0.150294,0,0,0,0,0,0,0,0,0,0,0,28.1932,308.505,0,0.000264315,0.004509,
8,12,22,0,3.01126,0.221825,0,0,0,1.05514,0.788205,1.56074,0.382647,0,0,7.01981,0,0,0,0,0.0198054,0,0,0.042147,0,0,0.0619524,0,0,0,0,0,0,0,0,0,0,0,27.8443,308.505,0,0.000251548,0.004509,
8,12,23,0,2.04407,0.221825,0,0,0,0.636433,0.763754,1.35064,0.382647,0,0,5.39936,0,0,0,0,0.0256264,0,0,0.0364733,0,0,0.0620997,0,0,0,0,0,0,0,0,0,0,0,27.627,308.505,0,0.000247512,0.004509,
8,12,24,0,1.25286,0.221825,0,0,0,0.385211,0.735811,1.11052,0,0,0,3.70623,0,0,0,0,0,0,0,0.0299892,0,0,0.0299892,0,0,0,0,0,0,0,0,0,0,0,27.5904,308.505,0,0.000245885,0.004509,
8,13,1,0,0.675994,0.221825,0,0,0,0.318218,0.728825,1.0505,0,0,0,2.99536,0,0,0,0,0,0,0,0.0283681,0,0,0.0283681,0,0,0,0,0,0,0,0,0,0,0,27.482,308.505,0,0.000245621,0.004509,
8,13,2,0,0.280463,0.221825,0,0,0,0.251224,0.725332,1.02048,0,0,0,2.49932,0,0,0,0,0.00702284,0,0,0.0275576,0,0,0.0345804,0,0,0,0,0,0,0,0,0,0,0,27.4827,308.505,0,0.000245415,0.004509,
8,13,3,0,0.0528096,0.221825,0,0,0,0.28472,0.725332,1.02048,0,0,0,2.30517,0,0,0,0,0,0,0,0.0275576,0,0,0.0275576,0,0,0,0,0,0,0,0,0,0,0,27.4754,308.505,0,0.000245337,0.004509,
8,13,4,0,0,0.221825,0,0,0,0.351715,0.718346,0.960451,0,0,0,2.25234,0,0,0,0,0.00387329,0,0,0.0259366,0,0,0.0298099,0,0,0,0,0,0,0,0,0,0,0,27.4743,308.505,0,0.000245211,0.004509,
8,13,5,0,0,0.221825,0,0,0,0.519197,0.732318,1.08051,0,0,0,2.55385,0,0,0,0,0.0151591,0,0,0.0291787,0,0,0.0443378,0,0,0,0,0,0,0,0,0,0,0,27.495,308.505,0,0.00024495,0.004509,
8,13,6,0,0,0.221825,0,0,0,0.703426,0.753275,1.26059,0,0,0,2.93912,0,0,0,0,0.157011,0,0,0.0340418,0,0,0.191053,0,0,0,0,0,0,0,0,0,0,0,27.5705,308.505,0,0.000245178,0.004509,
8,13,7,0,0,0.221825,0,0,0,0.686679,0.760261,1.32062,0,0,0,2.98939,0,0,0,0,0.426437,0,0,0.0356628,0,0,0.4621,0,0,0,0,0,0,0,0,0,0,0,26.8212,308.505,0,0.000219983,0.004509,
8,13,8,0,1.42539,0.221825,0,0,0,0.56944,0.735811,1.11052,0,0,0,4.06299,0,0,0,0,0.409849,0,0,0.0299892,0,0,0.439838,0,0,0,0,0,0,0,0,0,0,0,24.2151,308.505,0,0.000141026,0.004509,
8,13,9,0,2.95223,0.221825,0,0,0,0.4857,0.718346,0.960451,0,0,0,5.33856,0,0,0,0,0.130132,0,0,0.0259366,0,0,0.156069,0,0,0,0,0,0,0,0,0,0,0,21.4179,308.505,0,4.83001e-005,0.004509,
8,13,10,0,4.30038,0.221825,0,0,0,0.452204,0.721839,0.990466,0,0,0,6.68671,0,0,0,0,0.037402,0,0,0.0267471,0,0,0.0641491,0,0,0,0,0,0,0,0,0,0,0,21.1803,308.505,0,4.26115e-005,0.004509,
8,13,11,0,5.54482,0.221825,0,0,0,0.418708,0.721839,0.990466,0,0,0,7.89765,0,0,0,0,0.0892339,0,0,0.0267471,0,0,0.115981,0,0,0,0,0,0,0,0,0,0,0,21.1629,308.505,0,4.16745e-005,0.004509,
8,13,12,0,6.77413,0.221825,0,0,0,0.351715,0.718346,0.960451,0,0,0,9.02647,0,0,0,0,0.044476,0,0,0.0259366,0,0,0.0704126,0,0,0,0,0,0,0,0,0,0,0,21.1624,308.505,0,4.10367e-005,0.004509,
8,13,13,0,8.12424,0.221825,0,0,0,0.351715,0.721839,0.990466,0,0,0,10.4101,0,0,0,0,0.040943,0,0,0.0267471,0,0,0.0676901,0,0,0,0,0,0,0,0,0,0,0,21.1609,308.505,0,3.99139e-005,0.004509,
8,13,14,0,9.21754,0.221825,0,0,0,0.351715,0.728825,1.0505,0,0,0,11.5704,0,0,0,0,0.201354,0,0,0.0283681,0,0,0.229722,0,0,0,0,0,0,0,0,0,0,0,21.1624,308.505,0,4.24389e-005,0.004509,
8,13,15,0,9.93473,0.221825,0,0,0,0.435454,0.735811,1.11052,0,0,0,12.4383,0,0,0,0,0.103007,0,0,0.0299892,0,0,0.132996,0,0,0,0,0,0,0,0,0,0,0,21.2046,308.505,0,4.46698e-005,0.004509,
8,13,16,0,10.3555,0.221825,0,0,0,0.519197,0.760261,1.32062,0,0,0,13.1774,0,0,0,0,0.0994716,0,0,0.0356628,0,0,0.135134,0,0,0,0,0,0,0,0,0,0,0,21.7029,308.505,0,5.92261e-005,0.004509,
8,13,17,0,10.2685,0.221825,0,0,0,0.736923,0.791698,1.59075,0,0,0,13.6097,0,0,0,0,0.0993943,0,0,0.0429574,0,0,0.142352,0,0,0,0,0,0,0,0,0,0,0,23.2807,308.505,0,0.00011167,0.004509,
8,13,18,0,10.0852,0.221825,0,0,0,1.40685,0.809163,1.74082,0,0,0,14.2639,0,0,0,0,0.0606518,0,0,0.04701,0,0,0.107662,0,0,0,0,0,0,0,0,0,0,0,28.3784,308.505,0,0.000269325,0.004509,
8,13,19,0,8.92349,0.221825,0,0,0,1.9763,0.816149,1.80085,0,0,0,13.7386,0,0,0,0,0.143274,0,0,0.0486311,0,0,0.191905,0,0,0,0,0,0,0,0,0,0,0,57.7359,308.505,0,0.000294589,0.004509,
8,13,20,0,6.90648,0.221825,0,0,0,1.89255,0.823135,1.86088,0.382647,0,0,12.0875,0,0,0,0,0.129516,0,0,0.0502522,0,0,0.179768,0,0,0,0,0,0,0,0,0,0,0,67.4085,308.505,0,0.000292607,0.004509,
8,13,21,0,5.42181,0.221825,0,0,0,1.60783,0.816149,1.80085,0.382647,0,0,10.2511,0,0,0,0,0.172434,0,0,0.0486311,0,0,0.221065,0,0,0,0,0,0,0,0,0,0,0,29.1024,308.505,0,0.000282696,0.004509,
8,13,22,0,3.75296,0.221825,0,0,0,1.05514,0.788205,1.56074,0.382647,0,0,7.76151,0,0,0,0,0.0199915,0,0,0.042147,0,0,0.0621385,0,0,0,0,0,0,0,0,0,0,0,28.1247,308.505,0,0.000260127,0.004509,
8,13,23,0,2.5644,0.221825,0,0,0,0.636433,0.763754,1.35064,0.382647,0,0,5.91969,0,0,0,0,0.0117547,0,0,0.0364733,0,0,0.048228,0,0,0,0,0,0,0,0,0,0,0,27.781,308.505,0,0.000252277,0.004509,
8,13,24,0,1.92899,0.221825,0,0,0,0.385211,0.735811,1.11052,0,0,0,4.38237,0,0,0,0,0.0115999,0,0,0.0299892,0,0,0.0415891,0,0,0,0,0,0,0,0,0,0,0,27.6117,308.505,0,0.00025003,0.004509,
8,14,1,0,1.43032,0.221825,0,0,0,0.318218,0.728825,1.0505,0,0,0,3.74968,0,0,0,0,0.000556706,0,0,0.0283681,0,0,0.0289248,0,0,0,0,0,0,0,0,0,0,0,27.5906,308.505,0,0.000248974,0.004509,
8,14,2,0,0.933322,0.221825,0,0,0,0.251224,0.725332,1.02048,0,0,0,3.15218,0,0,0,0,0,0,0,0.0275576,0,0,0.0275576,0,0,0,0,0,0,0,0,0,0,0,27.6009,308.505,0,0.000248799,0.004509,
8,14,3,0,0.598633,0.221825,0,0,0,0.28472,0.725332,1.02048,0,0,0,2.85099,0,0,0,0,0.00391237,0,0,0.0275576,0,0,0.03147,0,0,0,0,0,0,0,0,0,0,0,27.6018,308.505,0,0.000249229,0.004509,
8,14,4,0,0.371233,0.221825,0,0,0,0.351715,0.718346,0.960451,0,0,0,2.62357,0,0,0,0,0,0,0,0.0259366,0,0,0.0259366,0,0,0,0,0,0,0,0,0,0,0,28.8464,308.505,0,0.000249046,0.004509,
8,14,5,0,0.402209,0.221825,0,0,0,0.519197,0.732318,1.08051,0,0,0,2.95606,0,0,0,0,0.0627117,0,0,0.0291787,0,0,0.0918904,0,0,0,0,0,0,0,0,0,0,0,41.067,308.505,0,0.000248609,0.004509,
8,14,6,0,1.02061,0.221825,0,0,0,0.703426,0.753275,1.26059,0,0,0,3.95973,0,0,0,0,0.0406219,0,0,0.0340418,0,0,0.0746637,0,0,0,0,0,0,0,0,0,0,0,50.8199,308.505,0,0.000249389,0.004509,
8,14,7,0,2.16012,0.221825,0,0,0,0.686679,0.760261,1.32062,0,0,0,5.14951,0,0,0,0,0.209449,0,0,0.0356628,0,0,0.245112,0,0,0,0,0,0,0,0,0,0,0,26.761,308.505,0,0.00022267,0.004509,
8,14,8,0,3.60018,0.221825,0,0,0,0.56944,0.735811,1.11052,0,0,0,6.23778,0,0,0,0,0.218586,0,0,0.0299892,0,0,0.248575,0,0,0,0,0,0,0,0,0,0,0,23.8585,308.505,0,0.000116529,0.004509,
8,14,9,0,4.88864,0.221825,0,0,0,0.4857,0.718346,0.960451,0,0,0,7.27496,0,0,0,0,0.0812686,0,0,0.0259366,0,0,0.107205,0,0,0,0,0,0,0,0,0,0,0,23.4612,308.505,0,9.61144e-005,0.004509,
8,14,10,0,6.50898,0.221825,0,0,0,0.452204,0.721839,0.990466,0,0,0,8.89531,0,0,0,0,0.0209099,0,0,0.0267471,0,0,0.047657,0,0,0,0,0,0,0,0,0,0,0,23.2787,308.505,1.39425e-015,9.26e-005,0.004509,
8,14,11,0,7.94125,0.221825,0,0,0,0.418708,0.721839,0.990466,0,0,0,10.2941,0,0,0,0,0.00643887,0,0,0.0267471,0,0,0.033186,0,0,0,0,0,0,0,0,0,0,0,23.2308,308.505,1.31457e-013,9.26719e-005,0.004509,
8,14,12,0,8.72954,0.221825,0,0,0,0.351715,0.718346,0.960451,0,0,0,10.9819,0,0,0,0,0.0341673,0,0,0.0259366,0,0,0.0601039,0,0,0,0,0,0,0,0,0,0,0,23.1515,308.505,4.90275e-011,9.14082e-005,0.004509,
8,14,13,0,8.87116,0.221825,0,0,0,0.351715,0.721839,0.990466,0,0,0,11.157,0,0,0,0,0.0551469,0,0,0.0267471,0,0,0.081894,0,0,0,0,0,0,0,0,0,0,0,23.2146,308.505,1.76651e-007,9.16356e-005,0.004509,
8,14,14,0,9.38529,0.221825,0,0,0,0.351715,0.728825,1.0505,0,0,0,11.7381,0,0,0,0,0.0856817,0,0,0.0283681,0,0,0.11405,0,0,0,0,0,0,0,0,0,0,0,23.2907,308.505,1.03556e-005,9.31213e-005,0.004509,
8,14,15,0,10.3267,0.221825,0,0,0,0.435454,0.735811,1.11052,0,0,0,12.8303,0,0,0,0,0.0352501,0,0,0.0299892,0,0,0.0652393,0,0,0,0,0,0,0,0,0,0,0,23.4548,308.505,0.000308833,9.63726e-005,0.004509,
8,14,16,0,10.5964,0.221825,0,0,0,0.519197,0.760261,1.32062,0,0,0,13.4183,0,0,0,0,0.0670155,0,0,0.0356628,0,0,0.102678,0,0,0,0,0,0,0,0,0,0,0,23.7552,308.505,0.000853906,0.000103536,0.004509,
8,14,17,0,9.5774,0.221825,0,0,0,0.736923,0.791698,1.59075,0,0,0,12.9186,0,0,0,0,0.0321366,0,0,0.0429574,0,0,0.075094,0,0,0,0,0,0,0,0,0,0,0,25.122,308.505,0.00108134,0.000157006,0.004509,
8,14,18,0,9.35811,0.221825,0,0,0,1.40685,0.809163,1.74082,0,0,0,13.5368,0,0,0,0,0.12886,0,0,0.04701,0,0,0.17587,0,0,0,0,0,0,0,0,0,0,0,129.398,308.505,0.00363159,0.000272731,0.004509,
8,14,19,0,8.36648,0.221825,0,0,0,1.9763,0.816149,1.80085,0,0,0,13.1816,0,0,0,0,0.036453,0,0,0.0486311,0,0,0.0850841,0,0,0,0,0,0,0,0,0,0,0,41.6437,308.505,0.0221942,0.000286748,0.004509,
8,14,20,0,7.10494,0.221825,0,0,0,1.89255,0.823135,1.86088,0.382647,0,0,12.286,0,0,0,0,0.0416566,0,0,0.0502522,0,0,0.0919088,0,0,0,0,0,0,0,0,0,0,0,54.7499,308.505,0.0170074,0.00028476,0.004509,
8,14,21,0,5.91505,0.221825,0,0,0,1.60783,0.816149,1.80085,0.382647,0,0,10.7443,0,0,0,0,0.0856078,0,0,0.0486311,0,0,0.134239,0,0,0,0,0,0,0,0,0,0,0,29.7962,308.505,0.000571355,0.000267158,0.004509,
8,14,22,0,4.81846,0.221825,0,0,0,1.05514,0.788205,1.56074,0.382647,0,0,8.82701,0,0,0,0,0.0241634,0,0,0.042147,0,0,0.0663104,0,0,0,0,0,0,0,0,0,0,0,28.1775,308.505,1.63574e-009,0.000262591,0.004509,
8,14,23,0,4.01181,0.221825,0,0,0,0.636433,0.763754,1.35064,0.382647,0,0,7.3671,0,0,0,0,0.0280746,0,0,0.0364733,0,0,0.0645479,0,0,0,0,0,0,0,0,0,0,0,27.7812,308.505,0,0.000252731,0.004509,
8,14,24,0,3.18439,0.221825,0,0,0,0.385211,0.735811,1.11052,0,0,0,5.63776,0,0,0,0,0.00200352,0,0,0.0299892,0,0,0.0319927,0,0,0,0,0,0,0,0,0,0,0,27.6091,308.505,0,0.000248632,0.004509,
8,15,1,0,2.57049,0.221825,0,0,0,0.318218,0.728825,1.0505,0,0,0,4.88985,0,0,0,0,0.00147589,0,0,0.0283681,0,0,0.029844,0,0,0,0,0,0,0,0,0,0,0,27.2725,308.505,0,0.00023707,0.004509,
8,15,2,0,2.1092,0.221825,0,0,0,0.251224,0.725332,1.02048,0,0,0,4.32806,0,0,0,0,0.0115771,0,0,0.0275576,0,0,0.0391347,0,0,0,0,0,0,0,0,0,0,0,27.2664,308.505,0,0.000236946,0.004509,
8,15,3,0,1.72528,0.221825,0,0,0,0.28472,0.725332,1.02048,0,0,0,3.97764,0,0,0,0,0.00125425,0,0,0.0275576,0,0,0.0288119,0,0,0,0,0,0,0,0,0,0,0,27.2545,308.505,0,0.000236851,0.004509,
8,15,4,0,1.3821,0.221825,0,0,0,0.351715,0.718346,0.960451,0,0,0,3.63444,0,0,0,0,0.00147589,0,0,0.0259366,0,0,0.0274125,0,0,0,0,0,0,0,0,0,0,0,27.2624,308.505,0,0.000236865,0.004509,
8,15,5,0,1.34723,0.221825,0,0,0,0.519197,0.732318,1.08051,0,0,0,3.90108,0,0,0,0,0.0199393,0,0,0.0291787,0,0,0.049118,0,0,0,0,0,0,0,0,0,0,0,28.7668,308.505,0,0.000236544,0.004509,
8,15,6,0,1.89803,0.221825,0,0,0,0.703426,0.753275,1.26059,0,0,0,4.83716,0,0,0,0,0.0460287,0,0,0.0340418,0,0,0.0800705,0,0,0,0,0,0,0,0,0,0,0,34.2374,308.505,0,0.000236804,0.004509,
8,15,7,0,2.98464,0.221825,0,0,0,0.686679,0.760261,1.32062,0,0,0,5.97403,0,0,0,0,0.214841,0,0,0.0356628,0,0,0.250504,0,0,0,0,0,0,0,0,0,0,0,26.807,308.505,0,0.000224508,0.004509,
8,15,8,0,4.14358,0.221825,0,0,0,0.56944,0.735811,1.11052,0,0,0,6.78118,0,0,0,0,0.207468,0,0,0.0299892,0,0,0.237457,0,0,0,0,0,0,0,0,0,0,0,24.6084,308.505,0,0.00014399,0.004509,
8,15,9,0,5.5565,0.221825,0,0,0,0.4857,0.718346,0.960451,0,0,0,7.94283,0,0,0,0,0.122354,0,0,0.0259366,0,0,0.148291,0,0,0,0,0,0,0,0,0,0,0,24.3916,308.505,0,0.000123901,0.004509,
8,15,10,0,6.99317,0.221825,0,0,0,0.452204,0.721839,0.990466,0,0,0,9.3795,0,0,0,0,0.360777,0,0,0.0267471,0,0,0.387524,0,0,0,0,0,0,0,0,0,0,0,24.2358,308.505,0,0.0001216,0.004509,
8,15,11,0,8.15045,0.221825,0,0,0,0.418708,0.721839,0.990466,0,0,0,10.5033,0,0,0,0,0.175168,0,0,0.0267471,0,0,0.201915,0,0,0,0,0,0,0,0,0,0,0,24.2623,308.505,0,0.000123304,0.004509,
8,15,12,0,8.96862,0.221825,0,0,0,0.351715,0.718346,0.960451,0,0,0,11.221,0,0,0,0,0.112222,0,0,0.0259366,0,0,0.138159,0,0,0,0,0,0,0,0,0,0,0,24.2572,308.505,0,0.000123095,0.004509,
8,15,13,0,9.25848,0.221825,0,0,0,0.351715,0.721839,0.990466,0,0,0,11.5443,0,0,0,0,0.279072,0,0,0.0267471,0,0,0.305819,0,0,0,0,0,0,0,0,0,0,0,24.2563,308.505,0,0.000123463,0.004509,
8,15,14,0,9.78447,0.221825,0,0,0,0.351715,0.728825,1.0505,0,0,0,12.1373,0,0,0,0,0.0946468,0,0,0.0283681,0,0,0.123015,0,0,0,0,0,0,0,0,0,0,0,24.2231,308.505,0,0.000122614,0.004509,
8,15,15,0,10.3942,0.221825,0,0,0,0.435454,0.735811,1.11052,0,0,0,12.8978,0,0,0,0,0.108613,0,0,0.0299892,0,0,0.138602,0,0,0,0,0,0,0,0,0,0,0,24.1993,308.505,0,0.00012366,0.004509,
8,15,16,0,10.4803,0.221825,0,0,0,0.519197,0.760261,1.32062,0,0,0,13.3022,0,0,0,0,0.308537,0,0,0.0356628,0,0,0.3442,0,0,0,0,0,0,0,0,0,0,0,24.3631,308.505,0,0.000129938,0.004509,
8,15,17,0,10.0318,0.221825,0,0,0,0.736923,0.791698,1.59075,0,0,0,13.373,0,0,0,0,0.413796,0,0,0.0429574,0,0,0.456753,0,0,0,0,0,0,0,0,0,0,0,25.6794,308.505,0,0.000174929,0.004509,
8,15,18,0,9.45181,0.221825,0,0,0,1.40685,0.809163,1.74082,0,0,0,13.6305,0,0,0,0,0.0881368,0,0,0.04701,0,0,0.135147,0,0,0,0,0,0,0,0,0,0,0,169.469,308.505,0,0.000259335,0.004509,
8,15,19,0,8.15101,0.221825,0,0,0,1.9763,0.816149,1.80085,0,0,0,12.9661,0,0,0,0,0.0649978,0,0,0.0486311,0,0,0.113629,0,0,0,0,0,0,0,0,0,0,0,28.635,308.505,0,0.000271452,0.004509,
8,15,20,0,6.18831,0.221825,0,0,0,1.89255,0.823135,1.86088,0.382647,0,0,11.3693,0,0,0,0,0.064171,0,0,0.0502522,0,0,0.114423,0,0,0,0,0,0,0,0,0,0,0,46.7318,308.505,0,0.000270858,0.004509,
8,15,21,0,4.84116,0.221825,0,0,0,1.60783,0.816149,1.80085,0.382647,0,0,9.67046,0,0,0,0,0.189547,0,0,0.0486311,0,0,0.238178,0,0,0,0,0,0,0,0,0,0,0,28.322,308.505,0,0.000261233,0.004509,
8,15,22,0,3.72925,0.221825,0,0,0,1.05514,0.788205,1.56074,0.382647,0,0,7.7378,0,0,0,0,0.0194474,0,0,0.042147,0,0,0.0615944,0,0,0,0,0,0,0,0,0,0,0,28.0159,308.505,0,0.000254678,0.004509,
8,15,23,0,2.71515,0.221825,0,0,0,0.636433,0.763754,1.35064,0.382647,0,0,6.07044,0,0,0,0,0.090294,0,0,0.0364733,0,0,0.126767,0,0,0,0,0,0,0,0,0,0,0,27.4109,308.505,0,0.000241878,0.004509,
8,15,24,0,2.03682,0.221825,0,0,0,0.385211,0.735811,1.11052,0,0,0,4.49019,0,0,0,0,0.00156784,0,0,0.0299892,0,0,0.031557,0,0,0,0,0,0,0,0,0,0,0,27.312,308.505,0,0.000237896,0.004509,
8,16,1,0,1.73525,0.221825,0,0,0,0.318218,0.728825,1.0505,0,0,0,4.05462,0,0,0,0,0,0,0,0.0283681,0,0,0.0283681,0,0,0,0,0,0,0,0,0,0,0,27.1306,308.505,0,0.000226368,0.004509,
8,16,2,0,1.40022,0.221825,0,0,0,0.251224,0.725332,1.02048,0,0,0,3.61908,0,0,0,0,0.0431895,0,0,0.0275576,0,0,0.0707471,0,0,0,0,0,0,0,0,0,0,0,26.9192,308.505,0,0.000220027,0.004509,
8,16,3,0,1.06314,0.221825,0,0,0,0.28472,0.725332,1.02048,0,0,0,3.3155,0,0,0,0,0.0292195,0,0,0.0275576,0,0,0.0567771,0,0,0,0,0,0,0,0,0,0,0,26.8882,308.505,0,0.000219469,0.004509,
8,16,4,0,0.835081,0.221825,0,0,0,0.351715,0.718346,0.960451,0,0,0,3.08742,0,0,0,0,0,0,0,0.0259366,0,0,0.0259366,0,0,0,0,0,0,0,0,0,0,0,26.9334,308.505,0,0.000219673,0.004509,
8,16,5,0,0.787571,0.221825,0,0,0,0.519197,0.732318,1.08051,0,0,0,3.34142,0,0,0,0,0.00209252,0,0,0.0291787,0,0,0.0312712,0,0,0,0,0,0,0,0,0,0,0,27.0899,308.505,0,0.000224026,0.004509,
8,16,6,0,1.19564,0.221825,0,0,0,0.703426,0.753275,1.26059,0,0,0,4.13477,0,0,0,0,0.0217397,0,0,0.0340418,0,0,0.0557815,0,0,0,0,0,0,0,0,0,0,0,27.1726,308.505,0,0.000226724,0.004509,
8,16,7,0,2.54376,0.221825,0,0,0,0.686679,0.760261,1.32062,0,0,0,5.53315,0,0,0,0,0.0825001,0,0,0.0356628,0,0,0.118163,0,0,0,0,0,0,0,0,0,0,0,26.0798,308.505,0,0.000196743,0.004509,
8,16,8,0,3.91382,0.221825,0,0,0,0.56944,0.735811,1.11052,0,0,0,6.55142,0,0,0,0,0.0394309,0,0,0.0299892,0,0,0.0694201,0,0,0,0,0,0,0,0,0,0,0,22.8318,308.505,0,7.80385e-005,0.004509,
8,16,9,0,5.03438,0.221825,0,0,0,0.4857,0.718346,0.960451,0,0,0,7.4207,0,0,0,0,0.560418,0,0,0.0259366,0,0,0.586355,0,0,0,0,0,0,0,0,0,0,0,20.3716,308.505,0,2.22215e-005,0.004509,
8,16,10,0,5.85064,0.221825,0,0,0,0.452204,0.721839,0.990466,0,0,0,8.23697,0,0,0,0,0.0977619,0,0,0.0267471,0,0,0.124509,0,0,0,0,0,0,0,0,0,0,0,20.1581,308.505,0,1.35678e-005,0.004509,
8,16,11,0,6.30858,0.221825,0,0,0,0.418708,0.721839,0.990466,0,0,0,8.66142,0,0,0,0,0.118777,0,0,0.0267471,0,0,0.145524,0,0,0,0,0,0,0,0,0,0,0,20.114,308.505,0,1.23262e-005,0.004509,
8,16,12,0,6.86891,0.221825,0,0,0,0.351715,0.718346,0.960451,0,0,0,9.12125,0,0,0,0,0.347073,0,0,0.0259366,0,0,0.37301,0,0,0,0,0,0,0,0,0,0,0,20.074,308.505,0,1.25597e-005,0.004509,
8,16,13,0,7.59139,0.221825,0,0,0,0.351715,0.721839,0.990466,0,0,0,9.87723,0,0,0,0,0.0486184,0,0,0.0267471,0,0,0.0753655,0,0,0,0,0,0,0,0,0,0,0,20.0696,308.505,2.5234e-017,1.23836e-005,0.004509,
8,16,14,0,8.50681,0.221825,0,0,0,0.351715,0.728825,1.0505,0,0,0,10.8597,0,0,0,0,0.144967,0,0,0.0283681,0,0,0.173335,0,0,0,0,0,0,0,0,0,0,0,20.0893,308.505,8.10539e-012,1.25636e-005,0.004509,
8,16,15,0,8.85738,0.221825,0,0,0,0.435454,0.735811,1.11052,0,0,0,11.361,0,0,0,0,0.0314331,0,0,0.0299892,0,0,0.0614223,0,0,0,0,0,0,0,0,0,0,0,20.1405,308.505,5.71208e-008,1.35303e-005,0.004509,
8,16,16,0,9.01521,0.221825,0,0,0,0.519197,0.760261,1.32062,0,0,0,11.8371,0,0,0,0,0.0302465,0,0,0.0356628,0,0,0.0659093,0,0,0,0,0,0,0,0,0,0,0,20.4548,308.505,1.26721e-006,2.29059e-005,0.004509,
8,16,17,0,9.13843,0.221825,0,0,0,0.736923,0.791698,1.59075,0,0,0,12.4796,0,0,0,0,0.150851,0,0,0.0429574,0,0,0.193808,0,0,0,0,0,0,0,0,0,0,0,21.4085,308.505,2.93083e-006,5.26653e-005,0.004509,
8,16,18,0,8.74737,0.221825,0,0,0,1.40685,0.809163,1.74082,0,0,0,12.926,0,0,0,0,0.199978,0,0,0.04701,0,0,0.246988,0,0,0,0,0,0,0,0,0,0,0,27.3811,308.505,2.02825e-005,0.0002335,0.004509,
8,16,19,0,7.02781,0.221825,0,0,0,1.9763,0.816149,1.80085,0,0,0,11.8429,0,0,0,0,0.0206007,0,0,0.0486311,0,0,0.0692318,0,0,0,0,0,0,0,0,0,0,0,27.5724,308.505,0.000182525,0.000238023,0.004509,
8,16,20,0,5.29934,0.221825,0,0,0,1.89255,0.823135,1.86088,0.382647,0,0,10.4804,0,0,0,0,0.0587725,0,0,0.0502522,0,0,0.109025,0,0,0,0,0,0,0,0,0,0,0,27.5398,308.505,0.000297697,0.000236413,0.004509,
8,16,21,0,4.0149,0.221825,0,0,0,1.60783,0.816149,1.80085,0.382647,0,0,8.8442,0,0,0,0,0.0580394,0,0,0.0486311,0,0,0.106671,0,0,0,0,0,0,0,0,0,0,0,27.4234,308.505,9.39529e-007,0.00023503,0.004509,
8,16,22,0,3.08056,0.221825,0,0,0,1.05514,0.788205,1.56074,0.382647,0,0,7.08911,0,0,0,0,0.00807819,0,0,0.042147,0,0,0.0502252,0,0,0,0,0,0,0,0,0,0,0,27.3372,308.505,4.16619e-013,0.000232269,0.004509,
8,16,23,0,2.39394,0.221825,0,0,0,0.636433,0.763754,1.35064,0.382647,0,0,5.74923,0,0,0,0,0.00220599,0,0,0.0364733,0,0,0.0386793,0,0,0,0,0,0,0,0,0,0,0,27.2825,308.505,0,0.000230501,0.004509,
8,16,24,0,1.84216,0.221825,0,0,0,0.385211,0.735811,1.11052,0,0,0,4.29553,0,0,0,0,0.0413412,0,0,0.0299892,0,0,0.0713304,0,0,0,0,0,0,0,0,0,0,0,27.2256,308.505,0,0.000228867,0.004509,
8,17,1,0,1.45305,0.221825,0,0,0,0.318218,0.728825,1.0505,0,0,0,3.77242,0,0,0,0,0.00188391,0,0,0.0283681,0,0,0.030252,0,0,0,0,0,0,0,0,0,0,0,27.3296,308.505,0,0.000235429,0.004509,
8,17,2,0,1.12934,0.221825,0,0,0,0.251224,0.725332,1.02048,0,0,0,3.3482,0,0,0,0,0.010519,0,0,0.0275576,0,0,0.0380766,0,0,0,0,0,0,0,0,0,0,0,27.208,308.505,0,0.000233276,0.004509,
8,17,3,0,0.787261,0.221825,0,0,0,0.28472,0.725332,1.02048,0,0,0,3.03962,0,0,0,0,0.000281492,0,0,0.0275576,0,0,0.0278391,0,0,0,0,0,0,0,0,0,0,0,27.2031,308.505,0,0.000232594,0.004509,
8,17,4,0,0.542379,0.221825,0,0,0,0.351715,0.718346,0.960451,0,0,0,2.79472,0,0,0,0,0,0,0,0.0259366,0,0,0.0259366,0,0,0,0,0,0,0,0,0,0,0,27.2059,308.505,0,0.000233298,0.004509,
8,17,5,0,0.542931,0.221825,0,0,0,0.519197,0.732318,1.08051,0,0,0,3.09678,0,0,0,0,0.00121815,0,0,0.0291787,0,0,0.0303969,0,0,0,0,0,0,0,0,0,0,0,27.3222,308.505,0,0.000235858,0.004509,
8,17,6,0,0.953956,0.221825,0,0,0,0.703426,0.753275,1.26059,0,0,0,3.89308,0,0,0,0,0.00197107,0,0,0.0340418,0,0,0.0360129,0,0,0,0,0,0,0,0,0,0,0,27.3343,308.505,0,0.00023664,0.004509,
8,17,7,0,2.1777,0.221825,0,0,0,0.686679,0.760261,1.32062,0,0,0,5.16709,0,0,0,0,0.106444,0,0,0.0356628,0,0,0.142107,0,0,0,0,0,0,0,0,0,0,0,26.55,308.505,0,0.000217401,0.004509,
8,17,8,0,3.40541,0.221825,0,0,0,0.56944,0.735811,1.11052,0,0,0,6.04301,0,0,0,0,0.157718,0,0,0.0299892,0,0,0.187707,0,0,0,0,0,0,0,0,0,0,0,23.4706,308.505,0,0.000102981,0.004509,
8,17,9,0,4.39839,0.221825,0,0,0,0.4857,0.718346,0.960451,0,0,0,6.78471,0,0,0,0,0.178272,0,0,0.0259366,0,0,0.204209,0,0,0,0,0,0,0,0,0,0,0,20.7415,308.505,0,1.7747e-005,0.004509,
8,17,10,0,5.30699,0.221825,0,0,0,0.452204,0.721839,0.990466,0,0,0,7.69333,0,0,0,0,0.0633522,0,0,0.0267471,0,0,0.0900993,0,0,0,0,0,0,0,0,0,0,0,20.0917,308.505,1.39425e-015,7.52227e-006,0.004509,
8,17,11,0,5.83363,0.221825,0,0,0,0.418708,0.721839,0.990466,0,0,0,8.18647,0,0,0,0,0.0356766,0,0,0.0267471,0,0,0.0624237,0,0,0,0,0,0,0,0,0,0,0,20.3521,308.505,1.31457e-013,7.35946e-006,0.004509,
8,17,12,0,6.00412,0.221825,0,0,0,0.351715,0.718346,0.960451,0,0,0,8.25646,0,0,0,0,0.0703583,0,0,0.0259366,0,0,0.0962949,0,0,0,0,0,0,0,0,0,0,0,20.3461,308.505,4.90275e-011,7.26717e-006,0.004509,
8,17,13,0,6.21453,0.221825,0,0,0,0.351715,0.721839,0.990466,0,0,0,8.50038,0,0,0,0,0.0803516,0,0,0.0267471,0,0,0.107099,0,0,0,0,0,0,0,0,0,0,0,19.8299,308.505,1.76651e-007,2.2689e-006,0.004509,
8,17,14,0,7.00348,0.221825,0,0,0,0.351715,0.728825,1.0505,0,0,0,9.35634,0,0,0,0,0.234545,0,0,0.0283681,0,0,0.262913,0,0,0,0,0,0,0,0,0,0,0,19.837,308.505,1.03556e-005,2.32464e-006,0.004509,
8,17,15,0,7.98305,0.221825,0,0,0,0.435454,0.735811,1.11052,0,0,0,10.4867,0,0,0,0,0.0628881,0,0,0.0299892,0,0,0.0928773,0,0,0,0,0,0,0,0,0,0,0,19.4645,308.505,0.000308833,2.29369e-006,0.004509,
8,17,16,0,8.57213,0.221825,0,0,0,0.519197,0.760261,1.32062,0,0,0,11.394,0,0,0,0,0.0947644,0,0,0.0356628,0,0,0.130427,0,0,0,0,0,0,0,0,0,0,0,19.9166,308.505,0.000853906,6.4965e-006,0.004509,
8,17,17,0,8.50346,0.221825,0,0,0,0.736923,0.791698,1.59075,0,0,0,11.8447,0,0,0,0,0.0659188,0,0,0.0429574,0,0,0.108876,0,0,0,0,0,0,0,0,0,0,0,21.207,308.505,0.00108134,3.68098e-005,0.004509,
8,17,18,0,8.1455,0.221825,0,0,0,1.40685,0.809163,1.74082,0,0,0,12.3242,0,0,0,0,0.063614,0,0,0.04701,0,0,0.110624,0,0,0,0,0,0,0,0,0,0,0,27.3077,308.505,0.00363159,0.000232154,0.004509,
8,17,19,0,6.45945,0.221825,0,0,0,1.9763,0.816149,1.80085,0,0,0,11.2746,0,0,0,0,0.0582466,0,0,0.0486311,0,0,0.106878,0,0,0,0,0,0,0,0,0,0,0,27.8713,308.505,0.0221942,0.000251202,0.004509,
8,17,20,0,4.74897,0.221825,0,0,0,1.89255,0.823135,1.86088,0.382647,0,0,9.93001,0,0,0,0,0.05811,0,0,0.0502522,0,0,0.108362,0,0,0,0,0,0,0,0,0,0,0,27.7835,308.505,0.0170074,0.00024903,0.004509,
8,17,21,0,3.48111,0.221825,0,0,0,1.60783,0.816149,1.80085,0.382647,0,0,8.31041,0,0,0,0,0.140907,0,0,0.0486311,0,0,0.189538,0,0,0,0,0,0,0,0,0,0,0,27.6219,308.505,0.000571355,0.000245361,0.004509,
8,17,22,0,2.56244,0.221825,0,0,0,1.05514,0.788205,1.56074,0.382647,0,0,6.571,0,0,0,0,0.0507194,0,0,0.042147,0,0,0.0928664,0,0,0,0,0,0,0,0,0,0,0,27.4904,308.505,1.63574e-009,0.000240351,0.004509,
8,17,23,0,1.861,0.221825,0,0,0,0.636433,0.763754,1.35064,0.382647,0,0,5.2163,0,0,0,0,0.0369975,0,0,0.0364733,0,0,0.0734708,0,0,0,0,0,0,0,0,0,0,0,27.4116,308.505,0,0.000239223,0.004509,
8,17,24,0,1.29698,0.221825,0,0,0,0.385211,0.735811,1.11052,0,0,0,3.75036,0,0,0,0,0.00128371,0,0,0.0299892,0,0,0.0312729,0,0,0,0,0,0,0,0,0,0,0,27.3647,308.505,0,0.000236857,0.004509,
8,18,1,0,0.918452,0.221825,0,0,0,0.318218,0.728825,1.0505,0,0,0,3.23781,0,0,0,0,0.000320183,0,0,0.0283681,0,0,0.0286883,0,0,0,0,0,0,0,0,0,0,0,27.1524,308.505,0,0.000230055,0.004509,
8,18,2,0,0.586197,0.221825,0,0,0,0.251224,0.725332,1.02048,0,0,0,2.80506,0,0,0,0,0.0007936,0,0,0.0275576,0,0,0.0283512,0,0,0,0,0,0,0,0,0,0,0,27.0932,308.505,0,0.00022928,0.004509,
8,18,3,0,0.236689,0.221825,0,0,0,0.28472,0.725332,1.02048,0,0,0,2.48905,0,0,0,0,0.000303924,0,0,0.0275576,0,0,0.0278615,0,0,0,0,0,0,0,0,0,0,0,27.0911,308.505,0,0.000229144,0.004509,
8,18,4,0,0.0470947,0.221825,0,0,0,0.351715,0.718346,0.960451,0,0,0,2.29943,0,0,0,0,0.000301542,0,0,0.0259366,0,0,0.0262381,0,0,0,0,0,0,0,0,0,0,0,27.091,308.505,0,0.000229211,0.004509,
8,18,5,0,0.0364394,0.221825,0,0,0,0.519197,0.732318,1.08051,0,0,0,2.59029,0,0,0,0,0.00276596,0,0,0.0291787,0,0,0.0319447,0,0,0,0,0,0,0,0,0,0,0,27.1253,308.505,0,0.000229612,0.004509,
8,18,6,0,0,0.221825,0,0,0,0.703426,0.753275,1.26059,0,0,0,2.93912,0,0,0,0,0.0122209,0,0,0.0340418,0,0,0.0462627,0,0,0,0,0,0,0,0,0,0,0,27.1746,308.505,0,0.000230694,0.004509,
8,18,7,0,0,0.221825,0,0,0,0.686679,0.760261,1.32062,0,0,0,2.98939,0,0,0,0,0.150142,0,0,0.0356628,0,0,0.185805,0,0,0,0,0,0,0,0,0,0,0,26.8252,308.505,0,0.000226012,0.004509,
8,18,8,0,1.92196,0.221825,0,0,0,0.56944,0.735811,1.11052,0,0,0,4.55956,0,0,0,0,0.374276,0,0,0.0299892,0,0,0.404265,0,0,0,0,0,0,0,0,0,0,0,23.5677,308.505,0,0.000119685,0.004509,
8,18,9,0,3.21506,0.221825,0,0,0,0.4857,0.718346,0.960451,0,0,0,5.60138,0,0,0,0,0.182649,0,0,0.0259366,0,0,0.208586,0,0,0,0,0,0,0,0,0,0,0,20.1406,308.505,0,2.11671e-005,0.004509,
8,18,10,0,4.12596,0.221825,0,0,0,0.452204,0.721839,0.990466,0,0,0,6.51229,0,0,0,0,0.124485,0,0,0.0267471,0,0,0.151232,0,0,0,0,0,0,0,0,0,0,0,19.7114,308.505,1.39425e-015,3.87365e-006,0.004509,
8,18,11,0,4.61863,0.221825,0,0,0,0.418708,0.721839,0.990466,0,0,0,6.97147,0,0,0,0,0.0835776,0,0,0.0267471,0,0,0.110325,0,0,0,0,0,0,0,0,0,0,0,19.6466,308.505,1.31457e-013,1.6092e-006,0.004509,
8,18,12,0,4.73251,0.221825,0,0,0,0.351715,0.718346,0.960451,0,0,0,6.98485,0,0,0,0,0.0361084,0,0,0.0259366,0,0,0.062045,0,0,0,0,0,0,0,0,0,0,0,19.6663,308.505,4.90275e-011,1.67468e-006,0.004509,
8,18,13,0,4.89223,0.221825,0,0,0,0.351715,0.721839,0.990466,0,0,0,7.17807,0,0,0,0,0.0265291,0,0,0.0267471,0,0,0.0532762,0,0,0,0,0,0,0,0,0,0,0,20.1107,308.505,1.76651e-007,1.79111e-006,0.004509,
8,18,14,0,5.63912,0.221825,0,0,0,0.351715,0.728825,1.0505,0,0,0,7.99198,0,0,0,0,0.0522426,0,0,0.0283681,0,0,0.0806107,0,0,0,0,0,0,0,0,0,0,0,19.773,308.505,1.03556e-005,1.79663e-006,0.004509,
8,18,15,0,6.60603,0.221825,0,0,0,0.435454,0.735811,1.11052,0,0,0,9.10965,0,0,0,0,0.118561,0,0,0.0299892,0,0,0.14855,0,0,0,0,0,0,0,0,0,0,0,19.6366,308.505,0.000308833,4.4488e-006,0.004509,
8,18,16,0,7.13351,0.221825,0,0,0,0.519197,0.760261,1.32062,0,0,0,9.95541,0,0,0,0,0.0714843,0,0,0.0356628,0,0,0.107147,0,0,0,0,0,0,0,0,0,0,0,19.7659,308.505,0.000853906,8.53925e-006,0.004509,
8,18,17,0,7.48221,0.221825,0,0,0,0.736923,0.791698,1.59075,0,0,0,10.8234,0,0,0,0,0.0636651,0,0,0.0429574,0,0,0.106623,0,0,0,0,0,0,0,0,0,0,0,21.0278,308.505,0.00108134,4.68236e-005,0.004509,
8,18,18,0,7.69724,0.221825,0,0,0,1.40685,0.809163,1.74082,0,0,0,11.8759,0,0,0,0,0.108805,0,0,0.04701,0,0,0.155815,0,0,0,0,0,0,0,0,0,0,0,26.9723,308.505,0.00363159,0.000220953,0.004509,
8,18,19,0,6.13451,0.221825,0,0,0,1.9763,0.816149,1.80085,0,0,0,10.9496,0,0,0,0,0.0221687,0,0,0.0486311,0,0,0.0707998,0,0,0,0,0,0,0,0,0,0,0,27.8519,308.505,0.0221942,0.000250376,0.004509,
8,18,20,0,4.45351,0.221825,0,0,0,1.89255,0.823135,1.86088,0.382647,0,0,9.63454,0,0,0,0,0.0813346,0,0,0.0502522,0,0,0.131587,0,0,0,0,0,0,0,0,0,0,0,27.7811,308.505,0.0170074,0.000248672,0.004509,
8,18,21,0,3.22682,0.221825,0,0,0,1.60783,0.816149,1.80085,0.382647,0,0,8.05612,0,0,0,0,0.0629361,0,0,0.0486311,0,0,0.111567,0,0,0,0,0,0,0,0,0,0,0,27.5639,308.505,0.000571355,0.000244174,0.004509,
8,18,22,0,2.15492,0.221825,0,0,0,1.05514,0.788205,1.56074,0.382647,0,0,6.16347,0,0,0,0,0.0536969,0,0,0.042147,0,0,0.0958439,0,0,0,0,0,0,0,0,0,0,0,27.3559,308.505,1.63574e-009,0.00023713,0.004509,
8,18,23,0,1.32457,0.221825,0,0,0,0.636433,0.763754,1.35064,0.382647,0,0,4.67986,0,0,0,0,0.0614553,0,0,0.0364733,0,0,0.0979286,0,0,0,0,0,0,0,0,0,0,0,27.2693,308.505,0,0.000234217,0.004509,
8,18,24,0,0.844115,0.221825,0,0,0,0.385211,0.735811,1.11052,0,0,0,3.29749,0,0,0,0,0.00127227,0,0,0.0299892,0,0,0.0312615,0,0,0,0,0,0,0,0,0,0,0,27.1898,308.505,0,0.000233241,0.004509,
8,19,1,0,0.497928,0.221825,0,0,0,0.318218,0.728825,1.0505,0,0,0,2.81729,0,0,0,0,0.000538074,0,0,0.0283681,0,0,0.0289062,0,0,0,0,0,0,0,0,0,0,0,26.8308,308.505,0,0.000225976,0.004509,
8,19,2,0,0.117392,0.221825,0,0,0,0.251224,0.725332,1.02048,0,0,0,2.33625,0,0,0,0,0,0,0,0.0275576,0,0,0.0275576,0,0,0,0,0,0,0,0,0,0,0,26.8054,308.505,0,0.000225605,0.004509,
8,19,3,0,4.80973e-005,0.221825,0,0,0,0.28472,0.725332,1.02048,0,0,0,2.25241,0,0,0,0,0.0041658,0,0,0.0275576,0,0,0.0317234,0,0,0,0,0,0,0,0,0,0,0,26.8208,308.505,0,0.00022603,0.004509,
8,19,4,0,0,0.221825,0,0,0,0.351715,0.718346,0.960451,0,0,0,2.25234,0,0,0,0,0,0,0,0.0259366,0,0,0.0259366,0,0,0,0,0,0,0,0,0,0,0,26.8214,308.505,0,0.000226078,0.004509,
8,19,5,0,0,0.221825,0,0,0,0.519197,0.732318,1.08051,0,0,0,2.55385,0,0,0,0,0.0760148,0,0,0.0291787,0,0,0.105194,0,0,0,0,0,0,0,0,0,0,0,26.8356,308.505,0,0.00022611,0.004509,
8,19,6,0,0,0.221825,0,0,0,0.703426,0.753275,1.26059,0,0,0,2.93912,0,0,0,0,0.187384,0,0,0.0340418,0,0,0.221426,0,0,0,0,0,0,0,0,0,0,0,26.8842,308.505,0,0.000226702,0.004509,
8,19,7,0,0,0.221825,0,0,0,0.686679,0.760261,1.32062,0,0,0,2.98939,0,0,0,0,0.219406,0,0,0.0356628,0,0,0.255069,0,0,0,0,0,0,0,0,0,0,0,26.4925,308.505,0,0.000221745,0.004509,
8,19,8,0,0.997314,0.221825,0,0,0,0.56944,0.735811,1.11052,0,0,0,3.63491,0,0,0,0,0.0377963,0,0,0.0299892,0,0,0.0677855,0,0,0,0,0,0,0,0,0,0,0,23.0915,308.505,0,0.000122512,0.004509,
8,19,9,0,2.21513,0.221825,0,0,0,0.4857,0.718346,0.960451,0,0,0,4.60145,0,0,0,0,0.0290647,0,0,0.0259366,0,0,0.0550013,0,0,0,0,0,0,0,0,0,0,0,19.7719,308.505,0,1.70946e-005,0.004509,
8,19,10,0,3.07135,0.221825,0,0,0,0.452204,0.721839,0.990466,0,0,0,5.45768,0,0,0,0,0.00241683,0,0,0.0267471,0,0,0.0291639,0,0,0,0,0,0,0,0,0,0,0,19.6563,308.505,1.39425e-015,5.68688e-006,0.004509,
8,19,11,0,3.87993,0.221825,0,0,0,0.418708,0.721839,0.990466,0,0,0,6.23277,0,0,0,0,0.0665398,0,0,0.0267471,0,0,0.0932869,0,0,0,0,0,0,0,0,0,0,0,19.5398,308.505,1.31457e-013,3.96801e-006,0.004509,
8,19,12,0,4.26869,0.221825,0,0,0,0.351715,0.718346,0.960451,0,0,0,6.52102,0,0,0,0,0.0925884,0,0,0.0259366,0,0,0.118525,0,0,0,0,0,0,0,0,0,0,0,19.4715,308.505,4.90275e-011,1.19909e-006,0.004509,
8,19,13,0,4.66037,0.221825,0,0,0,0.351715,0.721839,0.990466,0,0,0,6.94621,0,0,0,0,0.0357855,0,0,0.0267471,0,0,0.0625326,0,0,0,0,0,0,0,0,0,0,0,19.7266,308.505,1.76651e-007,1.11842e-006,0.004509,
8,19,14,0,5.42627,0.221825,0,0,0,0.351715,0.728825,1.0505,0,0,0,7.77913,0,0,0,0,0.191991,0,0,0.0283681,0,0,0.220359,0,0,0,0,0,0,0,0,0,0,0,19.5504,308.505,1.03556e-005,1.15747e-006,0.004509,
8,19,15,0,5.96821,0.221825,0,0,0,0.435454,0.735811,1.11052,0,0,0,8.47182,0,0,0,0,0.0458546,0,0,0.0299892,0,0,0.0758438,0,0,0,0,0,0,0,0,0,0,0,19.4322,308.505,0.000308833,1.19939e-006,0.004509,
8,19,16,0,6.34653,0.221825,0,0,0,0.519197,0.760261,1.32062,0,0,0,9.16844,0,0,0,0,0.0293612,0,0,0.0356628,0,0,0.065024,0,0,0,0,0,0,0,0,0,0,0,19.5611,308.505,0.000853906,5.69332e-006,0.004509,
8,19,17,0,6.59579,0.221825,0,0,0,0.736923,0.791698,1.59075,0,0,0,9.93699,0,0,0,0,0.059383,0,0,0.0429574,0,0,0.10234,0,0,0,0,0,0,0,0,0,0,0,20.4809,308.505,0.00108134,3.93011e-005,0.004509,
8,19,18,0,6.62324,0.221825,0,0,0,1.40685,0.809163,1.74082,0,0,0,10.8019,0,0,0,0,0.19638,0,0,0.04701,0,0,0.24339,0,0,0,0,0,0,0,0,0,0,0,26.1698,308.505,0.00363159,0.000192463,0.004509,
8,19,19,0,5.18271,0.221825,0,0,0,1.9763,0.816149,1.80085,0,0,0,9.99783,0,0,0,0,0.091954,0,0,0.0486311,0,0,0.140585,0,0,0,0,0,0,0,0,0,0,0,27.5444,308.505,0.0221942,0.000244015,0.004509,
8,19,20,0,3.64373,0.221825,0,0,0,1.89255,0.823135,1.86088,0.382647,0,0,8.82476,0,0,0,0,0.105899,0,0,0.0502522,0,0,0.156151,0,0,0,0,0,0,0,0,0,0,0,27.4547,308.505,0.0170074,0.000241479,0.004509,
8,19,21,0,2.48367,0.221825,0,0,0,1.60783,0.816149,1.80085,0.382647,0,0,7.31297,0,0,0,0,0.00862853,0,0,0.0486311,0,0,0.0572596,0,0,0,0,0,0,0,0,0,0,0,27.2719,308.505,0.000571355,0.00023798,0.004509,
8,19,22,0,1.41033,0.221825,0,0,0,1.05514,0.788205,1.56074,0.382647,0,0,5.41889,0,0,0,0,0.00477863,0,0,0.042147,0,0,0.0469256,0,0,0,0,0,0,0,0,0,0,0,27.0091,308.505,1.63574e-009,0.000229396,0.004509,
8,19,23,0,0.694051,0.221825,0,0,0,0.636433,0.763754,1.35064,0.382647,0,0,4.04935,0,0,0,0,0.00659605,0,0,0.0364733,0,0,0.0430693,0,0,0,0,0,0,0,0,0,0,0,26.9049,308.505,0,0.000227983,0.004509,
8,19,24,0,0.222575,0.221825,0,0,0,0.385211,0.735811,1.11052,0,0,0,2.67595,0,0,0,0,0,0,0,0.0299892,0,0,0.0299892,0,0,0,0,0,0,0,0,0,0,0,26.8776,308.505,0,0.000226839,0.004509,
8,20,1,0,0.0413573,0.221825,0,0,0,0.318218,0.728825,1.0505,0,0,0,2.36072,0,0,0,0,0,0,0,0.0283681,0,0,0.0283681,0,0,0,0,0,0,0,0,0,0,0,26.9953,308.505,0,0.000229978,0.004509,
8,20,2,0,0,0.221825,0,0,0,0.251224,0.725332,1.02048,0,0,0,2.21886,0,0,0,0,0.00685224,0,0,0.0275576,0,0,0.0344098,0,0,0,0,0,0,0,0,0,0,0,26.9847,308.505,0,0.000229902,0.004509,
8,20,3,0,0,0.221825,0,0,0,0.28472,0.725332,1.02048,0,0,0,2.25236,0,0,0,0,0,0,0,0.0275576,0,0,0.0275576,0,0,0,0,0,0,0,0,0,0,0,26.9858,308.505,0,0.000229968,0.004509,
8,20,4,0,0,0.221825,0,0,0,0.351715,0.718346,0.960451,0,0,0,2.25234,0,0,0,0,0.00459877,0,0,0.0259366,0,0,0.0305354,0,0,0,0,0,0,0,0,0,0,0,26.9908,308.505,0,0.000230225,0.004509,
8,20,5,0,0,0.221825,0,0,0,0.519197,0.732318,1.08051,0,0,0,2.55385,0,0,0,0,0.0513197,0,0,0.0291787,0,0,0.0804984,0,0,0,0,0,0,0,0,0,0,0,27.0401,308.505,0,0.000230875,0.004509,
8,20,6,0,0,0.221825,0,0,0,0.703426,0.753275,1.26059,0,0,0,2.93912,0,0,0,0,0.488435,0,0,0.0340418,0,0,0.522477,0,0,0,0,0,0,0,0,0,0,0,27.0735,308.505,0,0.000232084,0.004509,
8,20,7,0,0,0.221825,0,0,0,0.686679,0.760261,1.32062,0,0,0,2.98939,0,0,0,0,0.175141,0,0,0.0356628,0,0,0.210804,0,0,0,0,0,0,0,0,0,0,0,26.8163,308.505,0,0.000226436,0.004509,
8,20,8,0,0,0.221825,0,0,0,0.56944,0.735811,1.11052,0,0,0,2.6376,0,0,0,0,0.091514,0,0,0.0299892,0,0,0.121503,0,0,0,0,0,0,0,0,0,0,0,23.4223,308.505,0,0.000115139,0.004509,
8,20,9,0,1.12896,0.221825,0,0,0,0.4857,0.718346,0.960451,0,0,0,3.51529,0,0,0,0,0.42572,0,0,0.0259366,0,0,0.451657,0,0,0,0,0,0,0,0,0,0,0,20.2859,308.505,0,1.25563e-005,0.004509,
8,20,10,0,2.188,0.221825,0,0,0,0.452204,0.721839,0.990466,0,0,0,4.57434,0,0,0,0,0.143862,0,0,0.0267471,0,0,0.170609,0,0,0,0,0,0,0,0,0,0,0,19.5019,308.505,0,1.8018e-006,0.004509,
8,20,11,0,2.99141,0.221825,0,0,0,0.418708,0.721839,0.990466,0,0,0,5.34425,0,0,0,0,0.104712,0,0,0.0267471,0,0,0.131459,0,0,0,0,0,0,0,0,0,0,0,19.4877,308.505,0,1.83075e-006,0.004509,
8,20,12,0,3.68581,0.221825,0,0,0,0.351715,0.718346,0.960451,0,0,0,5.93815,0,0,0,0,0.0525064,0,0,0.0259366,0,0,0.078443,0,0,0,0,0,0,0,0,0,0,0,19.4791,308.505,0,1.81018e-006,0.004509,
8,20,13,0,4.40719,0.221825,0,0,0,0.351715,0.721839,0.990466,0,0,0,6.69303,0,0,0,0,0.0599925,0,0,0.0267471,0,0,0.0867396,0,0,0,0,0,0,0,0,0,0,0,19.7444,308.505,0,2.06844e-006,0.004509,
8,20,14,0,5.61631,0.221825,0,0,0,0.351715,0.728825,1.0505,0,0,0,7.96917,0,0,0,0,0.0223384,0,0,0.0283681,0,0,0.0507065,0,0,0,0,0,0,0,0,0,0,0,19.4237,308.505,0,1.99687e-006,0.004509,
8,20,15,0,6.90587,0.221825,0,0,0,0.435454,0.735811,1.11052,0,0,0,9.40949,0,0,0,0,0.0488731,0,0,0.0299892,0,0,0.0788623,0,0,0,0,0,0,0,0,0,0,0,19.4541,308.505,0,2.07473e-006,0.004509,
8,20,16,0,7.96292,0.221825,0,0,0,0.519197,0.760261,1.32062,0,0,0,10.7848,0,0,0,0,0.0268218,0,0,0.0356628,0,0,0.0624846,0,0,0,0,0,0,0,0,0,0,0,19.712,308.505,0,1.12747e-005,0.004509,
8,20,17,0,8.32212,0.221825,0,0,0,0.736923,0.791698,1.59075,0,0,0,11.6633,0,0,0,0,0.0166371,0,0,0.0429574,0,0,0.0595945,0,0,0,0,0,0,0,0,0,0,0,20.9288,308.505,0,3.98523e-005,0.004509,
8,20,18,0,8.07455,0.221825,0,0,0,1.40685,0.809163,1.74082,0,0,0,12.2532,0,0,0,0,0.0447966,0,0,0.04701,0,0,0.0918066,0,0,0,0,0,0,0,0,0,0,0,27.0399,308.505,0,0.000226859,0.004509,
8,20,19,0,6.41021,0.221825,0,0,0,1.9763,0.816149,1.80085,0,0,0,11.2253,0,0,0,0,0.0548768,0,0,0.0486311,0,0,0.103508,0,0,0,0,0,0,0,0,0,0,0,28.0986,308.505,0,0.000262159,0.004509,
8,20,20,0,4.79003,0.221825,0,0,0,1.89255,0.823135,1.86088,0.382647,0,0,9.97107,0,0,0,0,0.155637,0,0,0.0502522,0,0,0.205889,0,0,0,0,0,0,0,0,0,0,0,28.0237,308.505,0,0.000260394,0.004509,
8,20,21,0,3.48605,0.221825,0,0,0,1.60783,0.816149,1.80085,0.382647,0,0,8.31535,0,0,0,0,0.0312796,0,0,0.0486311,0,0,0.0799107,0,0,0,0,0,0,0,0,0,0,0,27.8886,308.505,0,0.000257008,0.004509,
8,20,22,0,2.33192,0.221825,0,0,0,1.05514,0.788205,1.56074,0.382647,0,0,6.34047,0,0,0,0,0.0231822,0,0,0.042147,0,0,0.0653292,0,0,0,0,0,0,0,0,0,0,0,27.4756,308.505,0,0.000241861,0.004509,
8,20,23,0,1.34262,0.221825,0,0,0,0.636433,0.763754,1.35064,0.382647,0,0,4.69791,0,0,0,0,0.0243559,0,0,0.0364733,0,0,0.0608292,0,0,0,0,0,0,0,0,0,0,0,27.177,308.505,0,0.000232662,0.004509,
8,20,24,0,0.717289,0.221825,0,0,0,0.385211,0.735811,1.11052,0,0,0,3.17066,0,0,0,0,0.0117841,0,0,0.0299892,0,0,0.0417733,0,0,0,0,0,0,0,0,0,0,0,27.0583,308.505,0,0.000231955,0.004509,
8,21,1,0,0.270543,0.221825,0,0,0,0.318218,0.728825,1.0505,0,0,0,2.58991,0,0,0,0,0.000353368,0,0,0.0283681,0,0,0.0287215,0,0,0,0,0,0,0,0,0,0,0,27.186,308.505,0,0.000233466,0.004509,
8,21,2,0,0.0293365,0.221825,0,0,0,0.251224,0.725332,1.02048,0,0,0,2.2482,0,0,0,0,0.000732776,0,0,0.0275576,0,0,0.0282904,0,0,0,0,0,0,0,0,0,0,0,27.157,308.505,0,0.000233131,0.004509,
8,21,3,0,0,0.221825,0,0,0,0.28472,0.725332,1.02048,0,0,0,2.25236,0,0,0,0,0.000663105,0,0,0.0275576,0,0,0.0282207,0,0,0,0,0,0,0,0,0,0,0,27.0956,308.505,0,0.000233118,0.004509,
8,21,4,0,0,0.221825,0,0,0,0.351715,0.718346,0.960451,0,0,0,2.25234,0,0,0,0,0.00353011,0,0,0.0259366,0,0,0.0294667,0,0,0,0,0,0,0,0,0,0,0,27.106,308.505,0,0.000233452,0.004509,
8,21,5,0,0,0.221825,0,0,0,0.519197,0.732318,1.08051,0,0,0,2.55385,0,0,0,0,0.0057416,0,0,0.0291787,0,0,0.0349203,0,0,0,0,0,0,0,0,0,0,0,27.1009,308.505,0,0.000232857,0.004509,
8,21,6,0,0,0.221825,0,0,0,0.703426,0.753275,1.26059,0,0,0,2.93912,0,0,0,0,0.182109,0,0,0.0340418,0,0,0.216151,0,0,0,0,0,0,0,0,0,0,0,27.1583,308.505,0,0.000233631,0.004509,
8,21,7,0,0,0.221825,0,0,0,0.686679,0.760261,1.32062,0,0,0,2.98939,0,0,0,0,0.12,0,0,0.0356628,0,0,0.155663,0,0,0,0,0,0,0,0,0,0,0,26.4291,308.505,0,0.000215807,0.004509,
8,21,8,0,0.453403,0.221825,0,0,0,0.56944,0.735811,1.11052,0,0,0,3.091,0,0,0,0,0.19678,0,0,0.0299892,0,0,0.226769,0,0,0,0,0,0,0,0,0,0,0,21.8923,308.505,0,9.61051e-005,0.004509,
8,21,9,0,1.97664,0.221825,0,0,0,0.4857,0.718346,0.960451,0,0,0,4.36296,0,0,0,0,0.0505339,0,0,0.0259366,0,0,0.0764705,0,0,0,0,0,0,0,0,0,0,0,20.3905,308.505,0,2.42488e-005,0.004509,
8,21,10,0,3.13199,0.221825,0,0,0,0.452204,0.721839,0.990466,0,0,0,5.51833,0,0,0,0,0.023593,0,0,0.0267471,0,0,0.0503401,0,0,0,0,0,0,0,0,0,0,0,19.9998,308.505,0,1.09127e-005,0.004509,
8,21,11,0,4.15841,0.221825,0,0,0,0.418708,0.721839,0.990466,0,0,0,6.51124,0,0,0,0,0.0367886,0,0,0.0267471,0,0,0.0635357,0,0,0,0,0,0,0,0,0,0,0,19.8531,308.505,0,6.72188e-006,0.004509,
8,21,12,0,5.25972,0.221825,0,0,0,0.351715,0.718346,0.960451,0,0,0,7.51206,0,0,0,0,0.122242,0,0,0.0259366,0,0,0.148179,0,0,0,0,0,0,0,0,0,0,0,20.6218,308.505,0,1.58683e-005,0.004509,
8,21,13,0,6.53347,0.221825,0,0,0,0.351715,0.721839,0.990466,0,0,0,8.81931,0,0,0,0,0.0236935,0,0,0.0267471,0,0,0.0504406,0,0,0,0,0,0,0,0,0,0,0,20.4305,308.505,0,1.69327e-005,0.004509,
8,21,14,0,7.7133,0.221825,0,0,0,0.351715,0.728825,1.0505,0,0,0,10.0662,0,0,0,0,0.0939571,0,0,0.0283681,0,0,0.122325,0,0,0,0,0,0,0,0,0,0,0,19.7456,308.505,0,5.57961e-006,0.004509,
8,21,15,0,8.83227,0.221825,0,0,0,0.435454,0.735811,1.11052,0,0,0,11.3359,0,0,0,0,0.0593861,0,0,0.0299892,0,0,0.0893753,0,0,0,0,0,0,0,0,0,0,0,19.933,308.505,0,8.5446e-006,0.004509,
8,21,16,0,9.73206,0.221825,0,0,0,0.519197,0.760261,1.32062,0,0,0,12.554,0,0,0,0,0.0599801,0,0,0.0356628,0,0,0.0956429,0,0,0,0,0,0,0,0,0,0,0,20.3016,308.505,0,2.0847e-005,0.004509,
8,21,17,0,9.71043,0.221825,0,0,0,0.736923,0.791698,1.59075,0,0,0,13.0516,0,0,0,0,0.0605652,0,0,0.0429574,0,0,0.103523,0,0,0,0,0,0,0,0,0,0,0,21.697,308.505,0,5.63724e-005,0.004509,
8,21,18,0,9.22016,0.221825,0,0,0,1.40685,0.809163,1.74082,0,0,0,13.3988,0,0,0,0,0.128763,0,0,0.04701,0,0,0.175773,0,0,0,0,0,0,0,0,0,0,0,27.1362,308.505,0,0.00022588,0.004509,
8,21,19,0,7.19111,0.221825,0,0,0,1.9763,0.816149,1.80085,0,0,0,12.0062,0,0,0,0,0.0616309,0,0,0.0486311,0,0,0.110262,0,0,0,0,0,0,0,0,0,0,0,28.1996,308.505,0,0.000259867,0.004509,
8,21,20,0,5.29067,0.221825,0,0,0,1.89255,0.823135,1.86088,0.382647,0,0,10.4717,0,0,0,0,0.147408,0,0,0.0502522,0,0,0.19766,0,0,0,0,0,0,0,0,0,0,0,28.086,308.505,0,0.000257049,0.004509,
8,21,21,0,3.93632,0.221825,0,0,0,1.60783,0.816149,1.80085,0.382647,0,0,8.76563,0,0,0,0,0.245817,0,0,0.0486311,0,0,0.294448,0,0,0,0,0,0,0,0,0,0,0,27.9209,308.505,0,0.000254993,0.004509,
8,21,22,0,2.75985,0.221825,0,0,0,1.05514,0.788205,1.56074,0.382647,0,0,6.7684,0,0,0,0,0.0655782,0,0,0.042147,0,0,0.107725,0,0,0,0,0,0,0,0,0,0,0,27.5948,308.505,0,0.000243559,0.004509,
8,21,23,0,2.02047,0.221825,0,0,0,0.636433,0.763754,1.35064,0.382647,0,0,5.37576,0,0,0,0,0.0311507,0,0,0.0364733,0,0,0.067624,0,0,0,0,0,0,0,0,0,0,0,27.293,308.505,0,0.000235355,0.004509,
8,21,24,0,1.74215,0.221825,0,0,0,0.385211,0.735811,1.11052,0,0,0,4.19552,0,0,0,0,0.006938,0,0,0.0299892,0,0,0.0369272,0,0,0,0,0,0,0,0,0,0,0,27.2035,308.505,0,0.000233594,0.004509,
8,22,1,0,1.41802,0.221825,0,0,0,0.318218,0.728825,1.0505,0,0,0,3.73738,0,0,0,0,0,0,0,0.0283681,0,0,0.0283681,0,0,0,0,0,0,0,0,0,0,0,27.4749,308.505,0,0.000239361,0.004509,
8,22,2,0,0.922265,0.221825,0,0,0,0.251224,0.725332,1.02048,0,0,0,3.14113,0,0,0,0,0,0,0,0.0275576,0,0,0.0275576,0,0,0,0,0,0,0,0,0,0,0,27.3008,308.505,0,0.000237769,0.004509,
8,22,3,0,0.601052,0.221825,0,0,0,0.28472,0.725332,1.02048,0,0,0,2.85341,0,0,0,0,0,0,0,0.0275576,0,0,0.0275576,0,0,0,0,0,0,0,0,0,0,0,27.1776,308.505,0,0.000235147,0.004509,
8,22,4,0,0.237557,0.221825,0,0,0,0.351715,0.718346,0.960451,0,0,0,2.48989,0,0,0,0,0,0,0,0.0259366,0,0,0.0259366,0,0,0,0,0,0,0,0,0,0,0,27.2084,308.505,0,0.000235624,0.004509,
8,22,5,0,0.168322,0.221825,0,0,0,0.519197,0.732318,1.08051,0,0,0,2.72217,0,0,0,0,0,0,0,0.0291787,0,0,0.0291787,0,0,0,0,0,0,0,0,0,0,0,27.4445,308.505,0,0.000238726,0.004509,
8,22,6,0,0,0.221825,0,0,0,0.703426,0.753275,1.26059,0,0,0,2.93912,0,0,0,0,0.0874405,0,0,0.0340418,0,0,0.121482,0,0,0,0,0,0,0,0,0,0,0,27.5064,308.505,0,0.000239536,0.004509,
8,22,7,0,1.59265,0.221825,0,0,0,0.686679,0.760261,1.32062,0,0,0,4.58204,0,0,0,0,0.0843306,0,0,0.0356628,0,0,0.119993,0,0,0,0,0,0,0,0,0,0,0,26.3903,308.505,0,0.00022439,0.004509,
8,22,8,0,2.6638,0.221825,0,0,0,0.56944,0.735811,1.11052,0,0,0,5.3014,0,0,0,0,0.0109274,0,0,0.0299892,0,0,0.0409166,0,0,0,0,0,0,0,0,0,0,0,22.268,308.505,0,6.5715e-005,0.004509,
8,22,9,0,3.6413,0.221825,0,0,0,0.4857,0.718346,0.960451,0,0,0,6.02763,0,0,0,0,0.0934793,0,0,0.0259366,0,0,0.119416,0,0,0,0,0,0,0,0,0,0,0,20.1579,308.505,0,2.45756e-005,0.004509,
8,22,10,0,4.8193,0.221825,0,0,0,0.452204,0.721839,0.990466,0,0,0,7.20563,0,0,0,0,0.0352091,0,0,0.0267471,0,0,0.0619562,0,0,0,0,0,0,0,0,0,0,0,20.0738,308.505,0,1.57204e-005,0.004509,
8,22,11,0,5.73358,0.221825,0,0,0,0.418708,0.721839,0.990466,0,0,0,8.08642,0,0,0,0,0.201118,0,0,0.0267471,0,0,0.227865,0,0,0,0,0,0,0,0,0,0,0,20.0543,308.505,0,1.68013e-005,0.004509,
8,22,12,0,6.18379,0.221825,0,0,0,0.351715,0.718346,0.960451,0,0,0,8.43613,0,0,0,0,0.0415508,0,0,0.0259366,0,0,0.0674874,0,0,0,0,0,0,0,0,0,0,0,20.0317,308.505,0,1.5653e-005,0.004509,
8,22,13,0,6.84887,0.221825,0,0,0,0.351715,0.721839,0.990466,0,0,0,9.13472,0,0,0,0,0.0221875,0,0,0.0267471,0,0,0.0489346,0,0,0,0,0,0,0,0,0,0,0,20.01,308.505,0,1.70962e-005,0.004509,
8,22,14,0,7.76121,0.221825,0,0,0,0.351715,0.728825,1.0505,0,0,0,10.1141,0,0,0,0,0.113935,0,0,0.0283681,0,0,0.142303,0,0,0,0,0,0,0,0,0,0,0,19.9971,308.505,0,1.81797e-005,0.004509,
8,22,15,0,8.68326,0.221825,0,0,0,0.435454,0.735811,1.11052,0,0,0,11.1869,0,0,0,0,0.0343247,0,0,0.0299892,0,0,0.0643139,0,0,0,0,0,0,0,0,0,0,0,20.18,308.505,0,1.90271e-005,0.004509,
8,22,16,0,9.46444,0.221825,0,0,0,0.519197,0.760261,1.32062,0,0,0,12.2863,0,0,0,0,0.0119237,0,0,0.0356628,0,0,0.0475865,0,0,0,0,0,0,0,0,0,0,0,20.462,308.505,0,3.46616e-005,0.004509,
8,22,17,0,9.56159,0.221825,0,0,0,0.736923,0.791698,1.59075,0,0,0,12.9028,0,0,0,0,0.134022,0,0,0.0429574,0,0,0.176979,0,0,0,0,0,0,0,0,0,0,0,21.9006,308.505,0,8.11447e-005,0.004509,
8,22,18,0,9.25307,0.221825,0,0,0,1.40685,0.809163,1.74082,0,0,0,13.4317,0,0,0,0,0.214241,0,0,0.04701,0,0,0.261251,0,0,0,0,0,0,0,0,0,0,0,27.7161,308.505,0,0.000250633,0.004509,
8,22,19,0,7.50106,0.221825,0,0,0,1.9763,0.816149,1.80085,0,0,0,12.3162,0,0,0,0,0.0813777,0,0,0.0486311,0,0,0.130009,0,0,0,0,0,0,0,0,0,0,0,28.0737,308.505,0,0.000256483,0.004509,
8,22,20,0,5.63773,0.221825,0,0,0,1.89255,0.823135,1.86088,0.382647,0,0,10.8188,0,0,0,0,0.0871578,0,0,0.0502522,0,0,0.13741,0,0,0,0,0,0,0,0,0,0,0,27.9977,308.505,0,0.000255483,0.004509,
8,22,21,0,4.17,0.221825,0,0,0,1.60783,0.816149,1.80085,0.382647,0,0,8.9993,0,0,0,0,0.040231,0,0,0.0486311,0,0,0.0888621,0,0,0,0,0,0,0,0,0,0,0,27.8581,308.505,0,0.000252132,0.004509,
8,22,22,0,2.85379,0.221825,0,0,0,1.05514,0.788205,1.56074,0.382647,0,0,6.86234,0,0,0,0,0.0313139,0,0,0.042147,0,0,0.0734609,0,0,0,0,0,0,0,0,0,0,0,27.7553,308.505,0,0.0002467,0.004509,
8,22,23,0,1.73477,0.221825,0,0,0,0.636433,0.763754,1.35064,0.382647,0,0,5.09007,0,0,0,0,0.0194064,0,0,0.0364733,0,0,0.0558797,0,0,0,0,0,0,0,0,0,0,0,27.6362,308.505,0,0.000243878,0.004509,
8,22,24,0,0.995658,0.221825,0,0,0,0.385211,0.735811,1.11052,0,0,0,3.44903,0,0,0,0,0.000801704,0,0,0.0299892,0,0,0.0307909,0,0,0,0,0,0,0,0,0,0,0,27.5747,308.505,0,0.000241758,0.004509,
8,23,1,0,0.633535,0.221825,0,0,0,0.318218,0.728825,1.0505,0,0,0,2.9529,0,0,0,0,0,0,0,0.0283681,0,0,0.0283681,0,0,0,0,0,0,0,0,0,0,0,27.0765,308.505,0,0.000229159,0.004509,
8,23,2,0,0.318227,0.221825,0,0,0,0.251224,0.725332,1.02048,0,0,0,2.53709,0,0,0,0,0.0226322,0,0,0.0275576,0,0,0.0501898,0,0,0,0,0,0,0,0,0,0,0,27.116,308.505,0,0.000229388,0.004509,
8,23,3,0,0.134077,0.221825,0,0,0,0.28472,0.725332,1.02048,0,0,0,2.38643,0,0,0,0,0.0153169,0,0,0.0275576,0,0,0.0428745,0,0,0,0,0,0,0,0,0,0,0,27.1259,308.505,0,0.000230108,0.004509,
8,23,4,0,0.0191195,0.221825,0,0,0,0.351715,0.718346,0.960451,0,0,0,2.27146,0,0,0,0,0,0,0,0.0259366,0,0,0.0259366,0,0,0,0,0,0,0,0,0,0,0,27.2936,308.505,0,0.00023144,0.004509,
8,23,5,0,0,0.221825,0,0,0,0.519197,0.732318,1.08051,0,0,0,2.55385,0,0,0,0,0,0,0,0.0291787,0,0,0.0291787,0,0,0,0,0,0,0,0,0,0,0,27.3326,308.505,0,0.00023278,0.004509,
8,23,6,0,0,0.221825,0,0,0,0.703426,0.753275,1.26059,0,0,0,2.93912,0,0,0,0,0.00525334,0,0,0.0340418,0,0,0.0392951,0,0,0,0,0,0,0,0,0,0,0,27.3639,308.505,0,0.00023369,0.004509,
8,23,7,0,0.351048,0.221825,0,0,0,0.686679,0.760261,1.32062,0,0,0,3.34044,0,0,0,0,0.0198868,0,0,0.0356628,0,0,0.0555496,0,0,0,0,0,0,0,0,0,0,0,26.677,308.505,0,0.000223728,0.004509,
8,23,8,0,2.24108,0.221825,0,0,0,0.56944,0.735811,1.11052,0,0,0,4.87868,0,0,0,0,0.334823,0,0,0.0299892,0,0,0.364812,0,0,0,0,0,0,0,0,0,0,0,22.3357,308.505,0,6.05547e-005,0.004509,
8,23,9,0,3.3198,0.221825,0,0,0,0.4857,0.718346,0.960451,0,0,0,5.70612,0,0,0,0,0.647622,0,0,0.0259366,0,0,0.673559,0,0,0,0,0,0,0,0,0,0,0,19.9569,308.505,0,1.26236e-005,0.004509,
8,23,10,0,4.46447,0.221825,0,0,0,0.452204,0.721839,0.990466,0,0,0,6.8508,0,0,0,0,0.175311,0,0,0.0267471,0,0,0.202058,0,0,0,0,0,0,0,0,0,0,0,19.8298,308.505,0,4.75043e-006,0.004509,
8,23,11,0,5.65271,0.221825,0,0,0,0.418708,0.721839,0.990466,0,0,0,8.00555,0,0,0,0,0.0437575,0,0,0.0267471,0,0,0.0705046,0,0,0,0,0,0,0,0,0,0,0,20.2307,308.505,0,7.49994e-006,0.004509,
8,23,12,0,6.39209,0.221825,0,0,0,0.351715,0.718346,0.960451,0,0,0,8.64443,0,0,0,0,0.109837,0,0,0.0259366,0,0,0.135774,0,0,0,0,0,0,0,0,0,0,0,19.7983,308.505,0,4.40402e-006,0.004509,
8,23,13,0,7.25784,0.221825,0,0,0,0.351715,0.721839,0.990466,0,0,0,9.54368,0,0,0,0,0.331028,0,0,0.0267471,0,0,0.357775,0,0,0,0,0,0,0,0,0,0,0,19.7968,308.505,0,4.69049e-006,0.004509,
8,23,14,0,8.66824,0.221825,0,0,0,0.351715,0.728825,1.0505,0,0,0,11.0211,0,0,0,0,0.0309656,0,0,0.0283681,0,0,0.0593337,0,0,0,0,0,0,0,0,0,0,0,19.8181,308.505,0,5.44678e-006,0.004509,
8,23,15,0,9.76229,0.221825,0,0,0,0.435454,0.735811,1.11052,0,0,0,12.2659,0,0,0,0,0.245914,0,0,0.0299892,0,0,0.275903,0,0,0,0,0,0,0,0,0,0,0,19.842,308.505,0,7.41149e-006,0.004509,
8,23,16,0,10.314,0.221825,0,0,0,0.519197,0.760261,1.32062,0,0,0,13.1359,0,0,0,0,0.0308069,0,0,0.0356628,0,0,0.0664697,0,0,0,0,0,0,0,0,0,0,0,20.176,308.505,0,2.19643e-005,0.004509,
8,23,17,0,10.4442,0.221825,0,0,0,0.736923,0.791698,1.59075,0,0,0,13.7854,0,0,0,0,0.0784112,0,0,0.0429574,0,0,0.121369,0,0,0,0,0,0,0,0,0,0,0,21.4889,308.505,0,5.61704e-005,0.004509,
8,23,18,0,10.1923,0.221825,0,0,0,1.40685,0.809163,1.74082,0,0,0,14.371,0,0,0,0,0.160506,0,0,0.04701,0,0,0.207516,0,0,0,0,0,0,0,0,0,0,0,27.5411,308.505,0,0.000236725,0.004509,
8,23,19,0,8.82722,0.221825,0,0,0,1.9763,0.816149,1.80085,0,0,0,13.6423,0,0,0,0,0.0408017,0,0,0.0486311,0,0,0.0894328,0,0,0,0,0,0,0,0,0,0,0,27.9821,308.505,0,0.000250401,0.004509,
8,23,20,0,6.7486,0.221825,0,0,0,1.89255,0.823135,1.86088,0.382647,0,0,11.9296,0,0,0,0,0.182158,0,0,0.0502522,0,0,0.23241,0,0,0,0,0,0,0,0,0,0,0,27.9391,308.505,0,0.00024999,0.004509,
8,23,21,0,5.04868,0.221825,0,0,0,1.60783,0.816149,1.80085,0.382647,0,0,9.87798,0,0,0,0,0.124624,0,0,0.0486311,0,0,0.173255,0,0,0,0,0,0,0,0,0,0,0,27.8019,308.505,0,0.00024588,0.004509,
8,23,22,0,3.5954,0.221825,0,0,0,1.05514,0.788205,1.56074,0.382647,0,0,7.60395,0,0,0,0,0.133709,0,0,0.042147,0,0,0.175856,0,0,0,0,0,0,0,0,0,0,0,27.6992,308.505,0,0.000240123,0.004509,
8,23,23,0,2.19846,0.221825,0,0,0,0.636433,0.763754,1.35064,0.382647,0,0,5.55376,0,0,0,0,0.113781,0,0,0.0364733,0,0,0.150254,0,0,0,0,0,0,0,0,0,0,0,27.5221,308.505,0,0.000238978,0.004509,
8,23,24,0,1.29411,0.221825,0,0,0,0.385211,0.735811,1.11052,0,0,0,3.74749,0,0,0,0,0.0105757,0,0,0.0299892,0,0,0.0405649,0,0,0,0,0,0,0,0,0,0,0,27.4131,308.505,0,0.000237469,0.004509,
8,24,1,0,0.835637,0.221825,0,0,0,0.318218,0.728825,1.0505,0,0,0,3.155,0,0,0,0,0,0,0,0.0283681,0,0,0.0283681,0,0,0,0,0,0,0,0,0,0,0,27.134,308.505,0,0.000233253,0.004509,
8,24,2,0,0.337799,0.221825,0,0,0,0.251224,0.725332,1.02048,0,0,0,2.55666,0,0,0,0,0.00118235,0,0,0.0275576,0,0,0.02874,0,0,0,0,0,0,0,0,0,0,0,27.0956,308.505,0,0.000231454,0.004509,
8,24,3,0,0.0366161,0.221825,0,0,0,0.28472,0.725332,1.02048,0,0,0,2.28897,0,0,0,0,0,0,0,0.0275576,0,0,0.0275576,0,0,0,0,0,0,0,0,0,0,0,27.1341,308.505,0,0.000231465,0.004509,
8,24,4,0,0,0.221825,0,0,0,0.351715,0.718346,0.960451,0,0,0,2.25234,0,0,0,0,0,0,0,0.0259366,0,0,0.0259366,0,0,0,0,0,0,0,0,0,0,0,27.1343,308.505,0,0.000232518,0.004509,
8,24,5,0,0,0.221825,0,0,0,0.519197,0.732318,1.08051,0,0,0,2.55385,0,0,0,0,0.00164485,0,0,0.0291787,0,0,0.0308235,0,0,0,0,0,0,0,0,0,0,0,27.1685,308.505,0,0.000233238,0.004509,
8,24,6,0,0,0.221825,0,0,0,0.703426,0.753275,1.26059,0,0,0,2.93912,0,0,0,0,0.124081,0,0,0.0340418,0,0,0.158123,0,0,0,0,0,0,0,0,0,0,0,27.2597,308.505,0,0.000234433,0.004509,
8,24,7,0,0,0.221825,0,0,0,0.686679,0.760261,1.32062,0,0,0,2.98939,0,0,0,0,0.233228,0,0,0.0356628,0,0,0.268891,0,0,0,0,0,0,0,0,0,0,0,26.7446,308.505,0,0.000228034,0.004509,
8,24,8,0,1.06889,0.221825,0,0,0,0.56944,0.735811,1.11052,0,0,0,3.70649,0,0,0,0,0.109549,0,0,0.0299892,0,0,0.139538,0,0,0,0,0,0,0,0,0,0,0,23.5386,308.505,0,0.000114938,0.004509,
8,24,9,0,2.61861,0.221825,0,0,0,0.4857,0.718346,0.960451,0,0,0,5.00493,0,0,0,0,0.260912,0,0,0.0259366,0,0,0.286849,0,0,0,0,0,0,0,0,0,0,0,20.1659,308.505,0,1.95366e-005,0.004509,
8,24,10,0,3.91032,0.221825,0,0,0,0.452204,0.721839,0.990466,0,0,0,6.29666,0,0,0,0,0.0981045,0,0,0.0267471,0,0,0.124852,0,0,0,0,0,0,0,0,0,0,0,19.8327,308.505,0,5.19794e-006,0.004509,
8,24,11,0,4.98983,0.221825,0,0,0,0.418708,0.721839,0.990466,0,0,0,7.34267,0,0,0,0,0.00734268,0,0,0.0267471,0,0,0.0340898,0,0,0,0,0,0,0,0,0,0,0,20.0767,308.505,0,4.95455e-006,0.004509,
8,24,12,0,6.35884,0.221825,0,0,0,0.351715,0.718346,0.960451,0,0,0,8.61118,0,0,0,0,0.0390643,0,0,0.0259366,0,0,0.0650009,0,0,0,0,0,0,0,0,0,0,0,19.7697,308.505,0,4.96335e-006,0.004509,
8,24,13,0,7.97307,0.221825,0,0,0,0.351715,0.721839,0.990466,0,0,0,10.2589,0,0,0,0,0.018513,0,0,0.0267471,0,0,0.0452601,0,0,0,0,0,0,0,0,0,0,0,19.7851,308.505,0,5.07699e-006,0.004509,
8,24,14,0,9.29182,0.221825,0,0,0,0.351715,0.728825,1.0505,0,0,0,11.6447,0,0,0,0,0.100259,0,0,0.0283681,0,0,0.128627,0,0,0,0,0,0,0,0,0,0,0,19.7902,308.505,0,5.29542e-006,0.004509,
8,24,15,0,10.4579,0.221825,0,0,0,0.435454,0.735811,1.11052,0,0,0,12.9615,0,0,0,0,0.121374,0,0,0.0299892,0,0,0.151363,0,0,0,0,0,0,0,0,0,0,0,19.7869,308.505,0,7.3571e-006,0.004509,
8,24,16,0,11.1095,0.221825,0,0,0,0.519197,0.760261,1.32062,0,0,0,13.9314,0,0,0,0,0.0643193,0,0,0.0356628,0,0,0.0999821,0,0,0,0,0,0,0,0,0,0,0,20.1748,308.505,0,1.88533e-005,0.004509,
8,24,17,0,11.2578,0.221825,0,0,0,0.736923,0.791698,1.59075,0,0,0,14.599,0,0,0,0,0.0269752,0,0,0.0429574,0,0,0.0699326,0,0,0,0,0,0,0,0,0,0,0,21.5673,308.505,0,6.13812e-005,0.004509,
8,24,18,0,10.961,0.221825,0,0,0,1.40685,0.809163,1.74082,0,0,0,15.1397,0,0,0,0,0.0787335,0,0,0.04701,0,0,0.125744,0,0,0,0,0,0,0,0,0,0,0,171.45,308.505,0,0.000246954,0.004509,
8,24,19,0,9.68024,0.221825,0,0,0,1.9763,0.816149,1.80085,0,0,0,14.4954,0,0,0,0,0.094158,0,0,0.0486311,0,0,0.142789,0,0,0,0,0,0,0,0,0,0,0,47.9184,308.505,0,0.000256794,0.004509,
8,24,20,0,8.3552,0.221825,0,0,0,1.89255,0.823135,1.86088,0.382647,0,0,13.5362,0,0,0,0,0.0585124,0,0,0.0502522,0,0,0.108765,0,0,0,0,0,0,0,0,0,0,0,35.5275,308.505,0,0.00025507,0.004509,
8,24,21,0,6.68569,0.221825,0,0,0,1.60783,0.816149,1.80085,0.382647,0,0,11.515,0,0,0,0,0.0778845,0,0,0.0486311,0,0,0.126516,0,0,0,0,0,0,0,0,0,0,0,39.7152,308.505,0,0.000251207,0.004509,
8,24,22,0,4.75964,0.221825,0,0,0,1.05514,0.788205,1.56074,0.382647,0,0,8.76819,0,0,0,0,0.0178245,0,0,0.042147,0,0,0.0599715,0,0,0,0,0,0,0,0,0,0,0,27.4472,308.505,0,0.000240712,0.004509,
8,24,23,0,3.19196,0.221825,0,0,0,0.636433,0.763754,1.35064,0.382647,0,0,6.54726,0,0,0,0,0.0227611,0,0,0.0364733,0,0,0.0592344,0,0,0,0,0,0,0,0,0,0,0,27.3733,308.505,0,0.000238871,0.004509,
8,24,24,0,2.36004,0.221825,0,0,0,0.385211,0.735811,1.11052,0,0,0,4.81342,0,0,0,0,0.000674727,0,0,0.0299892,0,0,0.0306639,0,0,0,0,0,0,0,0,0,0,0,27.3224,308.505,0,0.000238043,0.004509,
8,25,1,0,1.97074,0.221825,0,0,0,0.318218,0.728825,1.0505,0,0,0,4.2901,0,0,0,0,0.0516454,0,0,0.0283681,0,0,0.0800135,0,0,0,0,0,0,0,0,0,0,0,27.6008,308.505,0,0.00024181,0.004509,
8,25,2,0,1.30406,0.221825,0,0,0,0.251224,0.725332,1.02048,0,0,0,3.52292,0,0,0,0,0.0319076,0,0,0.0275576,0,0,0.0594652,0,0,0,0,0,0,0,0,0,0,0,27.5926,308.505,0,0.000241635,0.004509,
8,25,3,0,0.730913,0.221825,0,0,0,0.28472,0.725332,1.02048,0,0,0,2.98327,0,0,0,0,0,0,0,0.0275576,0,0,0.0275576,0,0,0,0,0,0,0,0,0,0,0,27.5675,308.505,0,0.000240553,0.004509,
8,25,4,0,0.583803,0.221825,0,0,0,0.351715,0.718346,0.960451,0,0,0,2.83614,0,0,0,0,0,0,0,0.0259366,0,0,0.0259366,0,0,0,0,0,0,0,0,0,0,0,27.571,308.505,0,0.000240544,0.004509,
8,25,5,0,0.489254,0.221825,0,0,0,0.519197,0.732318,1.08051,0,0,0,3.0431,0,0,0,0,0.00190714,0,0,0.0291787,0,0,0.0310858,0,0,0,0,0,0,0,0,0,0,0,27.5856,308.505,0,0.0002415,0.004509,
8,25,6,0,0.747571,0.221825,0,0,0,0.703426,0.753275,1.26059,0,0,0,3.68669,0,0,0,0,0.0947133,0,0,0.0340418,0,0,0.128755,0,0,0,0,0,0,0,0,0,0,0,27.606,308.505,0,0.000241564,0.004509,
8,25,7,0,2.00786,0.221825,0,0,0,0.686679,0.760261,1.32062,0,0,0,4.99725,0,0,0,0,0.0945857,0,0,0.0356628,0,0,0.130249,0,0,0,0,0,0,0,0,0,0,0,27.2819,308.505,0,0.000234085,0.004509,
8,25,8,0,3.34433,0.221825,0,0,0,0.56944,0.735811,1.11052,0,0,0,5.98193,0,0,0,0,0.26022,0,0,0.0299892,0,0,0.290209,0,0,0,0,0,0,0,0,0,0,0,24.3251,308.505,0,0.000141929,0.004509,
8,25,9,0,4.83273,0.221825,0,0,0,0.4857,0.718346,0.960451,0,0,0,7.21905,0,0,0,0,0.257264,0,0,0.0259366,0,0,0.283201,0,0,0,0,0,0,0,0,0,0,0,21.1181,308.505,0,4.23209e-005,0.004509,
8,25,10,0,6.46069,0.221825,0,0,0,0.452204,0.721839,0.990466,0,0,0,8.84703,0,0,0,0,0.107763,0,0,0.0267471,0,0,0.13451,0,0,0,0,0,0,0,0,0,0,0,20.8468,308.505,0,3.38819e-005,0.004509,
8,25,11,0,7.89432,0.221825,0,0,0,0.418708,0.721839,0.990466,0,0,0,10.2472,0,0,0,0,0.0116897,0,0,0.0267471,0,0,0.0384368,0,0,0,0,0,0,0,0,0,0,0,20.8395,308.505,0,3.49522e-005,0.004509,
8,25,12,0,8.76829,0.221825,0,0,0,0.351715,0.718346,0.960451,0,0,0,11.0206,0,0,0,0,0.0155808,0,0,0.0259366,0,0,0.0415174,0,0,0,0,0,0,0,0,0,0,0,20.8261,308.505,0,3.07822e-005,0.004509,
8,25,13,0,9.55534,0.221825,0,0,0,0.351715,0.721839,0.990466,0,0,0,11.8412,0,0,0,0,0.0302521,0,0,0.0267471,0,0,0.0569992,0,0,0,0,0,0,0,0,0,0,0,20.7969,308.505,0,3.2399e-005,0.004509,
8,25,14,0,10.4783,0.221825,0,0,0,0.351715,0.728825,1.0505,0,0,0,12.8312,0,0,0,0,0.0627099,0,0,0.0283681,0,0,0.091078,0,0,0,0,0,0,0,0,0,0,0,20.7591,308.505,0,3.28311e-005,0.004509,
8,25,15,0,10.8232,0.221825,0,0,0,0.435454,0.735811,1.11052,0,0,0,13.3268,0,0,0,0,0.0597337,0,0,0.0299892,0,0,0.0897229,0,0,0,0,0,0,0,0,0,0,0,20.7862,308.505,0,3.4115e-005,0.004509,
8,25,16,0,10.8352,0.221825,0,0,0,0.519197,0.760261,1.32062,0,0,0,13.6571,0,0,0,0,0.0646051,0,0,0.0356628,0,0,0.100268,0,0,0,0,0,0,0,0,0,0,0,21.2026,308.505,0,4.6276e-005,0.004509,
8,25,17,0,10.5515,0.221825,0,0,0,0.736923,0.791698,1.59075,0,0,0,13.8927,0,0,0,0,0.0809507,0,0,0.0429574,0,0,0.123908,0,0,0,0,0,0,0,0,0,0,0,22.1734,308.505,0,8.09259e-005,0.004509,
8,25,18,0,9.98614,0.221825,0,0,0,1.40685,0.809163,1.74082,0,0,0,14.1648,0,0,0,0,0.0999894,0,0,0.04701,0,0,0.146999,0,0,0,0,0,0,0,0,0,0,0,234.759,308.505,0,0.000246053,0.004509,
8,25,19,0,8.88472,0.221825,0,0,0,1.9763,0.816149,1.80085,0,0,0,13.6998,0,0,0,0,0.0465679,0,0,0.0486311,0,0,0.095199,0,0,0,0,0,0,0,0,0,0,0,55.2055,308.505,0,0.000249782,0.004509,
8,25,20,0,7.5295,0.221825,0,0,0,1.89255,0.823135,1.86088,0.382647,0,0,12.7105,0,0,0,0,0.211438,0,0,0.0502522,0,0,0.26169,0,0,0,0,0,0,0,0,0,0,0,35.5392,308.505,0,0.0002478,0.004509,
8,25,21,0,5.60542,0.221825,0,0,0,1.60783,0.816149,1.80085,0.382647,0,0,10.4347,0,0,0,0,0.0466132,0,0,0.0486311,0,0,0.0952443,0,0,0,0,0,0,0,0,0,0,0,29.1922,308.505,0,0.00024623,0.004509,
8,25,22,0,4.0635,0.221825,0,0,0,1.05514,0.788205,1.56074,0.382647,0,0,8.07205,0,0,0,0,0.271282,0,0,0.042147,0,0,0.313429,0,0,0,0,0,0,0,0,0,0,0,27.5873,308.505,0,0.000241635,0.004509,
8,25,23,0,3.05697,0.221825,0,0,0,0.636433,0.763754,1.35064,0.382647,0,0,6.41226,0,0,0,0,0.0253066,0,0,0.0364733,0,0,0.0617799,0,0,0,0,0,0,0,0,0,0,0,27.484,308.505,0,0.00023987,0.004509,
8,25,24,0,2.49239,0.221825,0,0,0,0.385211,0.735811,1.11052,0,0,0,4.94576,0,0,0,0,0.0107719,0,0,0.0299892,0,0,0.0407611,0,0,0,0,0,0,0,0,0,0,0,27.4582,308.505,0,0.00023968,0.004509,
8,26,1,0,2.00387,0.221825,0,0,0,0.318218,0.728825,1.0505,0,0,0,4.32323,0,0,0,0,0,0,0,0.0283681,0,0,0.0283681,0,0,0,0,0,0,0,0,0,0,0,27.3275,308.505,0,0.000233225,0.004509,
8,26,2,0,1.15924,0.221825,0,0,0,0.251224,0.725332,1.02048,0,0,0,3.3781,0,0,0,0,0.0102198,0,0,0.0275576,0,0,0.0377774,0,0,0,0,0,0,0,0,0,0,0,27.2565,308.505,0,0.000230782,0.004509,
8,26,3,0,0.565862,0.221825,0,0,0,0.28472,0.725332,1.02048,0,0,0,2.81822,0,0,0,0,0,0,0,0.0275576,0,0,0.0275576,0,0,0,0,0,0,0,0,0,0,0,27.1753,308.505,0,0.000230913,0.004509,
8,26,4,0,0.303157,0.221825,0,0,0,0.351715,0.718346,0.960451,0,0,0,2.55549,0,0,0,0,0,0,0,0.0259366,0,0,0.0259366,0,0,0,0,0,0,0,0,0,0,0,27.199,308.505,0,0.000231524,0.004509,
8,26,5,0,0.496972,0.221825,0,0,0,0.519197,0.732318,1.08051,0,0,0,3.05082,0,0,0,0,0.000878936,0,0,0.0291787,0,0,0.0300576,0,0,0,0,0,0,0,0,0,0,0,27.331,308.505,0,0.000233106,0.004509,
8,26,6,0,1.06271,0.221825,0,0,0,0.703426,0.753275,1.26059,0,0,0,4.00183,0,0,0,0,0.0104388,0,0,0.0340418,0,0,0.0444806,0,0,0,0,0,0,0,0,0,0,0,27.4346,308.505,0,0.000234848,0.004509,
8,26,7,0,2.32219,0.221825,0,0,0,0.686679,0.760261,1.32062,0,0,0,5.31157,0,0,0,0,0.159393,0,0,0.0356628,0,0,0.195056,0,0,0,0,0,0,0,0,0,0,0,27.2017,308.505,0,0.000232276,0.004509,
8,26,8,0,3.471,0.221825,0,0,0,0.56944,0.735811,1.11052,0,0,0,6.1086,0,0,0,0,0.0853376,0,0,0.0299892,0,0,0.115327,0,0,0,0,0,0,0,0,0,0,0,23.1879,308.505,0,0.000129483,0.004509,
8,26,9,0,4.50151,0.221825,0,0,0,0.4857,0.718346,0.960451,0,0,0,6.88783,0,0,0,0,0.44271,0,0,0.0259366,0,0,0.468647,0,0,0,0,0,0,0,0,0,0,0,21.1647,308.505,0,4.32287e-005,0.004509,
8,26,10,0,6.01353,0.221825,0,0,0,0.452204,0.721839,0.990466,0,0,0,8.39987,0,0,0,0,0.111995,0,0,0.0267471,0,0,0.138742,0,0,0,0,0,0,0,0,0,0,0,21.1288,308.505,1.39425e-015,3.82463e-005,0.004509,
8,26,11,0,7.28913,0.221825,0,0,0,0.418708,0.721839,0.990466,0,0,0,9.64197,0,0,0,0,0.00674735,0,0,0.0267471,0,0,0.0334945,0,0,0,0,0,0,0,0,0,0,0,21.1137,308.505,1.31457e-013,3.89242e-005,0.004509,
8,26,12,0,7.8643,0.221825,0,0,0,0.351715,0.718346,0.960451,0,0,0,10.1166,0,0,0,0,0.0273385,0,0,0.0259366,0,0,0.0532751,0,0,0,0,0,0,0,0,0,0,0,21.0915,308.505,4.90275e-011,3.70203e-005,0.004509,
8,26,13,0,8.0908,0.221825,0,0,0,0.351715,0.721839,0.990466,0,0,0,10.3766,0,0,0,0,0.00616858,0,0,0.0267471,0,0,0.0329157,0,0,0,0,0,0,0,0,0,0,0,21.0917,308.505,1.76651e-007,3.81738e-005,0.004509,
8,26,14,0,8.51694,0.221825,0,0,0,0.351715,0.728825,1.0505,0,0,0,10.8698,0,0,0,0,0.271432,0,0,0.0283681,0,0,0.2998,0,0,0,0,0,0,0,0,0,0,0,21.1622,308.505,1.03556e-005,3.92227e-005,0.004509,
8,26,15,0,9.39336,0.221825,0,0,0,0.435454,0.735811,1.11052,0,0,0,11.897,0,0,0,0,0.0973808,0,0,0.0299892,0,0,0.12737,0,0,0,0,0,0,0,0,0,0,0,21.2659,308.505,0.000308833,4.44027e-005,0.004509,
8,26,16,0,9.8614,0.221825,0,0,0,0.519197,0.760261,1.32062,0,0,0,12.6833,0,0,0,0,0.0524674,0,0,0.0356628,0,0,0.0881302,0,0,0,0,0,0,0,0,0,0,0,21.6579,308.505,0.000853906,5.63295e-005,0.004509,
8,26,17,0,9.79921,0.221825,0,0,0,0.736923,0.791698,1.59075,0,0,0,13.1404,0,0,0,0,0.0208743,0,0,0.0429574,0,0,0.0638317,0,0,0,0,0,0,0,0,0,0,0,23.0593,308.505,0.00108134,0.000108247,0.004509,
8,26,18,0,9.4014,0.221825,0,0,0,1.40685,0.809163,1.74082,0,0,0,13.5801,0,0,0,0,0.1689,0,0,0.04701,0,0,0.21591,0,0,0,0,0,0,0,0,0,0,0,118.197,308.505,0.00363159,0.000251704,0.004509,
8,26,19,0,7.69783,0.221825,0,0,0,1.9763,0.816149,1.80085,0,0,0,12.513,0,0,0,0,0.00561961,0,0,0.0486311,0,0,0.0542507,0,0,0,0,0,0,0,0,0,0,0,29.6465,308.505,0.0221942,0.000264169,0.004509,
8,26,20,0,5.90089,0.221825,0,0,0,1.89255,0.823135,1.86088,0.382647,0,0,11.0819,0,0,0,0,0.00920512,0,0,0.0502522,0,0,0.0594573,0,0,0,0,0,0,0,0,0,0,0,47.0326,308.505,0.0170074,0.000262734,0.004509,
8,26,21,0,4.34464,0.221825,0,0,0,1.60783,0.816149,1.80085,0.382647,0,0,9.17394,0,0,0,0,0.058206,0,0,0.0486311,0,0,0.106837,0,0,0,0,0,0,0,0,0,0,0,28.1459,308.505,0.000571355,0.00026042,0.004509,
8,26,22,0,2.71019,0.221825,0,0,0,1.05514,0.788205,1.56074,0.382647,0,0,6.71874,0,0,0,0,0.0465076,0,0,0.042147,0,0,0.0886546,0,0,0,0,0,0,0,0,0,0,0,27.7588,308.505,1.63574e-009,0.000248087,0.004509,
8,26,23,0,1.64931,0.221825,0,0,0,0.636433,0.763754,1.35064,0.382647,0,0,5.0046,0,0,0,0,0.00612246,0,0,0.0364733,0,0,0.0425958,0,0,0,0,0,0,0,0,0,0,0,27.6644,308.505,0,0.00024626,0.004509,
8,26,24,0,1.05437,0.221825,0,0,0,0.385211,0.735811,1.11052,0,0,0,3.50774,0,0,0,0,0.000265438,0,0,0.0299892,0,0,0.0302546,0,0,0,0,0,0,0,0,0,0,0,27.5736,308.505,0,0.000244224,0.004509,
8,27,1,0,0.578552,0.221825,0,0,0,0.318218,0.728825,1.0505,0,0,0,2.89791,0,0,0,0,0.000236068,0,0,0.0283681,0,0,0.0286042,0,0,0,0,0,0,0,0,0,0,0,27.4778,308.505,0,0.000242405,0.004509,
8,27,2,0,0.196237,0.221825,0,0,0,0.251224,0.725332,1.02048,0,0,0,2.4151,0,0,0,0,0.00118109,0,0,0.0275576,0,0,0.0287387,0,0,0,0,0,0,0,0,0,0,0,27.4547,308.505,0,0.000241533,0.004509,
8,27,3,0,0.0461266,0.221825,0,0,0,0.28472,0.725332,1.02048,0,0,0,2.29848,0,0,0,0,0.000825984,0,0,0.0275576,0,0,0.0283836,0,0,0,0,0,0,0,0,0,0,0,27.45,308.505,0,0.000241191,0.004509,
8,27,4,0,0,0.221825,0,0,0,0.351715,0.718346,0.960451,0,0,0,2.25234,0,0,0,0,0.000708205,0,0,0.0259366,0,0,0.0266448,0,0,0,0,0,0,0,0,0,0,0,27.4529,308.505,0,0.000241491,0.004509,
8,27,5,0,0,0.221825,0,0,0,0.519197,0.732318,1.08051,0,0,0,2.55385,0,0,0,0,0.00758382,0,0,0.0291787,0,0,0.0367625,0,0,0,0,0,0,0,0,0,0,0,27.4583,308.505,0,0.000241992,0.004509,
8,27,6,0,0,0.221825,0,0,0,0.703426,0.753275,1.26059,0,0,0,2.93912,0,0,0,0,0.139291,0,0,0.0340418,0,0,0.173333,0,0,0,0,0,0,0,0,0,0,0,31.2195,308.505,0,0.000243051,0.004509,
8,27,7,0,0,0.221825,0,0,0,0.686679,0.760261,1.32062,0,0,0,2.98939,0,0,0,0,0.486656,0,0,0.0356628,0,0,0.522319,0,0,0,0,0,0,0,0,0,0,0,27.253,308.505,0,0.000240201,0.004509,
8,27,8,0,0.863141,0.221825,0,0,0,0.56944,0.735811,1.11052,0,0,0,3.50074,0,0,0,0,0.125824,0,0,0.0299892,0,0,0.155813,0,0,0,0,0,0,0,0,0,0,0,23.9721,308.505,0,0.000156207,0.004509,
8,27,9,0,2.49267,0.221825,0,0,0,0.4857,0.718346,0.960451,0,0,0,4.87899,0,0,0,0,0.140689,0,0,0.0259366,0,0,0.166626,0,0,0,0,0,0,0,0,0,0,0,21.7562,308.505,0,4.57469e-005,0.004509,
8,27,10,0,3.8694,0.221825,0,0,0,0.452204,0.721839,0.990466,0,0,0,6.25573,0,0,0,0,0.0270155,0,0,0.0267471,0,0,0.0537626,0,0,0,0,0,0,0,0,0,0,0,21.4332,308.505,1.39425e-015,3.4984e-005,0.004509,
8,27,11,0,5.10841,0.221825,0,0,0,0.418708,0.721839,0.990466,0,0,0,7.46125,0,0,0,0,0.00333205,0,0,0.0267471,0,0,0.0300791,0,0,0,0,0,0,0,0,0,0,0,21.1986,308.505,1.31457e-013,3.39079e-005,0.004509,
8,27,12,0,6.53679,0.221825,0,0,0,0.351715,0.718346,0.960451,0,0,0,8.78913,0,0,0,0,0.0195404,0,0,0.0259366,0,0,0.045477,0,0,0,0,0,0,0,0,0,0,0,21.2078,308.505,4.90275e-011,3.28129e-005,0.004509,
8,27,13,0,7.72311,0.221825,0,0,0,0.351715,0.721839,0.990466,0,0,0,10.009,0,0,0,0,0.00695575,0,0,0.0267471,0,0,0.0337028,0,0,0,0,0,0,0,0,0,0,0,21.4035,308.505,1.76651e-007,3.55501e-005,0.004509,
8,27,14,0,8.50009,0.221825,0,0,0,0.351715,0.728825,1.0505,0,0,0,10.8529,0,0,0,0,0.0131428,0,0,0.0283681,0,0,0.0415109,0,0,0,0,0,0,0,0,0,0,0,21.4402,308.505,1.03556e-005,3.52983e-005,0.004509,
8,27,15,0,9.51314,0.221825,0,0,0,0.435454,0.735811,1.11052,0,0,0,12.0168,0,0,0,0,0.187216,0,0,0.0299892,0,0,0.217205,0,0,0,0,0,0,0,0,0,0,0,21.4611,308.505,0.000308833,3.81171e-005,0.004509,
8,27,16,0,10.1257,0.221825,0,0,0,0.519197,0.760261,1.32062,0,0,0,12.9476,0,0,0,0,0.116492,0,0,0.0356628,0,0,0.152155,0,0,0,0,0,0,0,0,0,0,0,21.8232,308.505,0.000853906,5.08614e-005,0.004509,
8,27,17,0,10.1511,0.221825,0,0,0,0.736923,0.791698,1.59075,0,0,0,13.4923,0,0,0,0,0.00735316,0,0,0.0429574,0,0,0.0503106,0,0,0,0,0,0,0,0,0,0,0,22.8294,308.505,0.00108134,0.000105518,0.004509,
8,27,18,0,9.77159,0.221825,0,0,0,1.40685,0.809163,1.74082,0,0,0,13.9502,0,0,0,0,0.146654,0,0,0.04701,0,0,0.193664,0,0,0,0,0,0,0,0,0,0,0,121.857,308.505,0.00363159,0.000255987,0.004509,
8,27,19,0,8.44235,0.221825,0,0,0,1.9763,0.816149,1.80085,0,0,0,13.2575,0,0,0,0,0.0454529,0,0,0.0486311,0,0,0.094084,0,0,0,0,0,0,0,0,0,0,0,70.2436,308.505,0.0221942,0.000276137,0.004509,
8,27,20,0,6.6238,0.221825,0,0,0,1.89255,0.823135,1.86088,0.382647,0,0,11.8048,0,0,0,0,0.049998,0,0,0.0502522,0,0,0.10025,0,0,0,0,0,0,0,0,0,0,0,97.8734,308.505,0.0170074,0.000273993,0.004509,
8,27,21,0,4.78927,0.221825,0,0,0,1.60783,0.816149,1.80085,0.382647,0,0,9.61857,0,0,0,0,0.0539095,0,0,0.0486311,0,0,0.102541,0,0,0,0,0,0,0,0,0,0,0,38.0627,308.505,0.000571355,0.000268449,0.004509,
8,27,22,0,3.23098,0.221825,0,0,0,1.05514,0.788205,1.56074,0.382647,0,0,7.23953,0,0,0,0,0.0925196,0,0,0.042147,0,0,0.134667,0,0,0,0,0,0,0,0,0,0,0,27.8956,308.505,1.63574e-009,0.000249094,0.004509,
8,27,23,0,2.05728,0.221825,0,0,0,0.636433,0.763754,1.35064,0.382647,0,0,5.41257,0,0,0,0,0.0109621,0,0,0.0364733,0,0,0.0474354,0,0,0,0,0,0,0,0,0,0,0,27.5821,308.505,0,0.000245974,0.004509,
8,27,24,0,1.33918,0.221825,0,0,0,0.385211,0.735811,1.11052,0,0,0,3.79255,0,0,0,0,0.0184126,0,0,0.0299892,0,0,0.0484018,0,0,0,0,0,0,0,0,0,0,0,27.4897,308.505,0,0.000244283,0.004509,
8,28,1,0,0.827811,0.221825,0,0,0,0.318218,0.728825,1.0505,0,0,0,3.14717,0,0,0,0,0,0,0,0.0283681,0,0,0.0283681,0,0,0,0,0,0,0,0,0,0,0,27.3952,308.505,0,0.00024805,0.004509,
8,28,2,0,0.400904,0.221825,0,0,0,0.251224,0.725332,1.02048,0,0,0,2.61977,0,0,0,0,0,0,0,0.0275576,0,0,0.0275576,0,0,0,0,0,0,0,0,0,0,0,28.4243,308.505,0,0.000247233,0.004509,
8,28,3,0,0.238642,0.221825,0,0,0,0.28472,0.725332,1.02048,0,0,0,2.491,0,0,0,0,0.00101717,0,0,0.0275576,0,0,0.0285748,0,0,0,0,0,0,0,0,0,0,0,32.4236,308.505,0,0.000245132,0.004509,
8,28,4,0,0.117208,0.221825,0,0,0,0.351715,0.718346,0.960451,0,0,0,2.36954,0,0,0,0,0,0,0,0.0259366,0,0,0.0259366,0,0,0,0,0,0,0,0,0,0,0,39.373,308.505,0,0.000242719,0.004509,
8,28,5,0,0.0899596,0.221825,0,0,0,0.519197,0.732318,1.08051,0,0,0,2.64381,0,0,0,0,0.0550891,0,0,0.0291787,0,0,0.0842678,0,0,0,0,0,0,0,0,0,0,0,55.7661,308.505,0,0.000245914,0.004509,
8,28,6,0,0,0.221825,0,0,0,0.703426,0.753275,1.26059,0,0,0,2.93912,0,0,0,0,0.251371,0,0,0.0340418,0,0,0.285413,0,0,0,0,0,0,0,0,0,0,0,64.9869,308.505,0,0.000248953,0.004509,
8,28,7,0,0.828068,0.221825,0,0,0,0.686679,0.760261,1.32062,0,0,0,3.81746,0,0,0,0,0.395517,0,0,0.0356628,0,0,0.43118,0,0,0,0,0,0,0,0,0,0,0,27.07,308.505,0,0.000234435,0.004509,
8,28,8,0,2.66266,0.221825,0,0,0,0.56944,0.735811,1.11052,0,0,0,5.30026,0,0,0,0,0.405839,0,0,0.0299892,0,0,0.435828,0,0,0,0,0,0,0,0,0,0,0,24.4068,308.505,0,0.000161192,0.004509,
8,28,9,0,4.29219,0.221825,0,0,0,0.4857,0.718346,0.960451,0,0,0,6.67851,0,0,0,0,0.0863848,0,0,0.0259366,0,0,0.112321,0,0,0,0,0,0,0,0,0,0,0,22.2548,308.505,0,6.05335e-005,0.004509,
8,28,10,0,5.93458,0.221825,0,0,0,0.452204,0.721839,0.990466,0,0,0,8.32091,0,0,0,0,0.0330885,0,0,0.0267471,0,0,0.0598356,0,0,0,0,0,0,0,0,0,0,0,22.1166,308.505,0,5.6571e-005,0.004509,
8,28,11,0,7.27175,0.221825,0,0,0,0.418708,0.721839,0.990466,0,0,0,9.62459,0,0,0,0,0.198393,0,0,0.0267471,0,0,0.22514,0,0,0,0,0,0,0,0,0,0,0,22.3463,308.505,0,6.06584e-005,0.004509,
8,28,12,0,8.68385,0.221825,0,0,0,0.351715,0.718346,0.960451,0,0,0,10.9362,0,0,0,0,0.13955,0,0,0.0259366,0,0,0.165487,0,0,0,0,0,0,0,0,0,0,0,22.3293,308.505,0,6.06495e-005,0.004509,
8,28,13,0,10.0926,0.221825,0,0,0,0.351715,0.721839,0.990466,0,0,0,12.3784,0,0,0,0,0.0564492,0,0,0.0267471,0,0,0.0831963,0,0,0,0,0,0,0,0,0,0,0,22.023,308.505,0,5.65409e-005,0.004509,
8,28,14,0,11.4458,0.221825,0,0,0,0.351715,0.728825,1.0505,0,0,0,13.7987,0,0,0,0,0.0999647,0,0,0.0283681,0,0,0.128333,0,0,0,0,0,0,0,0,0,0,0,22.0517,308.505,0,5.73748e-005,0.004509,
8,28,15,0,12.0206,0.221825,0,0,0,0.435454,0.735811,1.11052,0,0,0,14.5242,0,0,0,0,0.225538,0,0,0.0299892,0,0,0.255527,0,0,0,0,0,0,0,0,0,0,0,22.1221,308.505,0,5.90321e-005,0.004509,
8,28,16,0,12.036,0.221825,0,0,0,0.519197,0.760261,1.32062,0,0,0,14.858,0,0,0,0,0.135158,0,0,0.0356628,0,0,0.170821,0,0,0,0,0,0,0,0,0,0,0,71.0935,308.505,0,7.20326e-005,0.004509,
8,28,17,0,11.9913,0.221825,0,0,0,0.736923,0.791698,1.59075,0,0,0,15.3325,0,0,0,0,0.0945544,0,0,0.0429574,0,0,0.137512,0,0,0,0,0,0,0,0,0,0,0,286.59,308.505,0,0.000125126,0.004509,
8,28,18,0,11.8642,0.221825,0,0,0,1.40685,0.809163,1.74082,0,0,0,16.0428,0,0,0,0,0.143232,0,0,0.04701,0,0,0.190242,0,0,0,0,0,0,0,0,0,0,0,757.961,308.505,0,0.000262891,0.004509,
8,28,19,0,11.5597,0.221825,0,0,0,1.9763,0.816149,1.80085,0,0,0,16.3748,0,0,0,0,0.145001,0,0,0.0486311,0,0,0.193632,0,0,0,0,0,0,0,0,0,0,0,246.933,308.505,0,0.000280396,0.004509,
8,28,20,0,10.5506,0.221825,0,0,0,1.89255,0.823135,1.86088,0.382647,0,0,15.7316,0,0,0,0,0.0771518,0,0,0.0502522,0,0,0.127404,0,0,0,0,0,0,0,0,0,0,0,224.736,308.505,0,0.000278546,0.004509,
8,28,21,0,8.42056,0.221825,0,0,0,1.60783,0.816149,1.80085,0.382647,0,0,13.2499,0,0,0,0,0.160489,0,0,0.0486311,0,0,0.20912,0,0,0,0,0,0,0,0,0,0,0,162.247,308.505,0,0.000273952,0.004509,
8,28,22,0,5.49648,0.221825,0,0,0,1.05514,0.788205,1.56074,0.382647,0,0,9.50503,0,0,0,0,0.0183097,0,0,0.042147,0,0,0.0604567,0,0,0,0,0,0,0,0,0,0,0,27.9559,308.505,0,0.000254506,0.004509,
8,28,23,0,3.69855,0.221825,0,0,0,0.636433,0.763754,1.35064,0.382647,0,0,7.05385,0,0,0,0,0.00995386,0,0,0.0364733,0,0,0.0464272,0,0,0,0,0,0,0,0,0,0,0,29.5709,308.505,0,0.000252842,0.004509,
8,28,24,0,2.5863,0.221825,0,0,0,0.385211,0.735811,1.11052,0,0,0,5.03967,0,0,0,0,0.00605694,0,0,0.0299892,0,0,0.0360461,0,0,0,0,0,0,0,0,0,0,0,37.3829,308.505,0,0.00025175,0.004509,
8,29,1,0,1.77813,0.221825,0,0,0,0.318218,0.728825,1.0505,0,0,0,4.09749,0,0,0,0,0.000753444,0,0,0.0283681,0,0,0.0291215,0,0,0,0,0,0,0,0,0,0,0,34.0784,308.505,0,0.000225213,0.004509,
8,29,2,0,1.12208,0.221825,0,0,0,0.251224,0.725332,1.02048,0,0,0,3.34094,0,0,0,0,0.00629293,0,0,0.0275576,0,0,0.0338505,0,0,0,0,0,0,0,0,0,0,0,30.7981,308.505,0,0.000224915,0.004509,
8,29,3,0,0.691314,0.221825,0,0,0,0.28472,0.725332,1.02048,0,0,0,2.94367,0,0,0,0,0.000640297,0,0,0.0275576,0,0,0.0281979,0,0,0,0,0,0,0,0,0,0,0,29.862,308.505,0,0.000224723,0.004509,
8,29,4,0,0.363341,0.221825,0,0,0,0.351715,0.718346,0.960451,0,0,0,2.61568,0,0,0,0,0.000753444,0,0,0.0259366,0,0,0.02669,0,0,0,0,0,0,0,0,0,0,0,38.2871,308.505,0,0.000225121,0.004509,
8,29,5,0,0.31257,0.221825,0,0,0,0.519197,0.732318,1.08051,0,0,0,2.86642,0,0,0,0,0.0373358,0,0,0.0291787,0,0,0.0665145,0,0,0,0,0,0,0,0,0,0,0,44.4765,308.505,0,0.000225419,0.004509,
8,29,6,0,0.0191428,0.221825,0,0,0,0.703426,0.753275,1.26059,0,0,0,2.95826,0,0,0,0,0.142297,0,0,0.0340418,0,0,0.176339,0,0,0,0,0,0,0,0,0,0,0,49.3806,308.505,0,0.000225921,0.004509,
8,29,7,0,1.4934,0.221825,0,0,0,0.686679,0.760261,1.32062,0,0,0,4.48279,0,0,0,0,0.339714,0,0,0.0356628,0,0,0.375377,0,0,0,0,0,0,0,0,0,0,0,27.0237,308.505,0,0.000220054,0.004509,
8,29,8,0,3.3316,0.221825,0,0,0,0.56944,0.735811,1.11052,0,0,0,5.9692,0,0,0,0,0.132855,0,0,0.0299892,0,0,0.162844,0,0,0,0,0,0,0,0,0,0,0,24.4347,308.505,0,0.000141716,0.004509,
8,29,9,0,4.77709,0.221825,0,0,0,0.4857,0.718346,0.960451,0,0,0,7.16342,0,0,0,0,0.145968,0,0,0.0259366,0,0,0.171905,0,0,0,0,0,0,0,0,0,0,0,22.4684,308.505,0,6.32611e-005,0.004509,
8,29,10,0,6.30246,0.221825,0,0,0,0.452204,0.721839,0.990466,0,0,0,8.68879,0,0,0,0,0.115508,0,0,0.0267471,0,0,0.142255,0,0,0,0,0,0,0,0,0,0,0,22.4322,308.505,0,6.28341e-005,0.004509,
8,29,11,0,7.74228,0.221825,0,0,0,0.418708,0.721839,0.990466,0,0,0,10.0951,0,0,0,0,0.180771,0,0,0.0267471,0,0,0.207518,0,0,0,0,0,0,0,0,0,0,0,22.2923,308.505,0,6.2521e-005,0.004509,
8,29,12,0,8.61381,0.221825,0,0,0,0.351715,0.718346,0.960451,0,0,0,10.8661,0,0,0,0,0.0623717,0,0,0.0259366,0,0,0.0883083,0,0,0,0,0,0,0,0,0,0,0,22.3021,308.505,0,6.30549e-005,0.004509,
8,29,13,0,9.91596,0.221825,0,0,0,0.351715,0.721839,0.990466,0,0,0,12.2018,0,0,0,0,0.0142104,0,0,0.0267471,0,0,0.0409575,0,0,0,0,0,0,0,0,0,0,0,22.2878,308.505,0,6.22633e-005,0.004509,
8,29,14,0,10.9456,0.221825,0,0,0,0.351715,0.728825,1.0505,0,0,0,13.2984,0,0,0,0,0.0755862,0,0,0.0283681,0,0,0.103954,0,0,0,0,0,0,0,0,0,0,0,22.2225,308.505,0,6.53962e-005,0.004509,
8,29,15,0,11.4868,0.221825,0,0,0,0.435454,0.735811,1.11052,0,0,0,13.9904,0,0,0,0,0.12079,0,0,0.0299892,0,0,0.150779,0,0,0,0,0,0,0,0,0,0,0,22.243,308.505,0,6.76244e-005,0.004509,
8,29,16,0,11.643,0.221825,0,0,0,0.519197,0.760261,1.32062,0,0,0,14.4649,0,0,0,0,0.254169,0,0,0.0356628,0,0,0.289832,0,0,0,0,0,0,0,0,0,0,0,22.5792,308.505,0,7.14846e-005,0.004509,
8,29,17,0,11.4707,0.221825,0,0,0,0.736923,0.791698,1.59075,0,0,0,14.8119,0,0,0,0,0.126471,0,0,0.0429574,0,0,0.169428,0,0,0,0,0,0,0,0,0,0,0,23.8685,308.505,0,0.0001039,0.004509,
8,29,18,0,10.8482,0.221825,0,0,0,1.40685,0.809163,1.74082,0,0,0,15.0268,0,0,0,0,0.0671623,0,0,0.04701,0,0,0.114172,0,0,0,0,0,0,0,0,0,0,0,316.177,308.505,0,0.000248035,0.004509,
8,29,19,0,9.82843,0.221825,0,0,0,1.9763,0.816149,1.80085,0,0,0,14.6435,0,0,0,0,0.0979014,0,0,0.0486311,0,0,0.146532,0,0,0,0,0,0,0,0,0,0,0,96.3049,308.505,0,0.000266135,0.004509,
8,29,20,0,8.76791,0.221825,0,0,0,1.89255,0.823135,1.86088,0.382647,0,0,13.9489,0,0,0,0,0.156792,0,0,0.0502522,0,0,0.207044,0,0,0,0,0,0,0,0,0,0,0,103.628,308.505,0,0.000265692,0.004509,
8,29,21,0,6.86493,0.221825,0,0,0,1.60783,0.816149,1.80085,0.382647,0,0,11.6942,0,0,0,0,0.111781,0,0,0.0486311,0,0,0.160412,0,0,0,0,0,0,0,0,0,0,0,36.5134,308.505,0,0.000257483,0.004509,
8,29,22,0,5.05667,0.221825,0,0,0,1.05514,0.788205,1.56074,0.382647,0,0,9.06522,0,0,0,0,0.0140431,0,0,0.042147,0,0,0.0561901,0,0,0,0,0,0,0,0,0,0,0,27.7476,308.505,0,0.000243574,0.004509,
8,29,23,0,3.80007,0.221825,0,0,0,0.636433,0.763754,1.35064,0.382647,0,0,7.15537,0,0,0,0,0.064671,0,0,0.0364733,0,0,0.101144,0,0,0,0,0,0,0,0,0,0,0,27.9477,308.505,0,0.000239217,0.004509,
8,29,24,0,3.04653,0.221825,0,0,0,0.385211,0.735811,1.11052,0,0,0,5.4999,0,0,0,0,0.0501086,0,0,0.0299892,0,0,0.0800978,0,0,0,0,0,0,0,0,0,0,0,27.9585,308.505,0,0.000237027,0.004509,
8,30,1,0,2.54034,0.221825,0,0,0,0.318218,0.728825,1.0505,0,0,0,4.8597,0,0,0,0,0,0,0,0.0283681,0,0,0.0283681,0,0,0,0,0,0,0,0,0,0,0,26.8109,308.505,0,0.000223589,0.004509,
8,30,2,0,2.10812,0.221825,0,0,0,0.251224,0.725332,1.02048,0,0,0,4.32698,0,0,0,0,0,0,0,0.0275576,0,0,0.0275576,0,0,0,0,0,0,0,0,0,0,0,26.739,308.505,0,0.000222325,0.004509,
8,30,3,0,1.67446,0.221825,0,0,0,0.28472,0.725332,1.02048,0,0,0,3.92682,0,0,0,0,0,0,0,0.0275576,0,0,0.0275576,0,0,0,0,0,0,0,0,0,0,0,26.7078,308.505,0,0.000220687,0.004509,
8,30,4,0,1.50234,0.221825,0,0,0,0.351715,0.718346,0.960451,0,0,0,3.75468,0,0,0,0,0.000222767,0,0,0.0259366,0,0,0.0261594,0,0,0,0,0,0,0,0,0,0,0,26.6761,308.505,0,0.000220033,0.004509,
8,30,5,0,1.64515,0.221825,0,0,0,0.519197,0.732318,1.08051,0,0,0,4.199,0,0,0,0,0,0,0,0.0291787,0,0,0.0291787,0,0,0,0,0,0,0,0,0,0,0,26.7589,308.505,0,0.000222825,0.004509,
8,30,6,0,2.04445,0.221825,0,0,0,0.703426,0.753275,1.26059,0,0,0,4.98358,0,0,0,0,0.0206989,0,0,0.0340418,0,0,0.0547407,0,0,0,0,0,0,0,0,0,0,0,26.7808,308.505,0,0.000224389,0.004509,
8,30,7,0,3.00831,0.221825,0,0,0,0.686679,0.760261,1.32062,0,0,0,5.9977,0,0,0,0,0.0541728,0,0,0.0356628,0,0,0.0898356,0,0,0,0,0,0,0,0,0,0,0,26.5377,308.505,0,0.0002194,0.004509,
8,30,8,0,2.84784,0.221825,0,0,0,0.56944,0.735811,1.11052,0,0,0,5.48544,0,0,0,0,0.0305556,0,0,0.0299892,0,0,0.0605448,0,0,0,0,0,0,0,0,0,0,0,23.2275,308.505,0,9.38157e-005,0.004509,
8,30,9,0,4.57284,0.221825,0,0,0,0.4857,0.718346,0.960451,0,0,0,6.95917,0,0,0,0,0.146011,0,0,0.0259366,0,0,0.171948,0,0,0,0,0,0,0,0,0,0,0,21.6716,308.505,0,4.23874e-005,0.004509,
8,30,10,0,6.46582,0.221825,0,0,0,0.452204,0.721839,0.990466,0,0,0,8.85215,0,0,0,0,0.213833,0,0,0.0267471,0,0,0.24058,0,0,0,0,0,0,0,0,0,0,0,21.3049,308.505,0,3.1161e-005,0.004509,
8,30,11,0,7.45981,0.221825,0,0,0,0.418708,0.721839,0.990466,0,0,0,9.81265,0,0,0,0,0.202326,0,0,0.0267471,0,0,0.229073,0,0,0,0,0,0,0,0,0,0,0,21.2417,308.505,0,2.84882e-005,0.004509,
8,30,12,0,7.95945,0.221825,0,0,0,0.351715,0.718346,0.960451,0,0,0,10.2118,0,0,0,0,0.125301,0,0,0.0259366,0,0,0.151238,0,0,0,0,0,0,0,0,0,0,0,21.2033,308.505,0,2.85551e-005,0.004509,
8,30,13,0,8.72266,0.221825,0,0,0,0.351715,0.721839,0.990466,0,0,0,11.0085,0,0,0,0,0.210936,0,0,0.0267471,0,0,0.237683,0,0,0,0,0,0,0,0,0,0,0,21.1623,308.505,0,2.84073e-005,0.004509,
8,30,14,0,9.38149,0.221825,0,0,0,0.351715,0.728825,1.0505,0,0,0,11.7344,0,0,0,0,0.0369744,0,0,0.0283681,0,0,0.0653425,0,0,0,0,0,0,0,0,0,0,0,21.5429,308.505,0,3.4553e-005,0.004509,
8,30,15,0,9.58809,0.221825,0,0,0,0.435454,0.735811,1.11052,0,0,0,12.0917,0,0,0,0,0.048196,0,0,0.0299892,0,0,0.0781852,0,0,0,0,0,0,0,0,0,0,0,21.6106,308.505,0,3.95856e-005,0.004509,
8,30,16,0,9.52637,0.221825,0,0,0,0.519197,0.760261,1.32062,0,0,0,12.3483,0,0,0,0,0.0245376,0,0,0.0356628,0,0,0.0602004,0,0,0,0,0,0,0,0,0,0,0,21.4754,308.505,0,3.81118e-005,0.004509,
8,30,17,0,9.20462,0.221825,0,0,0,0.736923,0.791698,1.59075,0,0,0,12.5458,0,0,0,0,0.0829346,0,0,0.0429574,0,0,0.125892,0,0,0,0,0,0,0,0,0,0,0,23.6666,308.505,0,0.00011962,0.004509,
8,30,18,0,8.46594,0.221825,0,0,0,1.40685,0.809163,1.74082,0,0,0,12.6446,0,0,0,0,0.0748563,0,0,0.04701,0,0,0.121866,0,0,0,0,0,0,0,0,0,0,0,27.0566,308.505,0,0.000228379,0.004509,
8,30,19,0,6.73925,0.221825,0,0,0,1.9763,0.816149,1.80085,0,0,0,11.5544,0,0,0,0,0.0810808,0,0,0.0486311,0,0,0.129712,0,0,0,0,0,0,0,0,0,0,0,27.1222,308.505,0,0.000232126,0.004509,
8,30,20,0,5.45605,0.221825,0,0,0,1.89255,0.823135,1.86088,0.382647,0,0,10.6371,0,0,0,0,0.104403,0,0,0.0502522,0,0,0.154655,0,0,0,0,0,0,0,0,0,0,0,27.1205,308.505,0,0.000231886,0.004509,
8,30,21,0,4.44066,0.221825,0,0,0,1.60783,0.816149,1.80085,0.382647,0,0,9.26996,0,0,0,0,0.0851826,0,0,0.0486311,0,0,0.133814,0,0,0,0,0,0,0,0,0,0,0,27.1018,308.505,0,0.000231253,0.004509,
8,30,22,0,3.44456,0.221825,0,0,0,1.05514,0.788205,1.56074,0.382647,0,0,7.45312,0,0,0,0,0.0173744,0,0,0.042147,0,0,0.0595214,0,0,0,0,0,0,0,0,0,0,0,27.0254,308.505,0,0.000227567,0.004509,
8,30,23,0,2.72674,0.221825,0,0,0,0.636433,0.763754,1.35064,0.382647,0,0,6.08203,0,0,0,0,0.0108847,0,0,0.0364733,0,0,0.047358,0,0,0,0,0,0,0,0,0,0,0,26.8501,308.505,0,0.000226061,0.004509,
8,30,24,0,2.27377,0.221825,0,0,0,0.385211,0.735811,1.11052,0,0,0,4.72715,0,0,0,0,0.00111324,0,0,0.0299892,0,0,0.0311024,0,0,0,0,0,0,0,0,0,0,0,26.7986,308.505,0,0.000225036,0.004509,
8,31,1,0,1.91643,0.221825,0,0,0,0.318218,0.728825,1.0505,0,0,0,4.2358,0,0,0,0,0.000390868,0,0,0.0283681,0,0,0.028759,0,0,0,0,0,0,0,0,0,0,0,27.2338,308.505,0,0.000233869,0.004509,
8,31,2,0,1.57436,0.221825,0,0,0,0.251224,0.725332,1.02048,0,0,0,3.79323,0,0,0,0,0.00799048,0,0,0.0275576,0,0,0.0355481,0,0,0,0,0,0,0,0,0,0,0,27.0597,308.505,0,0.000229942,0.004509,
8,31,3,0,1.1764,0.221825,0,0,0,0.28472,0.725332,1.02048,0,0,0,3.42876,0,0,0,0,0,0,0,0.0275576,0,0,0.0275576,0,0,0,0,0,0,0,0,0,0,0,27.0065,308.505,0,0.000228202,0.004509,
8,31,4,0,0.794683,0.221825,0,0,0,0.351715,0.718346,0.960451,0,0,0,3.04702,0,0,0,0,0,0,0,0.0259366,0,0,0.0259366,0,0,0,0,0,0,0,0,0,0,0,27.0029,308.505,0,0.000228129,0.004509,
8,31,5,0,0.947999,0.221825,0,0,0,0.519197,0.732318,1.08051,0,0,0,3.50185,0,0,0,0,0.00206546,0,0,0.0291787,0,0,0.0312442,0,0,0,0,0,0,0,0,0,0,0,27.1053,308.505,0,0.000231011,0.004509,
8,31,6,0,1.28406,0.221825,0,0,0,0.703426,0.753275,1.26059,0,0,0,4.22318,0,0,0,0,0.15535,0,0,0.0340418,0,0,0.189392,0,0,0,0,0,0,0,0,0,0,0,27.2521,308.505,0,0.000236643,0.004509,
8,31,7,0,2.02186,0.221825,0,0,0,0.686679,0.760261,1.32062,0,0,0,5.01125,0,0,0,0,0.0910747,0,0,0.0356628,0,0,0.126738,0,0,0,0,0,0,0,0,0,0,0,26.992,308.505,0,0.000230846,0.004509,
8,31,8,0,3.19042,0.221825,0,0,0,0.56944,0.735811,1.11052,0,0,0,5.82802,0,0,0,0,0.479899,0,0,0.0299892,0,0,0.509888,0,0,0,0,0,0,0,0,0,0,0,24.7533,308.505,0,8.44491e-005,0.004509,
8,31,9,0,4.07293,0.221825,0,0,0,0.4857,0.718346,0.960451,0,0,0,6.45925,0,0,0,0,0.142577,0,0,0.0259366,0,0,0.168514,0,0,0,0,0,0,0,0,0,0,0,20.4592,308.505,0,3.59489e-005,0.004509,
8,31,10,0,5.15047,0.221825,0,0,0,0.452204,0.721839,0.990466,0,0,0,7.5368,0,0,0,0,0.0875251,0,0,0.0267471,0,0,0.114272,0,0,0,0,0,0,0,0,0,0,0,19.8478,308.505,0,1.96237e-005,0.004509,
8,31,11,0,5.74575,0.221825,0,0,0,0.418708,0.721839,0.990466,0,0,0,8.09859,0,0,0,0,0.107458,0,0,0.0267471,0,0,0.134205,0,0,0,0,0,0,0,0,0,0,0,19.7694,308.505,0,8.30448e-006,0.004509,
8,31,12,0,5.9591,0.221825,0,0,0,0.351715,0.718346,0.960451,0,0,0,8.21143,0,0,0,0,0.0690627,0,0,0.0259366,0,0,0.0949993,0,0,0,0,0,0,0,0,0,0,0,19.7659,308.505,0,8.31788e-006,0.004509,
8,31,13,0,6.19016,0.221825,0,0,0,0.351715,0.721839,0.990466,0,0,0,8.476,0,0,0,0,0.0751568,0,0,0.0267471,0,0,0.101904,0,0,0,0,0,0,0,0,0,0,0,19.7895,308.505,0,9.10859e-006,0.004509,
8,31,14,0,6.6735,0.221825,0,0,0,0.351715,0.728825,1.0505,0,0,0,9.02636,0,0,0,0,0.0349058,0,0,0.0283681,0,0,0.0632739,0,0,0,0,0,0,0,0,0,0,0,19.7815,308.505,0,1.15988e-005,0.004509,
8,31,15,0,7.19411,0.221825,0,0,0,0.435454,0.735811,1.11052,0,0,0,9.69772,0,0,0,0,0.0965174,0,0,0.0299892,0,0,0.126507,0,0,0,0,0,0,0,0,0,0,0,19.9093,308.505,0,1.24479e-005,0.004509,
8,31,16,0,7.37297,0.221825,0,0,0,0.519197,0.760261,1.32062,0,0,0,10.1949,0,0,0,0,0.0690337,0,0,0.0356628,0,0,0.104697,0,0,0,0,0,0,0,0,0,0,0,20.2677,308.505,0,2.07453e-005,0.004509,
8,31,17,0,7.01514,0.221825,0,0,0,0.736923,0.791698,1.59075,0,0,0,10.3563,0,0,0,0,0.0582662,0,0,0.0429574,0,0,0.101224,0,0,0,0,0,0,0,0,0,0,0,21.1861,308.505,0,4.75039e-005,0.004509,
8,31,18,0,6.34115,0.221825,0,0,0,1.40685,0.809163,1.74082,0,0,0,10.5198,0,0,0,0,0.0607458,0,0,0.04701,0,0,0.107756,0,0,0,0,0,0,0,0,0,0,0,27.0944,308.505,0,0.000235802,0.004509,
8,31,19,0,4.87127,0.221825,0,0,0,1.9763,0.816149,1.80085,0,0,0,9.68639,0,0,0,0,0.0646627,0,0,0.0486311,0,0,0.113294,0,0,0,0,0,0,0,0,0,0,0,27.4671,308.505,0,0.000242394,0.004509,
8,31,20,0,3.50566,0.221825,0,0,0,1.89255,0.823135,1.86088,0.382647,0,0,8.68669,0,0,0,0,0.199965,0,0,0.0502522,0,0,0.250217,0,0,0,0,0,0,0,0,0,0,0,27.4395,308.505,0,0.000240841,0.004509,
8,31,21,0,2.46353,0.221825,0,0,0,1.60783,0.816149,1.80085,0.382647,0,0,7.29283,0,0,0,0,0.164608,0,0,0.0486311,0,0,0.213239,0,0,0,0,0,0,0,0,0,0,0,27.422,308.505,0,0.000239703,0.004509,
8,31,22,0,1.62839,0.221825,0,0,0,1.05514,0.788205,1.56074,0.382647,0,0,5.63695,0,0,0,0,0.0129691,0,0,0.042147,0,0,0.0551161,0,0,0,0,0,0,0,0,0,0,0,27.2904,308.505,0,0.00023656,0.004509,
8,31,23,0,0.991325,0.221825,0,0,0,0.636433,0.763754,1.35064,0.382647,0,0,4.34662,0,0,0,0,0.0211446,0,0,0.0364733,0,0,0.0576179,0,0,0,0,0,0,0,0,0,0,0,27.2692,308.505,0,0.000235273,0.004509,
8,31,24,0,0.538601,0.221825,0,0,0,0.385211,0.735811,1.11052,0,0,0,2.99197,0,0,0,0,0.00345906,0,0,0.0299892,0,0,0.0334483,0,0,0,0,0,0,0,0,0,0,0,27.2557,308.505,0,0.000232648,0.004509,
9,1,1,0,0.336144,0.221825,0,0,0,0.318218,0.728825,1.0505,0,0,0,2.65551,0,0,0,0,0.00197265,0,0,0.0283681,0,0,0.0303407,0,0,0,0,0,0,0,0,0,0,0,27.3787,306.299,0,0.000234429,0.004509,
9,1,2,0,0.0851875,0.221825,0,0,0,0.251224,0.725332,1.02048,0,0,0,2.30405,0,0,0,0,0.0156532,0,0,0.0275576,0,0,0.0432108,0,0,0,0,0,0,0,0,0,0,0,27.3803,306.299,0,0.000234279,0.004509,
9,1,3,0,0,0.221825,0,0,0,0.28472,0.725332,1.02048,0,0,0,2.25236,0,0,0,0,0.00409118,0,0,0.0275576,0,0,0.0316488,0,0,0,0,0,0,0,0,0,0,0,27.3816,306.299,0,0.000234396,0.004509,
9,1,4,0,0,0.221825,0,0,0,0.351715,0.718346,0.960451,0,0,0,2.25234,0,0,0,0,0,0,0,0.0259366,0,0,0.0259366,0,0,0,0,0,0,0,0,0,0,0,27.3798,306.299,0,0.000234526,0.004509,
9,1,5,0,0,0.221825,0,0,0,0.519197,0.732318,1.08051,0,0,0,2.55385,0,0,0,0,0.124794,0,0,0.0291787,0,0,0.153973,0,0,0,0,0,0,0,0,0,0,0,27.3807,306.299,0,0.000234572,0.004509,
9,1,6,0,0,0.221825,0,0,0,0.703426,0.753275,1.26059,0,0,0,2.93912,0,0,0,0,0.0168842,0,0,0.0340418,0,0,0.050926,0,0,0,0,0,0,0,0,0,0,0,27.399,306.299,0,0.0002352,0.004509,
9,1,7,0,0,0.221825,0,0,0,0.686679,0.760261,1.32062,0,0,0,2.98939,0,0,0,0,0.227349,0,0,0.0356628,0,0,0.263012,0,0,0,0,0,0,0,0,0,0,0,27.3047,306.299,0,0.000233776,0.004509,
9,1,8,0,0.559343,0.221825,0,0,0,0.56944,0.735811,1.11052,0,0,0,3.19694,0,0,0,0,0.0673484,0,0,0.0299892,0,0,0.0973376,0,0,0,0,0,0,0,0,0,0,0,23.3851,306.299,2.53617e-017,0.000102641,0.004509,
9,1,9,0,2.17309,0.221825,0,0,0,0.4857,0.718346,0.960451,0,0,0,4.55941,0,0,0,0,0.230505,0,0,0.0259366,0,0,0.256442,0,0,0,0,0,0,0,0,0,0,0,21.0361,306.299,9.89701e-014,4.54192e-005,0.004509,
9,1,10,0,3.98528,0.221825,0,0,0,0.452204,0.721839,0.990466,0,0,0,6.37161,0,0,0,0,0.120747,0,0,0.0267471,0,0,0.147494,0,0,0,0,0,0,0,0,0,0,0,20.9026,306.299,1.23603e-013,3.88688e-005,0.004509,
9,1,11,0,5.69699,0.221825,0,0,0,0.418708,0.721839,0.990466,0,0,0,8.04983,0,0,0,0,0.0908311,0,0,0.0267471,0,0,0.117578,0,0,0,0,0,0,0,0,0,0,0,20.8771,306.299,1.13341e-010,3.92154e-005,0.004509,
9,1,12,0,6.93885,0.221825,0,0,0,0.351715,0.718346,0.960451,0,0,0,9.19118,0,0,0,0,0.0402701,0,0,0.0259366,0,0,0.0662067,0,0,0,0,0,0,0,0,0,0,0,20.8647,306.299,9.52642e-009,4.26262e-005,0.004509,
9,1,13,0,8.02232,0.221825,0,0,0,0.351715,0.721839,0.990466,0,0,0,10.3082,0,0,0,0,0.00804843,0,0,0.0267471,0,0,0.0347955,0,0,0,0,0,0,0,0,0,0,0,20.8793,306.299,3.25512e-007,4.68005e-005,0.004509,
9,1,14,0,9.26969,0.221825,0,0,0,0.351715,0.728825,1.0505,0,0,0,11.6226,0,0,0,0,0.029321,0,0,0.0283681,0,0,0.0576891,0,0,0,0,0,0,0,0,0,0,0,20.8689,306.299,9.4665e-006,3.83685e-005,0.004509,
9,1,15,0,10.2044,0.221825,0,0,0,0.435454,0.735811,1.11052,0,0,0,12.708,0,0,0,0,0.0392742,0,0,0.0299892,0,0,0.0692634,0,0,0,0,0,0,0,0,0,0,0,20.9064,306.299,0.000220081,4.06656e-005,0.004509,
9,1,16,0,10.5293,0.221825,0,0,0,0.519197,0.760261,1.32062,0,0,0,13.3512,0,0,0,0,0.0566022,0,0,0.0356628,0,0,0.092265,0,0,0,0,0,0,0,0,0,0,0,21.4017,306.299,0.000799423,5.69143e-005,0.004509,
9,1,17,0,10.4243,0.221825,0,0,0,0.736923,0.791698,1.59075,0,0,0,13.7655,0,0,0,0,0.0131567,0,0,0.0429574,0,0,0.0561141,0,0,0,0,0,0,0,0,0,0,0,23.3711,306.299,0.00112341,0.000112765,0.004509,
9,1,18,0,9.85638,0.221825,0,0,0,1.40685,0.809163,1.74082,0,0,0,14.035,0,0,0,0,0.0958475,0,0,0.04701,0,0,0.142858,0,0,0,0,0,0,0,0,0,0,0,39.3447,306.299,0.0240656,0.000254965,0.004509,
9,1,19,0,8.59953,0.221825,0,0,0,1.9763,0.816149,1.80085,0,0,0,13.4147,0,0,0,0,0.0453743,0,0,0.0486311,0,0,0.0940054,0,0,0,0,0,0,0,0,0,0,0,37.375,306.299,0.0308491,0.000288906,0.004509,
9,1,20,0,6.5789,0.221825,0,0,0,1.89255,0.823135,1.86088,0.382647,0,0,11.7599,0,0,0,0,0.0228063,0,0,0.0502522,0,0,0.0730585,0,0,0,0,0,0,0,0,0,0,0,47.2688,306.299,0.0104383,0.000281095,0.004509,
9,1,21,0,4.84238,0.221825,0,0,0,1.60783,0.816149,1.80085,0.382647,0,0,9.67168,0,0,0,0,0.0426164,0,0,0.0486311,0,0,0.0912475,0,0,0,0,0,0,0,0,0,0,0,28.7373,306.299,0.00023603,0.000267319,0.004509,
9,1,22,0,3.27733,0.221825,0,0,0,1.05514,0.788205,1.56074,0.382647,0,0,7.28588,0,0,0,0,0.0377803,0,0,0.042147,0,0,0.0799273,0,0,0,0,0,0,0,0,0,0,0,28.0147,306.299,5.45593e-008,0.000245729,0.004509,
9,1,23,0,1.93135,0.221825,0,0,0,0.636433,0.763754,1.35064,0.382647,0,0,5.28665,0,0,0,0,0.0332874,0,0,0.0364733,0,0,0.0697607,0,0,0,0,0,0,0,0,0,0,0,27.6989,306.299,0,0.00024198,0.004509,
9,1,24,0,1.04281,0.221825,0,0,0,0.385211,0.735811,1.11052,0,0,0,3.49618,0,0,0,0,0,0,0,0.0299892,0,0,0.0299892,0,0,0,0,0,0,0,0,0,0,0,27.545,306.299,0,0.000239546,0.004509,
9,2,1,0,0.498334,0.221825,0,0,0,0.318218,0.728825,1.0505,0,0,0,2.8177,0,0,0,0,0.00164478,0,0,0.0283681,0,0,0.0300129,0,0,0,0,0,0,0,0,0,0,0,26.8962,306.299,0,0.00022664,0.004509,
9,2,2,0,0.134459,0.221825,0,0,0,0.251224,0.725332,1.02048,0,0,0,2.35332,0,0,0,0,0.00216715,0,0,0.0275576,0,0,0.0297248,0,0,0,0,0,0,0,0,0,0,0,26.7866,306.299,0,0.000223568,0.004509,
9,2,3,0,0.00198773,0.221825,0,0,0,0.28472,0.725332,1.02048,0,0,0,2.25435,0,0,0,0,0,0,0,0.0275576,0,0,0.0275576,0,0,0,0,0,0,0,0,0,0,0,26.6737,306.299,0,0.00021857,0.004509,
9,2,4,0,0,0.221825,0,0,0,0.351715,0.718346,0.960451,0,0,0,2.25234,0,0,0,0,0.00421617,0,0,0.0259366,0,0,0.0301528,0,0,0,0,0,0,0,0,0,0,0,26.6028,306.299,0,0.000214639,0.004509,
9,2,5,0,0,0.221825,0,0,0,0.519197,0.732318,1.08051,0,0,0,2.55385,0,0,0,0,0.0451777,0,0,0.0291787,0,0,0.0743564,0,0,0,0,0,0,0,0,0,0,0,26.6604,306.299,0,0.00022228,0.004509,
9,2,6,0,0,0.221825,0,0,0,0.703426,0.753275,1.26059,0,0,0,2.93912,0,0,0,0,0.302929,0,0,0.0340418,0,0,0.336971,0,0,0,0,0,0,0,0,0,0,0,26.8288,306.299,0,0.000223896,0.004509,
9,2,7,0,0,0.221825,0,0,0,0.686679,0.760261,1.32062,0,0,0,2.98939,0,0,0,0,0.222908,0,0,0.0356628,0,0,0.258571,0,0,0,0,0,0,0,0,0,0,0,26.1306,306.299,0,0.000204736,0.004509,
9,2,8,0,0.606754,0.221825,0,0,0,0.56944,0.735811,1.11052,0,0,0,3.24435,0,0,0,0,0.0893124,0,0,0.0299892,0,0,0.119302,0,0,0,0,0,0,0,0,0,0,0,23.9382,306.299,2.53617e-017,0.000116846,0.004509,
9,2,9,0,2.50417,0.221825,0,0,0,0.4857,0.718346,0.960451,0,0,0,4.8905,0,0,0,0,0.174742,0,0,0.0259366,0,0,0.200679,0,0,0,0,0,0,0,0,0,0,0,20.1523,306.299,9.89701e-014,1.10833e-005,0.004509,
9,2,10,0,4.39073,0.221825,0,0,0,0.452204,0.721839,0.990466,0,0,0,6.77707,0,0,0,0,0.102739,0,0,0.0267471,0,0,0.129486,0,0,0,0,0,0,0,0,0,0,0,19.9873,306.299,1.23603e-013,7.42138e-006,0.004509,
9,2,11,0,6.1959,0.221825,0,0,0,0.418708,0.721839,0.990466,0,0,0,8.54874,0,0,0,0,0.0280979,0,0,0.0267471,0,0,0.054845,0,0,0,0,0,0,0,0,0,0,0,19.9358,306.299,1.13341e-010,1.51352e-005,0.004509,
9,2,12,0,7.66865,0.221825,0,0,0,0.351715,0.718346,0.960451,0,0,0,9.92099,0,0,0,0,0.0569306,0,0,0.0259366,0,0,0.0828672,0,0,0,0,0,0,0,0,0,0,0,20.2385,306.299,9.52642e-009,7.56852e-006,0.004509,
9,2,13,0,8.79544,0.221825,0,0,0,0.351715,0.721839,0.990466,0,0,0,11.0813,0,0,0,0,0.0290282,0,0,0.0267471,0,0,0.0557753,0,0,0,0,0,0,0,0,0,0,0,19.9409,306.299,3.25512e-007,8.55023e-006,0.004509,
9,2,14,0,7.57368,0.221825,0,0,0,0.351715,0.728825,1.0505,0,0,0,9.92654,0,0,0,0,0.426274,0,0,0.0283681,0,0,0.454642,0,0,0,0,0,0,0,0,0,0,0,19.9845,306.299,9.4665e-006,1.30862e-005,0.004509,
9,2,15,0,7.82835,0.221825,0,0,0,0.435454,0.735811,1.11052,0,0,0,10.332,0,0,0,0,0.124938,0,0,0.0299892,0,0,0.154927,0,0,0,0,0,0,0,0,0,0,0,20.0676,306.299,0.000220081,1.47753e-005,0.004509,
9,2,16,0,10.4094,0.221825,0,0,0,0.519197,0.760261,1.32062,0,0,0,13.2313,0,0,0,0,0.0801026,0,0,0.0356628,0,0,0.115765,0,0,0,0,0,0,0,0,0,0,0,20.562,306.299,0.000799423,2.62289e-005,0.004509,
9,2,17,0,10.6831,0.221825,0,0,0,0.736923,0.791698,1.59075,0,0,0,14.0243,0,0,0,0,0.077448,0,0,0.0429574,0,0,0.120405,0,0,0,0,0,0,0,0,0,0,0,22.5975,306.299,0.00112341,8.82565e-005,0.004509,
9,2,18,0,10.1691,0.221825,0,0,0,1.40685,0.809163,1.74082,0,0,0,14.3478,0,0,0,0,0.0301869,0,0,0.04701,0,0,0.0771969,0,0,0,0,0,0,0,0,0,0,0,62.8045,306.299,0.0240656,0.000236166,0.004509,
9,2,19,0,8.97155,0.221825,0,0,0,1.9763,0.816149,1.80085,0,0,0,13.7867,0,0,0,0,0.0877757,0,0,0.0486311,0,0,0.136407,0,0,0,0,0,0,0,0,0,0,0,27.7421,306.299,0.0308491,0.000242231,0.004509,
9,2,20,0,7.02494,0.221825,0,0,0,1.89255,0.823135,1.86088,0.382647,0,0,12.206,0,0,0,0,0.0545773,0,0,0.0502522,0,0,0.10483,0,0,0,0,0,0,0,0,0,0,0,27.6135,306.299,0.0104383,0.00023693,0.004509,
9,2,21,0,4.65851,0.221825,0,0,0,1.60783,0.816149,1.80085,0.382647,0,0,9.48781,0,0,0,0,0.0907166,0,0,0.0486311,0,0,0.139348,0,0,0,0,0,0,0,0,0,0,0,27.5521,306.299,0.00023603,0.000236433,0.004509,
9,2,22,0,3.11555,0.221825,0,0,0,1.05514,0.788205,1.56074,0.382647,0,0,7.1241,0,0,0,0,0.036204,0,0,0.042147,0,0,0.078351,0,0,0,0,0,0,0,0,0,0,0,27.4813,306.299,5.45593e-008,0.000233798,0.004509,
9,2,23,0,1.93438,0.221825,0,0,0,0.636433,0.763754,1.35064,0.382647,0,0,5.28967,0,0,0,0,0.0371865,0,0,0.0364733,0,0,0.0736598,0,0,0,0,0,0,0,0,0,0,0,27.44,306.299,0,0.000232666,0.004509,
9,2,24,0,1.1416,0.221825,0,0,0,0.385211,0.735811,1.11052,0,0,0,3.59497,0,0,0,0,0.0399396,0,0,0.0299892,0,0,0.0699288,0,0,0,0,0,0,0,0,0,0,0,27.3987,306.299,0,0.000232084,0.004509,
9,3,1,0,0.593312,0.221825,0,0,0,0.318218,0.728825,1.0505,0,0,0,2.91268,0,0,0,0,0.0483103,0,0,0.0283681,0,0,0.0766784,0,0,0,0,0,0,0,0,0,0,0,27.4524,306.299,0,0.0002331,0.004509,
9,3,2,0,0.144509,0.221825,0,0,0,0.251224,0.725332,1.02048,0,0,0,2.36337,0,0,0,0,0.0237499,0,0,0.0275576,0,0,0.0513075,0,0,0,0,0,0,0,0,0,0,0,27.1172,306.299,0,0.000226425,0.004509,
9,3,3,0,0.0179206,0.221825,0,0,0,0.28472,0.725332,1.02048,0,0,0,2.27028,0,0,0,0,0,0,0,0.0275576,0,0,0.0275576,0,0,0,0,0,0,0,0,0,0,0,27.0248,306.299,0,0.000221433,0.004509,
9,3,4,0,0,0.221825,0,0,0,0.351715,0.718346,0.960451,0,0,0,2.25234,0,0,0,0,0,0,0,0.0259366,0,0,0.0259366,0,0,0,0,0,0,0,0,0,0,0,27.0445,306.299,0,0.000222468,0.004509,
9,3,5,0,0,0.221825,0,0,0,0.519197,0.732318,1.08051,0,0,0,2.55385,0,0,0,0,0.00190938,0,0,0.0291787,0,0,0.0310881,0,0,0,0,0,0,0,0,0,0,0,27.204,306.299,0,0.000227268,0.004509,
9,3,6,0,0,0.221825,0,0,0,0.703426,0.753275,1.26059,0,0,0,2.93912,0,0,0,0,0.022341,0,0,0.0340418,0,0,0.0563828,0,0,0,0,0,0,0,0,0,0,0,27.4674,306.299,0,0.000237682,0.004509,
9,3,7,0,0,0.221825,0,0,0,0.686679,0.760261,1.32062,0,0,0,2.98939,0,0,0,0,0.213448,0,0,0.0356628,0,0,0.249111,0,0,0,0,0,0,0,0,0,0,0,26.6535,306.299,0,0.000202133,0.004509,
9,3,8,0,1.45137,0.221825,0,0,0,0.56944,0.735811,1.11052,0,0,0,4.08897,0,0,0,0,0.425807,0,0,0.0299892,0,0,0.455796,0,0,0,0,0,0,0,0,0,0,0,23.7625,306.299,2.53617e-017,7.68495e-005,0.004509,
9,3,9,0,3.0239,0.221825,0,0,0,0.4857,0.718346,0.960451,0,0,0,5.41022,0,0,0,0,0.188214,0,0,0.0259366,0,0,0.214151,0,0,0,0,0,0,0,0,0,0,0,20.1679,306.299,9.89701e-014,1.48468e-005,0.004509,
9,3,10,0,4.83292,0.221825,0,0,0,0.452204,0.721839,0.990466,0,0,0,7.21925,0,0,0,0,0.10232,0,0,0.0267471,0,0,0.129067,0,0,0,0,0,0,0,0,0,0,0,19.9232,306.299,1.23603e-013,7.35921e-006,0.004509,
9,3,11,0,6.28327,0.221825,0,0,0,0.418708,0.721839,0.990466,0,0,0,8.63611,0,0,0,0,0.103532,0,0,0.0267471,0,0,0.130279,0,0,0,0,0,0,0,0,0,0,0,19.8627,306.299,1.13341e-010,4.37442e-006,0.004509,
9,3,12,0,7.04187,0.221825,0,0,0,0.351715,0.718346,0.960451,0,0,0,9.29421,0,0,0,0,0.037203,0,0,0.0259366,0,0,0.0631396,0,0,0,0,0,0,0,0,0,0,0,19.8833,306.299,9.52642e-009,5.89053e-006,0.004509,
9,3,13,0,8.09695,0.221825,0,0,0,0.351715,0.721839,0.990466,0,0,0,10.3828,0,0,0,0,0.0259274,0,0,0.0267471,0,0,0.0526745,0,0,0,0,0,0,0,0,0,0,0,20.29,306.299,3.25512e-007,1.46712e-005,0.004509,
9,3,14,0,8.89659,0.221825,0,0,0,0.351715,0.728825,1.0505,0,0,0,11.2495,0,0,0,0,0.218715,0,0,0.0283681,0,0,0.247083,0,0,0,0,0,0,0,0,0,0,0,19.7951,306.299,9.4665e-006,6.42342e-006,0.004509,
9,3,15,0,8.11754,0.221825,0,0,0,0.435454,0.735811,1.11052,0,0,0,10.6212,0,0,0,0,0.148913,0,0,0.0299892,0,0,0.178902,0,0,0,0,0,0,0,0,0,0,0,19.8809,306.299,0.000220081,1.16974e-005,0.004509,
9,3,16,0,7.40516,0.221825,0,0,0,0.519197,0.760261,1.32062,0,0,0,10.2271,0,0,0,0,0.139687,0,0,0.0356628,0,0,0.17535,0,0,0,0,0,0,0,0,0,0,0,20.2897,306.299,0.000799423,2.63214e-005,0.004509,
9,3,17,0,7.87972,0.221825,0,0,0,0.736923,0.791698,1.59075,0,0,0,11.2209,0,0,0,0,0.119089,0,0,0.0429574,0,0,0.162046,0,0,0,0,0,0,0,0,0,0,0,22.3299,306.299,0.00112341,8.76182e-005,0.004509,
9,3,18,0,9.03996,0.221825,0,0,0,1.40685,0.809163,1.74082,0,0,0,13.2186,0,0,0,0,0.186687,0,0,0.04701,0,0,0.233697,0,0,0,0,0,0,0,0,0,0,0,28.1302,306.299,0.0240656,0.000254151,0.004509,
9,3,19,0,7.6753,0.221825,0,0,0,1.9763,0.816149,1.80085,0,0,0,12.4904,0,0,0,0,0.0312721,0,0,0.0486311,0,0,0.0799032,0,0,0,0,0,0,0,0,0,0,0,28.2253,306.299,0.0308491,0.000256399,0.004509,
9,3,20,0,6.19591,0.221825,0,0,0,1.89255,0.823135,1.86088,0.382647,0,0,11.3769,0,0,0,0,0.103846,0,0,0.0502522,0,0,0.154098,0,0,0,0,0,0,0,0,0,0,0,28.1719,306.299,0.0104383,0.000254833,0.004509,
9,3,21,0,4.72433,0.221825,0,0,0,1.60783,0.816149,1.80085,0.382647,0,0,9.55364,0,0,0,0,0.0967541,0,0,0.0486311,0,0,0.145385,0,0,0,0,0,0,0,0,0,0,0,28.0979,306.299,0.00023603,0.000252309,0.004509,
9,3,22,0,3.17022,0.221825,0,0,0,1.05514,0.788205,1.56074,0.382647,0,0,7.17877,0,0,0,0,0.242702,0,0,0.042147,0,0,0.284849,0,0,0,0,0,0,0,0,0,0,0,27.9772,306.299,5.45593e-008,0.000248355,0.004509,
9,3,23,0,1.95069,0.221825,0,0,0,0.636433,0.763754,1.35064,0.382647,0,0,5.30599,0,0,0,0,0.0369242,0,0,0.0364733,0,0,0.0733975,0,0,0,0,0,0,0,0,0,0,0,27.948,306.299,0,0.000247542,0.004509,
9,3,24,0,1.3935,0.221825,0,0,0,0.385211,0.735811,1.11052,0,0,0,3.84687,0,0,0,0,0.00242705,0,0,0.0299892,0,0,0.0324163,0,0,0,0,0,0,0,0,0,0,0,27.8318,306.299,0,0.000245294,0.004509,
9,4,1,0,0.97696,0.221825,0,0,0,0.318218,0.728825,1.0505,0,0,0,3.29632,0,0,0,0,0.000742657,0,0,0.0283681,0,0,0.0291108,0,0,0,0,0,0,0,0,0,0,0,27.7051,306.299,0,0.000241574,0.004509,
9,4,2,0,0.357745,0.221825,0,0,0,0.251224,0.725332,1.02048,0,0,0,2.57661,0,0,0,0,0.0035216,0,0,0.0275576,0,0,0.0310792,0,0,0,0,0,0,0,0,0,0,0,27.7011,306.299,0,0.000241581,0.004509,
9,4,3,0,0.0648615,0.221825,0,0,0,0.28472,0.725332,1.02048,0,0,0,2.31722,0,0,0,0,0.000276452,0,0,0.0275576,0,0,0.0278341,0,0,0,0,0,0,0,0,0,0,0,27.6971,306.299,0,0.000240941,0.004509,
9,4,4,0,0,0.221825,0,0,0,0.351715,0.718346,0.960451,0,0,0,2.25234,0,0,0,0,0,0,0,0.0259366,0,0,0.0259366,0,0,0,0,0,0,0,0,0,0,0,27.6954,306.299,0,0.000240976,0.004509,
9,4,5,0,0,0.221825,0,0,0,0.519197,0.732318,1.08051,0,0,0,2.55385,0,0,0,0,0.00276148,0,0,0.0291787,0,0,0.0319402,0,0,0,0,0,0,0,0,0,0,0,27.7057,306.299,0,0.00024188,0.004509,
9,4,6,0,0,0.221825,0,0,0,0.703426,0.753275,1.26059,0,0,0,2.93912,0,0,0,0,0.00804239,0,0,0.0340418,0,0,0.0420842,0,0,0,0,0,0,0,0,0,0,0,27.7107,306.299,0,0.000242087,0.004509,
9,4,7,0,0,0.221825,0,0,0,0.686679,0.760261,1.32062,0,0,0,2.98939,0,0,0,0,0.151876,0,0,0.0356628,0,0,0.187539,0,0,0,0,0,0,0,0,0,0,0,27.5767,306.299,0,0.000237133,0.004509,
9,4,8,0,1.3662,0.221825,0,0,0,0.56944,0.735811,1.11052,0,0,0,4.0038,0,0,0,0,0.30308,0,0,0.0299892,0,0,0.333069,0,0,0,0,0,0,0,0,0,0,0,24.5603,306.299,0,0.000101751,0.004509,
9,4,9,0,3.07926,0.221825,0,0,0,0.4857,0.718346,0.960451,0,0,0,5.46559,0,0,0,0,0.232263,0,0,0.0259366,0,0,0.2582,0,0,0,0,0,0,0,0,0,0,0,21.0175,306.299,0,3.28293e-005,0.004509,
9,4,10,0,4.86726,0.221825,0,0,0,0.452204,0.721839,0.990466,0,0,0,7.2536,0,0,0,0,0.104837,0,0,0.0267471,0,0,0.131584,0,0,0,0,0,0,0,0,0,0,0,20.5709,306.299,0,1.82476e-005,0.004509,
9,4,11,0,6.32927,0.221825,0,0,0,0.418708,0.721839,0.990466,0,0,0,8.6821,0,0,0,0,0.0136792,0,0,0.0267471,0,0,0.0404263,0,0,0,0,0,0,0,0,0,0,0,20.5291,306.299,0,1.74847e-005,0.004509,
9,4,12,0,7.16846,0.221825,0,0,0,0.351715,0.718346,0.960451,0,0,0,9.42079,0,0,0,0,0.0379444,0,0,0.0259366,0,0,0.063881,0,0,0,0,0,0,0,0,0,0,0,20.5537,306.299,0,1.76016e-005,0.004509,
9,4,13,0,8.35841,0.221825,0,0,0,0.351715,0.721839,0.990466,0,0,0,10.6443,0,0,0,0,0.0159234,0,0,0.0267471,0,0,0.0426705,0,0,0,0,0,0,0,0,0,0,0,20.8722,306.299,0,2.52836e-005,0.004509,
9,4,14,0,9.761,0.221825,0,0,0,0.351715,0.728825,1.0505,0,0,0,12.1139,0,0,0,0,0.0492683,0,0,0.0283681,0,0,0.0776364,0,0,0,0,0,0,0,0,0,0,0,20.6274,306.299,0,2.19451e-005,0.004509,
9,4,15,0,10.2394,0.221825,0,0,0,0.435454,0.735811,1.11052,0,0,0,12.743,0,0,0,0,0.0235762,0,0,0.0299892,0,0,0.0535654,0,0,0,0,0,0,0,0,0,0,0,20.6895,306.299,0,2.94691e-005,0.004509,
9,4,16,0,10.589,0.221825,0,0,0,0.519197,0.760261,1.32062,0,0,0,13.4109,0,0,0,0,0.0157777,0,0,0.0356628,0,0,0.0514405,0,0,0,0,0,0,0,0,0,0,0,21.2152,306.299,0,4.04245e-005,0.004509,
9,4,17,0,10.5828,0.221825,0,0,0,0.736923,0.791698,1.59075,0,0,0,13.924,0,0,0,0,0.0218706,0,0,0.0429574,0,0,0.064828,0,0,0,0,0,0,0,0,0,0,0,23.1628,306.299,0,0.000105507,0.004509,
9,4,18,0,9.92927,0.221825,0,0,0,1.40685,0.809163,1.74082,0,0,0,14.1079,0,0,0,0,0.0767344,0,0,0.04701,0,0,0.123744,0,0,0,0,0,0,0,0,0,0,0,58.8069,306.299,0,0.000255471,0.004509,
9,4,19,0,8.78952,0.221825,0,0,0,1.9763,0.816149,1.80085,0,0,0,13.6046,0,0,0,0,0.0791903,0,0,0.0486311,0,0,0.127821,0,0,0,0,0,0,0,0,0,0,0,28.6839,306.299,0,0.000262858,0.004509,
9,4,20,0,7.0419,0.221825,0,0,0,1.89255,0.823135,1.86088,0.382647,0,0,12.2229,0,0,0,0,0.0559702,0,0,0.0502522,0,0,0.106222,0,0,0,0,0,0,0,0,0,0,0,28.6521,306.299,0,0.000261064,0.004509,
9,4,21,0,5.48056,0.221825,0,0,0,1.60783,0.816149,1.80085,0.382647,0,0,10.3099,0,0,0,0,0.146163,0,0,0.0486311,0,0,0.194794,0,0,0,0,0,0,0,0,0,0,0,28.2768,306.299,0,0.000253213,0.004509,
9,4,22,0,4.18736,0.221825,0,0,0,1.05514,0.788205,1.56074,0.382647,0,0,8.19592,0,0,0,0,0.0385909,0,0,0.042147,0,0,0.0807379,0,0,0,0,0,0,0,0,0,0,0,28.1293,306.299,0,0.000247337,0.004509,
9,4,23,0,3.12569,0.221825,0,0,0,0.636433,0.763754,1.35064,0.382647,0,0,6.48098,0,0,0,0,0.0223874,0,0,0.0364733,0,0,0.0588607,0,0,0,0,0,0,0,0,0,0,0,27.9403,306.299,0,0.000244374,0.004509,
9,4,24,0,2.33033,0.221825,0,0,0,0.385211,0.735811,1.11052,0,0,0,4.78371,0,0,0,0,0.00868061,0,0,0.0299892,0,0,0.0386698,0,0,0,0,0,0,0,0,0,0,0,27.8242,306.299,0,0.000242704,0.004509,
9,5,1,0,1.66714,0.221825,0,0,0,0.318218,0.728825,1.0505,0,0,0,3.9865,0,0,0,0,0.00069165,0,0,0.0283681,0,0,0.0290597,0,0,0,0,0,0,0,0,0,0,0,27.8969,306.299,0,0.000252289,0.004509,
9,5,2,0,0.981273,0.221825,0,0,0,0.251224,0.725332,1.02048,0,0,0,3.20013,0,0,0,0,0.00542543,0,0,0.0275576,0,0,0.032983,0,0,0,0,0,0,0,0,0,0,0,27.7824,306.299,0,0.000250494,0.004509,
9,5,3,0,0.41784,0.221825,0,0,0,0.28472,0.725332,1.02048,0,0,0,2.6702,0,0,0,0,0.0011941,0,0,0.0275576,0,0,0.0287517,0,0,0,0,0,0,0,0,0,0,0,27.6803,306.299,0,0.000246737,0.004509,
9,5,4,0,0.114614,0.221825,0,0,0,0.351715,0.718346,0.960451,0,0,0,2.36695,0,0,0,0,0.00069165,0,0,0.0259366,0,0,0.0266282,0,0,0,0,0,0,0,0,0,0,0,27.6779,306.299,0,0.000246943,0.004509,
9,5,5,0,0.0811033,0.221825,0,0,0,0.519197,0.732318,1.08051,0,0,0,2.63495,0,0,0,0,0.00297118,0,0,0.0291787,0,0,0.0321499,0,0,0,0,0,0,0,0,0,0,0,27.7316,306.299,0,0.000247611,0.004509,
9,5,6,0,0,0.221825,0,0,0,0.703426,0.753275,1.26059,0,0,0,2.93912,0,0,0,0,0.0207888,0,0,0.0340418,0,0,0.0548306,0,0,0,0,0,0,0,0,0,0,0,27.7874,306.299,0,0.000249606,0.004509,
9,5,7,0,0.578416,0.221825,0,0,0,0.686679,0.760261,1.32062,0,0,0,3.5678,0,0,0,0,0.0384737,0,0,0.0356628,0,0,0.0741365,0,0,0,0,0,0,0,0,0,0,0,27.473,306.299,0,0.000242783,0.004509,
9,5,8,0,2.32118,0.221825,0,0,0,0.56944,0.735811,1.11052,0,0,0,4.95878,0,0,0,0,0.20463,0,0,0.0299892,0,0,0.234619,0,0,0,0,0,0,0,0,0,0,0,25.1137,306.299,0,0.000156432,0.004509,
9,5,9,0,3.64692,0.221825,0,0,0,0.4857,0.718346,0.960451,0,0,0,6.03324,0,0,0,0,0.0209424,0,0,0.0259366,0,0,0.046879,0,0,0,0,0,0,0,0,0,0,0,21.8022,306.299,0,6.1946e-005,0.004509,
9,5,10,0,5.07028,0.221825,0,0,0,0.452204,0.721839,0.990466,0,0,0,7.45661,0,0,0,0,0.0738971,0,0,0.0267471,0,0,0.100644,0,0,0,0,0,0,0,0,0,0,0,21.7343,306.299,0,5.78084e-005,0.004509,
9,5,11,0,6.39424,0.221825,0,0,0,0.418708,0.721839,0.990466,0,0,0,8.74707,0,0,0,0,0.0830573,0,0,0.0267471,0,0,0.109804,0,0,0,0,0,0,0,0,0,0,0,21.7367,306.299,0,5.64988e-005,0.004509,
9,5,12,0,7.47346,0.221825,0,0,0,0.351715,0.718346,0.960451,0,0,0,9.7258,0,0,0,0,0.0276113,0,0,0.0259366,0,0,0.0535479,0,0,0,0,0,0,0,0,0,0,0,21.7161,306.299,0,5.6554e-005,0.004509,
9,5,13,0,8.82768,0.221825,0,0,0,0.351715,0.721839,0.990466,0,0,0,11.1135,0,0,0,0,0.0262958,0,0,0.0267471,0,0,0.0530429,0,0,0,0,0,0,0,0,0,0,0,21.7191,306.299,0,6.89439e-005,0.004509,
9,5,14,0,10.3407,0.221825,0,0,0,0.351715,0.728825,1.0505,0,0,0,12.6936,0,0,0,0,0.122552,0,0,0.0283681,0,0,0.15092,0,0,0,0,0,0,0,0,0,0,0,21.8021,306.299,0,6.18991e-005,0.004509,
9,5,15,0,10.9281,0.221825,0,0,0,0.435454,0.735811,1.11052,0,0,0,13.4317,0,0,0,0,0.0967609,0,0,0.0299892,0,0,0.12675,0,0,0,0,0,0,0,0,0,0,0,21.8962,306.299,0,6.18043e-005,0.004509,
9,5,16,0,11.1221,0.221825,0,0,0,0.519197,0.760261,1.32062,0,0,0,13.944,0,0,0,0,0.108329,0,0,0.0356628,0,0,0.143992,0,0,0,0,0,0,0,0,0,0,0,22.4253,306.299,0,7.81079e-005,0.004509,
9,5,17,0,11.2153,0.221825,0,0,0,0.736923,0.791698,1.59075,0,0,0,14.5565,0,0,0,0,0.179204,0,0,0.0429574,0,0,0.222161,0,0,0,0,0,0,0,0,0,0,0,24.5297,306.299,0,0.000123994,0.004509,
9,5,18,0,10.2101,0.221825,0,0,0,1.40685,0.809163,1.74082,0,0,0,14.3888,0,0,0,0,0.0331506,0,0,0.04701,0,0,0.0801606,0,0,0,0,0,0,0,0,0,0,0,68.3488,306.299,0,0.000282252,0.004509,
9,5,19,0,9.15563,0.221825,0,0,0,1.9763,0.816149,1.80085,0,0,0,13.9708,0,0,0,0,0.0619537,0,0,0.0486311,0,0,0.110585,0,0,0,0,0,0,0,0,0,0,0,98.1536,306.299,0,0.000297407,0.004509,
9,5,20,0,7.75165,0.221825,0,0,0,1.89255,0.823135,1.86088,0.382647,0,0,12.9327,0,0,0,0,0.0860083,0,0,0.0502522,0,0,0.136261,0,0,0,0,0,0,0,0,0,0,0,133.334,306.299,0,0.00029639,0.004509,
9,5,21,0,5.73105,0.221825,0,0,0,1.60783,0.816149,1.80085,0.382647,0,0,10.5604,0,0,0,0,0.0754346,0,0,0.0486311,0,0,0.124066,0,0,0,0,0,0,0,0,0,0,0,43.8079,306.299,0,0.000284374,0.004509,
9,5,22,0,4.19477,0.221825,0,0,0,1.05514,0.788205,1.56074,0.382647,0,0,8.20332,0,0,0,0,0.00497569,0,0,0.042147,0,0,0.0471227,0,0,0,0,0,0,0,0,0,0,0,30.8489,306.299,0,0.000266707,0.004509,
9,5,23,0,3.1823,0.221825,0,0,0,0.636433,0.763754,1.35064,0.382647,0,0,6.5376,0,0,0,0,0.0422248,0,0,0.0364733,0,0,0.0786981,0,0,0,0,0,0,0,0,0,0,0,33.4109,306.299,0,0.000263714,0.004509,
9,5,24,0,2.41613,0.221825,0,0,0,0.385211,0.735811,1.11052,0,0,0,4.8695,0,0,0,0,0,0,0,0.0299892,0,0,0.0299892,0,0,0,0,0,0,0,0,0,0,0,32.1741,306.299,0,0.000257705,0.004509,
9,6,1,0,1.95738,0.221825,0,0,0,0.318218,0.728825,1.0505,0,0,0,4.27674,0,0,0,0,0.000352684,0,0,0.0283681,0,0,0.0287208,0,0,0,0,0,0,0,0,0,0,0,27.6649,306.299,0,0.000246745,0.004509,
9,6,2,0,1.4783,0.221825,0,0,0,0.251224,0.725332,1.02048,0,0,0,3.69716,0,0,0,0,0,0,0,0.0275576,0,0,0.0275576,0,0,0,0,0,0,0,0,0,0,0,27.6392,306.299,0,0.000246555,0.004509,
9,6,3,0,0.835534,0.221825,0,0,0,0.28472,0.725332,1.02048,0,0,0,3.08789,0,0,0,0,0,0,0,0.0275576,0,0,0.0275576,0,0,0,0,0,0,0,0,0,0,0,27.6413,306.299,0,0.00024662,0.004509,
9,6,4,0,0.340033,0.221825,0,0,0,0.351715,0.718346,0.960451,0,0,0,2.59237,0,0,0,0,0,0,0,0.0259366,0,0,0.0259366,0,0,0,0,0,0,0,0,0,0,0,35.0041,306.299,0,0.00024673,0.004509,
9,6,5,0,0.264317,0.221825,0,0,0,0.519197,0.732318,1.08051,0,0,0,2.81817,0,0,0,0,0,0,0,0.0291787,0,0,0.0291787,0,0,0,0,0,0,0,0,0,0,0,51.2535,306.299,0,0.000246796,0.004509,
9,6,6,0,0,0.221825,0,0,0,0.703426,0.753275,1.26059,0,0,0,2.93912,0,0,0,0,0.108531,0,0,0.0340418,0,0,0.142573,0,0,0,0,0,0,0,0,0,0,0,74.6384,306.299,0,0.000246897,0.004509,
9,6,7,0,1.28401,0.221825,0,0,0,0.686679,0.760261,1.32062,0,0,0,4.2734,0,0,0,0,0.0943372,0,0,0.0356628,0,0,0.13,0,0,0,0,0,0,0,0,0,0,0,31.2569,306.299,0,0.000242568,0.004509,
9,6,8,0,3.04961,0.221825,0,0,0,0.56944,0.735811,1.11052,0,0,0,5.68721,0,0,0,0,0.0340718,0,0,0.0299892,0,0,0.064061,0,0,0,0,0,0,0,0,0,0,0,24.5797,306.299,0,0.000134503,0.004509,
9,6,9,0,4.54352,0.221825,0,0,0,0.4857,0.718346,0.960451,0,0,0,6.92984,0,0,0,0,0.451578,0,0,0.0259366,0,0,0.477515,0,0,0,0,0,0,0,0,0,0,0,21.6461,306.299,0,5.2103e-005,0.004509,
9,6,10,0,5.84824,0.221825,0,0,0,0.452204,0.721839,0.990466,0,0,0,8.23457,0,0,0,0,0.107692,0,0,0.0267471,0,0,0.134439,0,0,0,0,0,0,0,0,0,0,0,21.5469,306.299,0,4.52488e-005,0.004509,
9,6,11,0,6.99391,0.221825,0,0,0,0.418708,0.721839,0.990466,0,0,0,9.34675,0,0,0,0,0.0757049,0,0,0.0267471,0,0,0.102452,0,0,0,0,0,0,0,0,0,0,0,21.5406,306.299,0,4.4252e-005,0.004509,
9,6,12,0,7.93506,0.221825,0,0,0,0.351715,0.718346,0.960451,0,0,0,10.1874,0,0,0,0,0.349298,0,0,0.0259366,0,0,0.375235,0,0,0,0,0,0,0,0,0,0,0,21.4961,306.299,0,4.5999e-005,0.004509,
9,6,13,0,9.05866,0.221825,0,0,0,0.351715,0.721839,0.990466,0,0,0,11.3445,0,0,0,0,0.0635032,0,0,0.0267471,0,0,0.0902503,0,0,0,0,0,0,0,0,0,0,0,21.4741,306.299,0,5.28782e-005,0.004509,
9,6,14,0,10.2097,0.221825,0,0,0,0.351715,0.728825,1.0505,0,0,0,12.5626,0,0,0,0,0.243671,0,0,0.0283681,0,0,0.272039,0,0,0,0,0,0,0,0,0,0,0,21.4909,306.299,0,4.58446e-005,0.004509,
9,6,15,0,10.9172,0.221825,0,0,0,0.435454,0.735811,1.11052,0,0,0,13.4208,0,0,0,0,0.0560611,0,0,0.0299892,0,0,0.0860503,0,0,0,0,0,0,0,0,0,0,0,21.5244,306.299,0,4.8308e-005,0.004509,
9,6,16,0,11.2344,0.221825,0,0,0,0.519197,0.760261,1.32062,0,0,0,14.0563,0,0,0,0,0.0403369,0,0,0.0356628,0,0,0.0759997,0,0,0,0,0,0,0,0,0,0,0,22.001,306.299,0,6.46401e-005,0.004509,
9,6,17,0,10.7415,0.221825,0,0,0,0.736923,0.791698,1.59075,0,0,0,14.0827,0,0,0,0,0.195305,0,0,0.0429574,0,0,0.238262,0,0,0,0,0,0,0,0,0,0,0,23.7676,306.299,0,0.00011581,0.004509,
9,6,18,0,9.73857,0.221825,0,0,0,1.40685,0.809163,1.74082,0,0,0,13.9172,0,0,0,0,0.287896,0,0,0.04701,0,0,0.334906,0,0,0,0,0,0,0,0,0,0,0,59.0238,306.299,0,0.000269542,0.004509,
9,6,19,0,8.39638,0.221825,0,0,0,1.9763,0.816149,1.80085,0,0,0,13.2115,0,0,0,0,0.0763603,0,0,0.0486311,0,0,0.124991,0,0,0,0,0,0,0,0,0,0,0,59.9511,306.299,0,0.000285986,0.004509,
9,6,20,0,6.44687,0.221825,0,0,0,1.89255,0.823135,1.86088,0.382647,0,0,11.6279,0,0,0,0,0.0962635,0,0,0.0502522,0,0,0.146516,0,0,0,0,0,0,0,0,0,0,0,101.896,306.299,0,0.000285759,0.004509,
9,6,21,0,4.99004,0.221825,0,0,0,1.60783,0.816149,1.80085,0.382647,0,0,9.81934,0,0,0,0,0.0941397,0,0,0.0486311,0,0,0.142771,0,0,0,0,0,0,0,0,0,0,0,40.0726,306.299,0,0.000280784,0.004509,
9,6,22,0,3.77708,0.221825,0,0,0,1.05514,0.788205,1.56074,0.382647,0,0,7.78563,0,0,0,0,0.0308142,0,0,0.042147,0,0,0.0729612,0,0,0,0,0,0,0,0,0,0,0,28.5944,306.299,0,0.000264862,0.004509,
9,6,23,0,2.5952,0.221825,0,0,0,0.636433,0.763754,1.35064,0.382647,0,0,5.95049,0,0,0,0,0.00155794,0,0,0.0364733,0,0,0.0380312,0,0,0,0,0,0,0,0,0,0,0,28.4242,306.299,0,0.000258216,0.004509,
9,6,24,0,1.76387,0.221825,0,0,0,0.385211,0.735811,1.11052,0,0,0,4.21724,0,0,0,0,0.00331656,0,0,0.0299892,0,0,0.0333058,0,0,0,0,0,0,0,0,0,0,0,27.8834,306.299,0,0.000249912,0.004509,
9,7,1,0,1.27006,0.221825,0,0,0,0.318218,0.728825,1.0505,0,0,0,3.58942,0,0,0,0,0.00995885,0,0,0.0283681,0,0,0.0383269,0,0,0,0,0,0,0,0,0,0,0,27.4028,306.299,0,0.000231065,0.004509,
9,7,2,0,0.732223,0.221825,0,0,0,0.251224,0.725332,1.02048,0,0,0,2.95108,0,0,0,0,0,0,0,0.0275576,0,0,0.0275576,0,0,0,0,0,0,0,0,0,0,0,27.2648,306.299,0,0.000229398,0.004509,
9,7,3,0,0.303701,0.221825,0,0,0,0.28472,0.725332,1.02048,0,0,0,2.55606,0,0,0,0,0,0,0,0.0275576,0,0,0.0275576,0,0,0,0,0,0,0,0,0,0,0,27.1694,306.299,0,0.000226891,0.004509,
9,7,4,0,0.0962986,0.221825,0,0,0,0.351715,0.718346,0.960451,0,0,0,2.34864,0,0,0,0,0,0,0,0.0259366,0,0,0.0259366,0,0,0,0,0,0,0,0,0,0,0,29.9733,306.299,0,0.000227213,0.004509,
9,7,5,0,0.0893392,0.221825,0,0,0,0.519197,0.732318,1.08051,0,0,0,2.64319,0,0,0,0,0,0,0,0.0291787,0,0,0.0291787,0,0,0,0,0,0,0,0,0,0,0,38.3019,306.299,0,0.000228298,0.004509,
9,7,6,0,0,0.221825,0,0,0,0.703426,0.753275,1.26059,0,0,0,2.93912,0,0,0,0,0.0100576,0,0,0.0340418,0,0,0.0440994,0,0,0,0,0,0,0,0,0,0,0,65.7691,306.299,0,0.000231148,0.004509,
9,7,7,0,0.726309,0.221825,0,0,0,0.686679,0.760261,1.32062,0,0,0,3.7157,0,0,0,0,0.298378,0,0,0.0356628,0,0,0.334041,0,0,0,0,0,0,0,0,0,0,0,30.3689,306.299,0,0.000220557,0.004509,
9,7,8,0,2.43908,0.221825,0,0,0,0.56944,0.735811,1.11052,0,0,0,5.07668,0,0,0,0,0.277086,0,0,0.0299892,0,0,0.307075,0,0,0,0,0,0,0,0,0,0,0,23.9505,306.299,0,0.000128524,0.004509,
9,7,9,0,3.79639,0.221825,0,0,0,0.4857,0.718346,0.960451,0,0,0,6.18271,0,0,0,0,0.0157876,0,0,0.0259366,0,0,0.0417242,0,0,0,0,0,0,0,0,0,0,0,20.657,306.299,0,2.50581e-005,0.004509,
9,7,10,0,5.20549,0.221825,0,0,0,0.452204,0.721839,0.990466,0,0,0,7.59182,0,0,0,0,0.0240105,0,0,0.0267471,0,0,0.0507576,0,0,0,0,0,0,0,0,0,0,0,20.4341,306.299,0,1.87508e-005,0.004509,
9,7,11,0,6.3538,0.221825,0,0,0,0.418708,0.721839,0.990466,0,0,0,8.70663,0,0,0,0,0.272875,0,0,0.0267471,0,0,0.299622,0,0,0,0,0,0,0,0,0,0,0,20.3919,306.299,0,1.74161e-005,0.004509,
9,7,12,0,7.41643,0.221825,0,0,0,0.351715,0.718346,0.960451,0,0,0,9.66877,0,0,0,0,0.0261606,0,0,0.0259366,0,0,0.0520972,0,0,0,0,0,0,0,0,0,0,0,20.3974,306.299,0,1.83386e-005,0.004509,
9,7,13,0,8.2979,0.221825,0,0,0,0.351715,0.721839,0.990466,0,0,0,10.5837,0,0,0,0,0.0265917,0,0,0.0267471,0,0,0.0533388,0,0,0,0,0,0,0,0,0,0,0,20.3866,306.299,0,2.45501e-005,0.004509,
9,7,14,0,8.83965,0.221825,0,0,0,0.351715,0.728825,1.0505,0,0,0,11.1925,0,0,0,0,0.0240518,0,0,0.0283681,0,0,0.0524199,0,0,0,0,0,0,0,0,0,0,0,20.4042,306.299,0,2.09174e-005,0.004509,
9,7,15,0,8.99992,0.221825,0,0,0,0.435454,0.735811,1.11052,0,0,0,11.5035,0,0,0,0,0.00217202,0,0,0.0299892,0,0,0.0321612,0,0,0,0,0,0,0,0,0,0,0,20.4074,306.299,0,2.08973e-005,0.004509,
9,7,16,0,8.63635,0.221825,0,0,0,0.519197,0.760261,1.32062,0,0,0,11.4583,0,0,0,0,0.0585213,0,0,0.0356628,0,0,0.0941841,0,0,0,0,0,0,0,0,0,0,0,20.8526,306.299,0,4.07564e-005,0.004509,
9,7,17,0,7.82702,0.221825,0,0,0,0.736923,0.791698,1.59075,0,0,0,11.1682,0,0,0,0,0.217132,0,0,0.0429574,0,0,0.260089,0,0,0,0,0,0,0,0,0,0,0,23.1797,306.299,0,0.000104682,0.004509,
9,7,18,0,6.58202,0.221825,0,0,0,1.40685,0.809163,1.74082,0,0,0,10.7607,0,0,0,0,0.0699722,0,0,0.04701,0,0,0.116982,0,0,0,0,0,0,0,0,0,0,0,28.2647,306.299,0,0.000250094,0.004509,
9,7,19,0,5.28147,0.221825,0,0,0,1.9763,0.816149,1.80085,0,0,0,10.0966,0,0,0,0,0.0944145,0,0,0.0486311,0,0,0.143046,0,0,0,0,0,0,0,0,0,0,0,30.2212,306.299,0,0.000261699,0.004509,
9,7,20,0,4.31481,0.221825,0,0,0,1.89255,0.823135,1.86088,0.382647,0,0,9.49584,0,0,0,0,0.265621,0,0,0.0502522,0,0,0.315873,0,0,0,0,0,0,0,0,0,0,0,41.0263,306.299,0,0.000259797,0.004509,
9,7,21,0,3.32266,0.221825,0,0,0,1.60783,0.816149,1.80085,0.382647,0,0,8.15196,0,0,0,0,0.0928368,0,0,0.0486311,0,0,0.141468,0,0,0,0,0,0,0,0,0,0,0,28.4597,306.299,0,0.000255596,0.004509,
9,7,22,0,2.31445,0.221825,0,0,0,1.05514,0.788205,1.56074,0.382647,0,0,6.32301,0,0,0,0,0.0457137,0,0,0.042147,0,0,0.0878607,0,0,0,0,0,0,0,0,0,0,0,28.0813,306.299,0,0.00024426,0.004509,
9,7,23,0,1.36448,0.221825,0,0,0,0.636433,0.763754,1.35064,0.382647,0,0,4.71977,0,0,0,0,0.0410034,0,0,0.0364733,0,0,0.0774767,0,0,0,0,0,0,0,0,0,0,0,27.8209,306.299,0,0.000240752,0.004509,
9,7,24,0,0.608732,0.221825,0,0,0,0.385211,0.735811,1.11052,0,0,0,3.0621,0,0,0,0,0.000599612,0,0,0.0299892,0,0,0.0305888,0,0,0,0,0,0,0,0,0,0,0,27.4109,306.299,0,0.000231404,0.004509,
9,8,1,0,0.229376,0.221825,0,0,0,0.318218,0.728825,1.0505,0,0,0,2.54874,0,0,0,0,0,0,0,0.0283681,0,0,0.0283681,0,0,0,0,0,0,0,0,0,0,0,26.7073,306.299,0,0.00021053,0.004509,
9,8,2,0,0.0548377,0.221825,0,0,0,0.251224,0.725332,1.02048,0,0,0,2.2737,0,0,0,0,0,0,0,0.0275576,0,0,0.0275576,0,0,0,0,0,0,0,0,0,0,0,26.3999,306.299,0,0.000205328,0.004509,
9,8,3,0,0,0.221825,0,0,0,0.28472,0.725332,1.02048,0,0,0,2.25236,0,0,0,0,0,0,0,0.0275576,0,0,0.0275576,0,0,0,0,0,0,0,0,0,0,0,26.0184,306.299,0,0.000201554,0.004509,
9,8,4,0,0,0.221825,0,0,0,0.351715,0.718346,0.960451,0,0,0,2.25234,0,0,0,0,0.00423539,0,0,0.0259366,0,0,0.030172,0,0,0,0,0,0,0,0,0,0,0,26.0122,306.299,0,0.000200834,0.004509,
9,8,5,0,0,0.221825,0,0,0,0.519197,0.732318,1.08051,0,0,0,2.55385,0,0,0,0,0.0582153,0,0,0.0291787,0,0,0.087394,0,0,0,0,0,0,0,0,0,0,0,26.5164,306.299,0,0.000204209,0.004509,
9,8,6,0,0,0.221825,0,0,0,0.703426,0.753275,1.26059,0,0,0,2.93912,0,0,0,0,0.217625,0,0,0.0340418,0,0,0.251667,0,0,0,0,0,0,0,0,0,0,0,30.5666,306.299,0,0.000212595,0.004509,
9,8,7,0,0,0.221825,0,0,0,0.686679,0.760261,1.32062,0,0,0,2.98939,0,0,0,0,0.153161,0,0,0.0356628,0,0,0.188824,0,0,0,0,0,0,0,0,0,0,0,26.1772,306.299,0,0.000201911,0.004509,
9,8,8,0,0,0.221825,0,0,0,0.56944,0.735811,1.11052,0,0,0,2.6376,0,0,0,0,0.100234,0,0,0.0299892,0,0,0.130223,0,0,0,0,0,0,0,0,0,0,0,22.7335,306.299,0,9.60908e-005,0.004509,
9,8,9,0,0.032561,0.221825,0,0,0,0.4857,0.718346,0.960451,0,0,0,2.41888,0,0,0,0,0.0294971,0,0,0.0259366,0,0,0.0554337,0,0,0,0,0,0,0,0,0,0,0,19.5855,306.299,0,1.36564e-005,0.004509,
9,8,10,0,1.92797,0.221825,0,0,0,0.452204,0.721839,0.990466,0,0,0,4.31431,0,0,0,0,0.0056024,0,0,0.0267471,0,0,0.0323495,0,0,0,0,0,0,0,0,0,0,0,19.3124,306.299,0,9.16245e-007,0.004509,
9,8,11,0,3.23231,0.221825,0,0,0,0.418708,0.721839,0.990466,0,0,0,5.58515,0,0,0,0,0.0710378,0,0,0.0267471,0,0,0.0977849,0,0,0,0,0,0,0,0,0,0,0,19.273,306.299,0,0,0.004509,
9,8,12,0,3.97125,0.221825,0,0,0,0.351715,0.718346,0.960451,0,0,0,6.22358,0,0,0,0,0.148542,0,0,0.0259366,0,0,0.174479,0,0,0,0,0,0,0,0,0,0,0,19.2612,306.299,0,9.9738e-009,0.004509,
9,8,13,0,4.58887,0.221825,0,0,0,0.351715,0.721839,0.990466,0,0,0,6.87472,0,0,0,0,0.134619,0,0,0.0267471,0,0,0.161366,0,0,0,0,0,0,0,0,0,0,0,19.2314,306.299,0,2.04898e-008,0.004509,
9,8,14,0,5.36496,0.221825,0,0,0,0.351715,0.728825,1.0505,0,0,0,7.71782,0,0,0,0,0.0116435,0,0,0.0283681,0,0,0.0400116,0,0,0,0,0,0,0,0,0,0,0,19.4885,306.299,0,4.59398e-008,0.004509,
9,8,15,0,6.13136,0.221825,0,0,0,0.435454,0.735811,1.11052,0,0,0,8.63498,0,0,0,0,0.0185929,0,0,0.0299892,0,0,0.0485821,0,0,0,0,0,0,0,0,0,0,0,19.2205,306.299,0,8.16087e-008,0.004509,
9,8,16,0,6.31754,0.221825,0,0,0,0.519197,0.760261,1.32062,0,0,0,9.13944,0,0,0,0,0.0369008,0,0,0.0356628,0,0,0.0725636,0,0,0,0,0,0,0,0,0,0,0,19.5289,306.299,0,1.0455e-005,0.004509,
9,8,17,0,5.99372,0.221825,0,0,0,0.736923,0.791698,1.59075,0,0,0,9.33491,0,0,0,0,0.0293897,0,0,0.0429574,0,0,0.0723471,0,0,0,0,0,0,0,0,0,0,0,21.656,306.299,0,6.57385e-005,0.004509,
9,8,18,0,5.14978,0.221825,0,0,0,1.40685,0.809163,1.74082,0,0,0,9.32844,0,0,0,0,0.164854,0,0,0.04701,0,0,0.211864,0,0,0,0,0,0,0,0,0,0,0,27.2366,306.299,0,0.000222239,0.004509,
9,8,19,0,3.78398,0.221825,0,0,0,1.9763,0.816149,1.80085,0,0,0,8.5991,0,0,0,0,0.0861067,0,0,0.0486311,0,0,0.134738,0,0,0,0,0,0,0,0,0,0,0,27.3816,306.299,0,0.00022598,0.004509,
9,8,20,0,2.75172,0.221825,0,0,0,1.89255,0.823135,1.86088,0.382647,0,0,7.93276,0,0,0,0,0.142967,0,0,0.0502522,0,0,0.193219,0,0,0,0,0,0,0,0,0,0,0,27.3116,306.299,0,0.000223462,0.004509,
9,8,21,0,1.85601,0.221825,0,0,0,1.60783,0.816149,1.80085,0.382647,0,0,6.68531,0,0,0,0,0.0744656,0,0,0.0486311,0,0,0.123097,0,0,0,0,0,0,0,0,0,0,0,27.1915,306.299,0,0.000220607,0.004509,
9,8,22,0,0.579246,0.221825,0,0,0,1.05514,0.788205,1.56074,0.382647,0,0,4.5878,0,0,0,0,0.00930626,0,0,0.042147,0,0,0.0514533,0,0,0,0,0,0,0,0,0,0,0,27.1344,306.299,0,0.000218756,0.004509,
9,8,23,0,0.0370466,0.221825,0,0,0,0.636433,0.763754,1.35064,0.382647,0,0,3.39234,0,0,0,0,0.326344,0,0,0.0364733,0,0,0.362817,0,0,0,0,0,0,0,0,0,0,0,27.1002,306.299,0,0.000217927,0.004509,
9,8,24,0,0,0.221825,0,0,0,0.385211,0.735811,1.11052,0,0,0,2.45337,0,0,0,0,0.000820833,0,0,0.0299892,0,0,0.03081,0,0,0,0,0,0,0,0,0,0,0,27.0513,306.299,0,0.000216904,0.004509,
9,9,1,0,0,0.221825,0,0,0,0.318218,0.728825,1.0505,0,0,0,2.31936,0,0,0,0,0.0259602,0,0,0.0283681,0,0,0.0543283,0,0,0,0,0,0,0,0,0,0,0,27.0864,306.299,0,0.000217948,0.004509,
9,9,2,0,0,0.221825,0,0,0,0.251224,0.725332,1.02048,0,0,0,2.21886,0,0,0,0,0.012742,0,0,0.0275576,0,0,0.0402996,0,0,0,0,0,0,0,0,0,0,0,26.7531,306.299,0,0.000212308,0.004509,
9,9,3,0,0,0.221825,0,0,0,0.28472,0.725332,1.02048,0,0,0,2.25236,0,0,0,0,0.00110297,0,0,0.0275576,0,0,0.0286606,0,0,0,0,0,0,0,0,0,0,0,26.3646,306.299,0,0.000203002,0.004509,
9,9,4,0,0,0.221825,0,0,0,0.351715,0.718346,0.960451,0,0,0,2.25234,0,0,0,0,0.000705947,0,0,0.0259366,0,0,0.0266425,0,0,0,0,0,0,0,0,0,0,0,26.3657,306.299,0,0.000202957,0.004509,
9,9,5,0,0,0.221825,0,0,0,0.519197,0.732318,1.08051,0,0,0,2.55385,0,0,0,0,0.0100523,0,0,0.0291787,0,0,0.039231,0,0,0,0,0,0,0,0,0,0,0,26.5873,306.299,0,0.000209747,0.004509,
9,9,6,0,0,0.221825,0,0,0,0.703426,0.753275,1.26059,0,0,0,2.93912,0,0,0,0,0.338787,0,0,0.0340418,0,0,0.372829,0,0,0,0,0,0,0,0,0,0,0,26.8482,306.299,0,0.000215814,0.004509,
9,9,7,0,0,0.221825,0,0,0,0.686679,0.760261,1.32062,0,0,0,2.98939,0,0,0,0,0.206318,0,0,0.0356628,0,0,0.241981,0,0,0,0,0,0,0,0,0,0,0,25.4954,306.299,0,0.000198936,0.004509,
9,9,8,0,0,0.221825,0,0,0,0.56944,0.735811,1.11052,0,0,0,2.6376,0,0,0,0,0.200979,0,0,0.0299892,0,0,0.230968,0,0,0,0,0,0,0,0,0,0,0,21.815,306.299,0,3.55715e-005,0.004509,
9,9,9,0,0,0.221825,0,0,0,0.4857,0.718346,0.960451,0,0,0,2.38632,0,0,0,0,0.281654,0,0,0.0259366,0,0,0.307591,0,0,0,0,0,0,0,0,0,0,0,18.417,306.299,0,3.49264e-006,0.004509,
9,9,10,0,0,0.221825,0,0,0,0.452204,0.721839,0.990466,0,0,0,2.38633,0,0,0,0,0.0581151,0,0,0.0267471,0,0,0.0848622,0,0,0,0,0,0,0,0,0,0,0,17.8138,306.299,0,0,0.004509,
9,9,11,0,0,0.221825,0,0,0,0.418708,0.721839,0.990466,0,0,0,2.35284,0,0,0,0,0.0244684,0,0,0.0267471,0,0,0.0512155,0,0,0,0,0,0,0,0,0,0,0,17.7744,306.299,0,0,0.004509,
9,9,12,0,0.0219211,0.221825,0,0,0,0.351715,0.718346,0.960451,0,0,0,2.27426,0,0,0,0,0.0175296,0,0,0.0259366,0,0,0.0434662,0,0,0,0,0,0,0,0,0,0,0,17.8277,306.299,0,0,0.004509,
9,9,13,0,1.17465,0.221825,0,0,0,0.351715,0.721839,0.990466,0,0,0,3.46049,0,0,0,0,0.0147516,0,0,0.0267471,0,0,0.0414987,0,0,0,0,0,0,0,0,0,0,0,18.2609,306.299,0,0,0.004509,
9,9,14,0,2.57751,0.221825,0,0,0,0.351715,0.728825,1.0505,0,0,0,4.93037,0,0,0,0,0.0453596,0,0,0.0283681,0,0,0.0737277,0,0,0,0,0,0,0,0,0,0,0,18.0076,306.299,0,0,0.004509,
9,9,15,0,3.83128,0.221825,0,0,0,0.435454,0.735811,1.11052,0,0,0,6.3349,0,0,0,0,0.0707985,0,0,0.0299892,0,0,0.100788,0,0,0,0,0,0,0,0,0,0,0,17.8735,306.299,0,0,0.004509,
9,9,16,0,4.72195,0.221825,0,0,0,0.519197,0.760261,1.32062,0,0,0,7.54385,0,0,0,0,0.033319,0,0,0.0356628,0,0,0.0689818,0,0,0,0,0,0,0,0,0,0,0,18.2435,306.299,0,1.88242e-006,0.004509,
9,9,17,0,4.98175,0.221825,0,0,0,0.736923,0.791698,1.59075,0,0,0,8.32295,0,0,0,0,0.0324638,0,0,0.0429574,0,0,0.0754212,0,0,0,0,0,0,0,0,0,0,0,20.4567,306.299,0,3.0837e-005,0.004509,
9,9,18,0,4.39954,0.221825,0,0,0,1.40685,0.809163,1.74082,0,0,0,8.5782,0,0,0,0,0.0626614,0,0,0.04701,0,0,0.109671,0,0,0,0,0,0,0,0,0,0,0,27.2893,306.299,0,0.000222364,0.004509,
9,9,19,0,3.16025,0.221825,0,0,0,1.9763,0.816149,1.80085,0,0,0,7.97537,0,0,0,0,0.0240027,0,0,0.0486311,0,0,0.0726338,0,0,0,0,0,0,0,0,0,0,0,27.5777,306.299,0,0.000231434,0.004509,
9,9,20,0,2.23985,0.221825,0,0,0,1.89255,0.823135,1.86088,0.382647,0,0,7.42089,0,0,0,0,0.0278273,0,0,0.0502522,0,0,0.0780795,0,0,0,0,0,0,0,0,0,0,0,27.5534,306.299,0,0.000230165,0.004509,
9,9,21,0,1.38188,0.221825,0,0,0,1.60783,0.816149,1.80085,0.382647,0,0,6.21118,0,0,0,0,0.07461,0,0,0.0486311,0,0,0.123241,0,0,0,0,0,0,0,0,0,0,0,27.5495,306.299,0,0.000230117,0.004509,
9,9,22,0,0.212608,0.221825,0,0,0,1.05514,0.788205,1.56074,0.382647,0,0,4.22116,0,0,0,0,0.126921,0,0,0.042147,0,0,0.169068,0,0,0,0,0,0,0,0,0,0,0,27.441,306.299,0,0.000227345,0.004509,
9,9,23,0,0,0.221825,0,0,0,0.636433,0.763754,1.35064,0.382647,0,0,3.3553,0,0,0,0,0.0163396,0,0,0.0364733,0,0,0.0528129,0,0,0,0,0,0,0,0,0,0,0,27.2388,306.299,0,0.000220248,0.004509,
9,9,24,0,0,0.221825,0,0,0,0.385211,0.735811,1.11052,0,0,0,2.45337,0,0,0,0,0.000617129,0,0,0.0299892,0,0,0.0306063,0,0,0,0,0,0,0,0,0,0,0,27.111,306.299,0,0.000219425,0.004509,
9,10,1,0,0,0.221825,0,0,0,0.318218,0.728825,1.0505,0,0,0,2.31936,0,0,0,0,0.0263014,0,0,0.0283681,0,0,0.0546695,0,0,0,0,0,0,0,0,0,0,0,27.2082,306.299,0,0.000228907,0.004509,
9,10,2,0,0,0.221825,0,0,0,0.251224,0.725332,1.02048,0,0,0,2.21886,0,0,0,0,0.0279941,0,0,0.0275576,0,0,0.0555517,0,0,0,0,0,0,0,0,0,0,0,26.851,306.299,0,0.000223029,0.004509,
9,10,3,0,0,0.221825,0,0,0,0.28472,0.725332,1.02048,0,0,0,2.25236,0,0,0,0,0,0,0,0.0275576,0,0,0.0275576,0,0,0,0,0,0,0,0,0,0,0,26.6971,306.299,0,0.000217759,0.004509,
9,10,4,0,0,0.221825,0,0,0,0.351715,0.718346,0.960451,0,0,0,2.25234,0,0,0,0,0.000328726,0,0,0.0259366,0,0,0.0262653,0,0,0,0,0,0,0,0,0,0,0,26.7475,306.299,0,0.000219817,0.004509,
9,10,5,0,0,0.221825,0,0,0,0.519197,0.732318,1.08051,0,0,0,2.55385,0,0,0,0,0,0,0,0.0291787,0,0,0.0291787,0,0,0,0,0,0,0,0,0,0,0,26.7575,306.299,0,0.000219548,0.004509,
9,10,6,0,0,0.221825,0,0,0,0.703426,0.753275,1.26059,0,0,0,2.93912,0,0,0,0,0.0929189,0,0,0.0340418,0,0,0.126961,0,0,0,0,0,0,0,0,0,0,0,27.1313,306.299,0,0.000228407,0.004509,
9,10,7,0,0,0.221825,0,0,0,0.686679,0.760261,1.32062,0,0,0,2.98939,0,0,0,0,0.183177,0,0,0.0356628,0,0,0.21884,0,0,0,0,0,0,0,0,0,0,0,25.9903,306.299,0,0.000207673,0.004509,
9,10,8,0,0,0.221825,0,0,0,0.56944,0.735811,1.11052,0,0,0,2.6376,0,0,0,0,0.155798,0,0,0.0299892,0,0,0.185787,0,0,0,0,0,0,0,0,0,0,0,21.8618,306.299,2.53617e-017,4.5473e-005,0.004509,
9,10,9,0,0,0.221825,0,0,0,0.4857,0.718346,0.960451,0,0,0,2.38632,0,0,0,0,0.190578,0,0,0.0259366,0,0,0.216515,0,0,0,0,0,0,0,0,0,0,0,18.402,306.299,9.89701e-014,1.93716e-006,0.004509,
9,10,10,0,0,0.221825,0,0,0,0.452204,0.721839,0.990466,0,0,0,2.38633,0,0,0,0,0.19754,0,0,0.0267471,0,0,0.224287,0,0,0,0,0,0,0,0,0,0,0,18.0661,306.299,1.23603e-013,0,0.004509,
9,10,11,0,0,0.221825,0,0,0,0.418708,0.721839,0.990466,0,0,0,2.35284,0,0,0,0,0.0821714,0,0,0.0267471,0,0,0.108919,0,0,0,0,0,0,0,0,0,0,0,17.9476,306.299,1.13341e-010,0,0.004509,
9,10,12,0,0,0.221825,0,0,0,0.351715,0.718346,0.960451,0,0,0,2.25234,0,0,0,0,0.0156772,0,0,0.0259366,0,0,0.0416138,0,0,0,0,0,0,0,0,0,0,0,18.0268,306.299,9.52642e-009,0,0.004509,
9,10,13,0,0.12663,0.221825,0,0,0,0.351715,0.721839,0.990466,0,0,0,2.41247,0,0,0,0,0.0170688,0,0,0.0267471,0,0,0.0438159,0,0,0,0,0,0,0,0,0,0,0,18.4841,306.299,3.25512e-007,0,0.004509,
9,10,14,0,2.17756,0.221825,0,0,0,0.351715,0.728825,1.0505,0,0,0,4.53042,0,0,0,0,0.0451001,0,0,0.0283681,0,0,0.0734682,0,0,0,0,0,0,0,0,0,0,0,18.0033,306.299,9.4665e-006,0,0.004509,
9,10,15,0,3.98619,0.221825,0,0,0,0.435454,0.735811,1.11052,0,0,0,6.48981,0,0,0,0,0.0035903,0,0,0.0299892,0,0,0.0335795,0,0,0,0,0,0,0,0,0,0,0,18.0932,306.299,0.000220081,1.86473e-006,0.004509,
9,10,16,0,5.48197,0.221825,0,0,0,0.519197,0.760261,1.32062,0,0,0,8.30387,0,0,0,0,0.0232905,0,0,0.0356628,0,0,0.0589533,0,0,0,0,0,0,0,0,0,0,0,18.5603,306.299,0.000799423,4.98306e-006,0.004509,
9,10,17,0,6.35815,0.221825,0,0,0,0.736923,0.791698,1.59075,0,0,0,9.69934,0,0,0,0,0.03241,0,0,0.0429574,0,0,0.0753674,0,0,0,0,0,0,0,0,0,0,0,20.7773,306.299,0.00112341,3.82966e-005,0.004509,
9,10,18,0,6.00501,0.221825,0,0,0,1.40685,0.809163,1.74082,0,0,0,10.1837,0,0,0,0,0.147945,0,0,0.04701,0,0,0.194955,0,0,0,0,0,0,0,0,0,0,0,27.6454,306.299,0.0240656,0.000237043,0.004509,
9,10,19,0,4.43191,0.221825,0,0,0,1.9763,0.816149,1.80085,0,0,0,9.24703,0,0,0,0,0.0502344,0,0,0.0486311,0,0,0.0988655,0,0,0,0,0,0,0,0,0,0,0,27.7067,306.299,0.0308491,0.000240024,0.004509,
9,10,20,0,3.1795,0.221825,0,0,0,1.89255,0.823135,1.86088,0.382647,0,0,8.36054,0,0,0,0,0.317255,0,0,0.0502522,0,0,0.367507,0,0,0,0,0,0,0,0,0,0,0,27.6619,306.299,0.0104383,0.000237896,0.004509,
9,10,21,0,2.15232,0.221825,0,0,0,1.60783,0.816149,1.80085,0.382647,0,0,6.98162,0,0,0,0,0.127237,0,0,0.0486311,0,0,0.175868,0,0,0,0,0,0,0,0,0,0,0,27.654,306.299,0.00023603,0.000237867,0.004509,
9,10,22,0,0.934497,0.221825,0,0,0,1.05514,0.788205,1.56074,0.382647,0,0,4.94305,0,0,0,0,0.213459,0,0,0.042147,0,0,0.255606,0,0,0,0,0,0,0,0,0,0,0,27.6116,306.299,5.45593e-008,0.000235322,0.004509,
9,10,23,0,0.218423,0.221825,0,0,0,0.636433,0.763754,1.35064,0.382647,0,0,3.57372,0,0,0,0,0.0743206,0,0,0.0364733,0,0,0.110794,0,0,0,0,0,0,0,0,0,0,0,27.5502,306.299,0,0.00023331,0.004509,
9,10,24,0,0.00453779,0.221825,0,0,0,0.385211,0.735811,1.11052,0,0,0,2.45791,0,0,0,0,0.00262286,0,0,0.0299892,0,0,0.0326121,0,0,0,0,0,0,0,0,0,0,0,27.3907,306.299,0,0.000230764,0.004509,
9,11,1,0,0,0.221825,0,0,0,0.318218,0.728825,1.0505,0,0,0,2.31936,0,0,0,0,0.00108115,0,0,0.0283681,0,0,0.0294492,0,0,0,0,0,0,0,0,0,0,0,27.8669,306.299,0,0.000250223,0.004509,
9,11,2,0,0,0.221825,0,0,0,0.251224,0.725332,1.02048,0,0,0,2.21886,0,0,0,0,0.00123002,0,0,0.0275576,0,0,0.0287876,0,0,0,0,0,0,0,0,0,0,0,27.7361,306.299,0,0.000247965,0.004509,
9,11,3,0,0,0.221825,0,0,0,0.28472,0.725332,1.02048,0,0,0,2.25236,0,0,0,0,0.000904519,0,0,0.0275576,0,0,0.0284621,0,0,0,0,0,0,0,0,0,0,0,27.5398,306.299,0,0.000244473,0.004509,
9,11,4,0,0,0.221825,0,0,0,0.351715,0.718346,0.960451,0,0,0,2.25234,0,0,0,0,0.00509207,0,0,0.0259366,0,0,0.0310287,0,0,0,0,0,0,0,0,0,0,0,27.5264,306.299,0,0.000244199,0.004509,
9,11,5,0,0,0.221825,0,0,0,0.519197,0.732318,1.08051,0,0,0,2.55385,0,0,0,0,0.0517375,0,0,0.0291787,0,0,0.0809162,0,0,0,0,0,0,0,0,0,0,0,27.6116,306.299,0,0.000245777,0.004509,
9,11,6,0,0,0.221825,0,0,0,0.703426,0.753275,1.26059,0,0,0,2.93912,0,0,0,0,0.0462809,0,0,0.0340418,0,0,0.0803227,0,0,0,0,0,0,0,0,0,0,0,27.7959,306.299,0,0.00024988,0.004509,
9,11,7,0,0,0.221825,0,0,0,0.686679,0.760261,1.32062,0,0,0,2.98939,0,0,0,0,0.190119,0,0,0.0356628,0,0,0.225782,0,0,0,0,0,0,0,0,0,0,0,27.4646,306.299,0,0.000243019,0.004509,
9,11,8,0,0,0.221825,0,0,0,0.56944,0.735811,1.11052,0,0,0,2.6376,0,0,0,0,0.62208,0,0,0.0299892,0,0,0.652069,0,0,0,0,0,0,0,0,0,0,0,23.4754,306.299,0,8.65217e-005,0.004509,
9,11,9,0,0,0.221825,0,0,0,0.4857,0.718346,0.960451,0,0,0,2.38632,0,0,0,0,0.111181,0,0,0.0259366,0,0,0.137118,0,0,0,0,0,0,0,0,0,0,0,20.4731,306.299,0,2.31804e-005,0.004509,
9,11,10,0,0,0.221825,0,0,0,0.452204,0.721839,0.990466,0,0,0,2.38633,0,0,0,0,0.00045254,0,0,0.0267471,0,0,0.0271996,0,0,0,0,0,0,0,0,0,0,0,20.3831,306.299,0,1.47537e-005,0.004509,
9,11,11,0,0.0511472,0.221825,0,0,0,0.418708,0.721839,0.990466,0,0,0,2.40398,0,0,0,0,0.0298043,0,0,0.0267471,0,0,0.0565514,0,0,0,0,0,0,0,0,0,0,0,20.3863,306.299,0,2.55211e-005,0.004509,
9,11,12,0,1.78724,0.221825,0,0,0,0.351715,0.718346,0.960451,0,0,0,4.03958,0,0,0,0,0.107478,0,0,0.0259366,0,0,0.133415,0,0,0,0,0,0,0,0,0,0,0,20.3768,306.299,0,1.45776e-005,0.004509,
9,11,13,0,3.40814,0.221825,0,0,0,0.351715,0.721839,0.990466,0,0,0,5.69399,0,0,0,0,0.0260875,0,0,0.0267471,0,0,0.0528346,0,0,0,0,0,0,0,0,0,0,0,20.3727,306.299,0,1.46687e-005,0.004509,
9,11,14,0,5.27907,0.221825,0,0,0,0.351715,0.728825,1.0505,0,0,0,7.63193,0,0,0,0,0.192606,0,0,0.0283681,0,0,0.220974,0,0,0,0,0,0,0,0,0,0,0,20.3925,306.299,0,1.73239e-005,0.004509,
9,11,15,0,6.97128,0.221825,0,0,0,0.435454,0.735811,1.11052,0,0,0,9.4749,0,0,0,0,0.0411892,0,0,0.0299892,0,0,0.0711784,0,0,0,0,0,0,0,0,0,0,0,20.4144,306.299,0,2.30707e-005,0.004509,
9,11,16,0,8.01999,0.221825,0,0,0,0.519197,0.760261,1.32062,0,0,0,10.8419,0,0,0,0,0.100669,0,0,0.0356628,0,0,0.136332,0,0,0,0,0,0,0,0,0,0,0,21.1611,306.299,0,4.05655e-005,0.004509,
9,11,17,0,8.17267,0.221825,0,0,0,0.736923,0.791698,1.59075,0,0,0,11.5139,0,0,0,0,0.150895,0,0,0.0429574,0,0,0.193852,0,0,0,0,0,0,0,0,0,0,0,23.7054,306.299,0,0.000108084,0.004509,
9,11,18,0,7.25303,0.221825,0,0,0,1.40685,0.809163,1.74082,0,0,0,11.4317,0,0,0,0,0.0553898,0,0,0.04701,0,0,0.1024,0,0,0,0,0,0,0,0,0,0,0,28.5577,306.299,0,0.000268057,0.004509,
9,11,19,0,5.73672,0.221825,0,0,0,1.9763,0.816149,1.80085,0,0,0,10.5518,0,0,0,0,0.0614296,0,0,0.0486311,0,0,0.110061,0,0,0,0,0,0,0,0,0,0,0,40.164,306.299,0,0.000276966,0.004509,
9,11,20,0,4.40881,0.221825,0,0,0,1.89255,0.823135,1.86088,0.382647,0,0,9.58985,0,0,0,0,0.0432777,0,0,0.0502522,0,0,0.0935299,0,0,0,0,0,0,0,0,0,0,0,58.4373,306.299,0,0.000273543,0.004509,
9,11,21,0,3.3198,0.221825,0,0,0,1.60783,0.816149,1.80085,0.382647,0,0,8.1491,0,0,0,0,0.269413,0,0,0.0486311,0,0,0.318044,0,0,0,0,0,0,0,0,0,0,0,39.8732,306.299,0,0.000269675,0.004509,
9,11,22,0,2.19667,0.221825,0,0,0,1.05514,0.788205,1.56074,0.382647,0,0,6.20523,0,0,0,0,0.0424399,0,0,0.042147,0,0,0.0845869,0,0,0,0,0,0,0,0,0,0,0,37.1715,306.299,0,0.000261577,0.004509,
9,11,23,0,1.07414,0.221825,0,0,0,0.636433,0.763754,1.35064,0.382647,0,0,4.42943,0,0,0,0,0.0286341,0,0,0.0364733,0,0,0.0651074,0,0,0,0,0,0,0,0,0,0,0,36.2087,306.299,0,0.000260016,0.004509,
9,11,24,0,0.442654,0.221825,0,0,0,0.385211,0.735811,1.11052,0,0,0,2.89603,0,0,0,0,0.00229822,0,0,0.0299892,0,0,0.0322874,0,0,0,0,0,0,0,0,0,0,0,28.1268,306.299,0,0.000258763,0.004509,
9,12,1,0,0.187411,0.221825,0,0,0,0.318218,0.728825,1.0505,0,0,0,2.50677,0,0,0,0,0.000537183,0,0,0.0283681,0,0,0.0289053,0,0,0,0,0,0,0,0,0,0,0,27.7518,306.299,0,0.000249343,0.004509,
9,12,2,0,0.048136,0.221825,0,0,0,0.251224,0.725332,1.02048,0,0,0,2.267,0,0,0,0,0.000208761,0,0,0.0275576,0,0,0.0277664,0,0,0,0,0,0,0,0,0,0,0,27.7116,306.299,0,0.000248369,0.004509,
9,12,3,0,0,0.221825,0,0,0,0.28472,0.725332,1.02048,0,0,0,2.25236,0,0,0,0,0.00157254,0,0,0.0275576,0,0,0.0291301,0,0,0,0,0,0,0,0,0,0,0,27.7033,306.299,0,0.000247944,0.004509,
9,12,4,0,0,0.221825,0,0,0,0.351715,0.718346,0.960451,0,0,0,2.25234,0,0,0,0,0.000358467,0,0,0.0259366,0,0,0.0262951,0,0,0,0,0,0,0,0,0,0,0,27.7116,306.299,0,0.00024819,0.004509,
9,12,5,0,0,0.221825,0,0,0,0.519197,0.732318,1.08051,0,0,0,2.55385,0,0,0,0,0.00302843,0,0,0.0291787,0,0,0.0322071,0,0,0,0,0,0,0,0,0,0,0,27.7463,306.299,0,0.000249012,0.004509,
9,12,6,0,0,0.221825,0,0,0,0.703426,0.753275,1.26059,0,0,0,2.93912,0,0,0,0,0.000841701,0,0,0.0340418,0,0,0.0348835,0,0,0,0,0,0,0,0,0,0,0,27.7566,306.299,0,0.000249351,0.004509,
9,12,7,0,0,0.221825,0,0,0,0.686679,0.760261,1.32062,0,0,0,2.98939,0,0,0,0,0.0848988,0,0,0.0356628,0,0,0.120562,0,0,0,0,0,0,0,0,0,0,0,27.6287,306.299,0,0.000245092,0.004509,
9,12,8,0,0,0.221825,0,0,0,0.56944,0.735811,1.11052,0,0,0,2.6376,0,0,0,0,0.169188,0,0,0.0299892,0,0,0.199177,0,0,0,0,0,0,0,0,0,0,0,24.7256,306.299,0,0.000154107,0.004509,
9,12,9,0,1.11418,0.221825,0,0,0,0.4857,0.718346,0.960451,0,0,0,3.50051,0,0,0,0,0.787546,0,0,0.0259366,0,0,0.813483,0,0,0,0,0,0,0,0,0,0,0,22.1065,306.299,0,3.70401e-005,0.004509,
9,12,10,0,2.90627,0.221825,0,0,0,0.452204,0.721839,0.990466,0,0,0,5.29261,0,0,0,0,0.430908,0,0,0.0267471,0,0,0.457655,0,0,0,0,0,0,0,0,0,0,0,21.7717,306.299,0,2.992e-005,0.004509,
9,12,11,0,4.56343,0.221825,0,0,0,0.418708,0.721839,0.990466,0,0,0,6.91626,0,0,0,0,0.160792,0,0,0.0267471,0,0,0.187539,0,0,0,0,0,0,0,0,0,0,0,21.6561,306.299,0,3.02214e-005,0.004509,
9,12,12,0,5.96824,0.221825,0,0,0,0.351715,0.718346,0.960451,0,0,0,8.22058,0,0,0,0,0.138341,0,0,0.0259366,0,0,0.164278,0,0,0,0,0,0,0,0,0,0,0,21.614,306.299,0,2.99696e-005,0.004509,
9,12,13,0,7.11472,0.221825,0,0,0,0.351715,0.721839,0.990466,0,0,0,9.40056,0,0,0,0,0.406471,0,0,0.0267471,0,0,0.433218,0,0,0,0,0,0,0,0,0,0,0,21.4205,306.299,0,2.89565e-005,0.004509,
9,12,14,0,8.57297,0.221825,0,0,0,0.351715,0.728825,1.0505,0,0,0,10.9258,0,0,0,0,0.103919,0,0,0.0283681,0,0,0.132287,0,0,0,0,0,0,0,0,0,0,0,21.4313,306.299,0,3.06343e-005,0.004509,
9,12,15,0,9.72341,0.221825,0,0,0,0.435454,0.735811,1.11052,0,0,0,12.227,0,0,0,0,0.0659158,0,0,0.0299892,0,0,0.095905,0,0,0,0,0,0,0,0,0,0,0,21.8144,306.299,0,3.81025e-005,0.004509,
9,12,16,0,9.92502,0.221825,0,0,0,0.519197,0.760261,1.32062,0,0,0,12.7469,0,0,0,0,0.0396224,0,0,0.0356628,0,0,0.0752852,0,0,0,0,0,0,0,0,0,0,0,22.4029,306.299,0,5.73849e-005,0.004509,
9,12,17,0,8.77588,0.221825,0,0,0,0.736923,0.791698,1.59075,0,0,0,12.1171,0,0,0,0,0.308528,0,0,0.0429574,0,0,0.351485,0,0,0,0,0,0,0,0,0,0,0,24.8747,306.299,0,0.000137876,0.004509,
9,12,18,0,8.06847,0.221825,0,0,0,1.40685,0.809163,1.74082,0,0,0,12.2471,0,0,0,0,0.244453,0,0,0.04701,0,0,0.291463,0,0,0,0,0,0,0,0,0,0,0,28.5369,306.299,0,0.000266067,0.004509,
9,12,19,0,6.66331,0.221825,0,0,0,1.9763,0.816149,1.80085,0,0,0,11.4784,0,0,0,0,0.17136,0,0,0.0486311,0,0,0.219991,0,0,0,0,0,0,0,0,0,0,0,73.2987,306.299,0,0.000268165,0.004509,
9,12,20,0,5.28154,0.221825,0,0,0,1.89255,0.823135,1.86088,0.382647,0,0,10.4626,0,0,0,0,0.0633162,0,0,0.0502522,0,0,0.113568,0,0,0,0,0,0,0,0,0,0,0,85.4449,306.299,0,0.000267387,0.004509,
9,12,21,0,3.89964,0.221825,0,0,0,1.60783,0.816149,1.80085,0.382647,0,0,8.72894,0,0,0,0,0.0288416,0,0,0.0486311,0,0,0.0774727,0,0,0,0,0,0,0,0,0,0,0,52.9881,306.299,0,0.00026367,0.004509,
9,12,22,0,2.66946,0.221825,0,0,0,1.05514,0.788205,1.56074,0.382647,0,0,6.67801,0,0,0,0,0.173403,0,0,0.042147,0,0,0.21555,0,0,0,0,0,0,0,0,0,0,0,52.0178,306.299,0,0.000254233,0.004509,
9,12,23,0,1.83566,0.221825,0,0,0,0.636433,0.763754,1.35064,0.382647,0,0,5.19096,0,0,0,0,0.14167,0,0,0.0364733,0,0,0.178143,0,0,0,0,0,0,0,0,0,0,0,49.4257,306.299,0,0.00025217,0.004509,
9,12,24,0,1.22674,0.221825,0,0,0,0.385211,0.735811,1.11052,0,0,0,3.68012,0,0,0,0,0,0,0,0.0299892,0,0,0.0299892,0,0,0,0,0,0,0,0,0,0,0,36.2654,306.299,0,0.000250706,0.004509,
9,13,1,0,0.910989,0.221825,0,0,0,0.318218,0.728825,1.0505,0,0,0,3.23035,0,0,0,0,0,0,0,0.0283681,0,0,0.0283681,0,0,0,0,0,0,0,0,0,0,0,27.0408,306.299,0,0.000225482,0.004509,
9,13,2,0,0.578242,0.221825,0,0,0,0.251224,0.725332,1.02048,0,0,0,2.7971,0,0,0,0,0,0,0,0.0275576,0,0,0.0275576,0,0,0,0,0,0,0,0,0,0,0,27.0427,306.299,0,0.000224201,0.004509,
9,13,3,0,0.188081,0.221825,0,0,0,0.28472,0.725332,1.02048,0,0,0,2.44044,0,0,0,0,0,0,0,0.0275576,0,0,0.0275576,0,0,0,0,0,0,0,0,0,0,0,27.0352,306.299,0,0.000223417,0.004509,
9,13,4,0,0.0128972,0.221825,0,0,0,0.351715,0.718346,0.960451,0,0,0,2.26523,0,0,0,0,0,0,0,0.0259366,0,0,0.0259366,0,0,0,0,0,0,0,0,0,0,0,27.0251,306.299,0,0.000224125,0.004509,
9,13,5,0,0,0.221825,0,0,0,0.519197,0.732318,1.08051,0,0,0,2.55385,0,0,0,0,0.0218978,0,0,0.0291787,0,0,0.0510765,0,0,0,0,0,0,0,0,0,0,0,30.2743,306.299,0,0.000224064,0.004509,
9,13,6,0,0,0.221825,0,0,0,0.703426,0.753275,1.26059,0,0,0,2.93912,0,0,0,0,0.0262233,0,0,0.0340418,0,0,0.0602651,0,0,0,0,0,0,0,0,0,0,0,42.5202,306.299,0,0.000224846,0.004509,
9,13,7,0,0.000247289,0.221825,0,0,0,0.686679,0.760261,1.32062,0,0,0,2.98963,0,0,0,0,0.124761,0,0,0.0356628,0,0,0.160424,0,0,0,0,0,0,0,0,0,0,0,27.0388,306.299,0,0.000224141,0.004509,
9,13,8,0,1.75314,0.221825,0,0,0,0.56944,0.735811,1.11052,0,0,0,4.39075,0,0,0,0,0.242145,0,0,0.0299892,0,0,0.272134,0,0,0,0,0,0,0,0,0,0,0,24.226,306.299,0,0.000131718,0.004509,
9,13,9,0,3.27542,0.221825,0,0,0,0.4857,0.718346,0.960451,0,0,0,5.66174,0,0,0,0,0.184123,0,0,0.0259366,0,0,0.21006,0,0,0,0,0,0,0,0,0,0,0,21.4013,306.299,0,3.00901e-005,0.004509,
9,13,10,0,4.68231,0.221825,0,0,0,0.452204,0.721839,0.990466,0,0,0,7.06864,0,0,0,0,0.0970171,0,0,0.0267471,0,0,0.123764,0,0,0,0,0,0,0,0,0,0,0,21.0975,306.299,0,2.55135e-005,0.004509,
9,13,11,0,5.78033,0.221825,0,0,0,0.418708,0.721839,0.990466,0,0,0,8.13317,0,0,0,0,0.180507,0,0,0.0267471,0,0,0.207254,0,0,0,0,0,0,0,0,0,0,0,21.0157,306.299,0,2.41475e-005,0.004509,
9,13,12,0,6.38316,0.221825,0,0,0,0.351715,0.718346,0.960451,0,0,0,8.63549,0,0,0,0,0.0193796,0,0,0.0259366,0,0,0.0453162,0,0,0,0,0,0,0,0,0,0,0,20.9678,306.299,0,2.39074e-005,0.004509,
9,13,13,0,7.15409,0.221825,0,0,0,0.351715,0.721839,0.990466,0,0,0,9.43993,0,0,0,0,0.0413238,0,0,0.0267471,0,0,0.0680709,0,0,0,0,0,0,0,0,0,0,0,20.9591,306.299,0,2.46899e-005,0.004509,
9,13,14,0,8.2818,0.221825,0,0,0,0.351715,0.728825,1.0505,0,0,0,10.6347,0,0,0,0,0.0405139,0,0,0.0283681,0,0,0.068882,0,0,0,0,0,0,0,0,0,0,0,21.0056,306.299,0,2.95868e-005,0.004509,
9,13,15,0,9.12268,0.221825,0,0,0,0.435454,0.735811,1.11052,0,0,0,11.6263,0,0,0,0,0.00720141,0,0,0.0299892,0,0,0.0371906,0,0,0,0,0,0,0,0,0,0,0,21.0783,306.299,0,3.46088e-005,0.004509,
9,13,16,0,9.18055,0.221825,0,0,0,0.519197,0.760261,1.32062,0,0,0,12.0025,0,0,0,0,0.0868428,0,0,0.0356628,0,0,0.122506,0,0,0,0,0,0,0,0,0,0,0,21.6806,306.299,0,4.6987e-005,0.004509,
9,13,17,0,8.35973,0.221825,0,0,0,0.736923,0.791698,1.59075,0,0,0,11.7009,0,0,0,0,0.0847348,0,0,0.0429574,0,0,0.127692,0,0,0,0,0,0,0,0,0,0,0,24.3235,306.299,0,0.00012834,0.004509,
9,13,18,0,6.96718,0.221825,0,0,0,1.40685,0.809163,1.74082,0,0,0,11.1458,0,0,0,0,0.128111,0,0,0.04701,0,0,0.175121,0,0,0,0,0,0,0,0,0,0,0,28.0792,306.299,0,0.000247503,0.004509,
9,13,19,0,5.63909,0.221825,0,0,0,1.9763,0.816149,1.80085,0,0,0,10.4542,0,0,0,0,0.0198882,0,0,0.0486311,0,0,0.0685193,0,0,0,0,0,0,0,0,0,0,0,33.1168,306.299,0,0.000247498,0.004509,
9,13,20,0,4.48399,0.221825,0,0,0,1.89255,0.823135,1.86088,0.382647,0,0,9.66503,0,0,0,0,0.0512015,0,0,0.0502522,0,0,0.101454,0,0,0,0,0,0,0,0,0,0,0,34.6511,306.299,0,0.000247303,0.004509,
9,13,21,0,3.56771,0.221825,0,0,0,1.60783,0.816149,1.80085,0.382647,0,0,8.39701,0,0,0,0,0.0884785,0,0,0.0486311,0,0,0.13711,0,0,0,0,0,0,0,0,0,0,0,28.027,306.299,0,0.000244945,0.004509,
9,13,22,0,2.56056,0.221825,0,0,0,1.05514,0.788205,1.56074,0.382647,0,0,6.56911,0,0,0,0,0.000281593,0,0,0.042147,0,0,0.0424286,0,0,0,0,0,0,0,0,0,0,0,28.2567,306.299,0,0.000230856,0.004509,
9,13,23,0,1.59809,0.221825,0,0,0,0.636433,0.763754,1.35064,0.382647,0,0,4.95338,0,0,0,0,0,0,0,0.0364733,0,0,0.0364733,0,0,0,0,0,0,0,0,0,0,0,27.2632,306.299,0,0.000227003,0.004509,
9,13,24,0,0.920111,0.221825,0,0,0,0.385211,0.735811,1.11052,0,0,0,3.37348,0,0,0,0,0,0,0,0.0299892,0,0,0.0299892,0,0,0,0,0,0,0,0,0,0,0,27.0844,306.299,0,0.000225741,0.004509,
9,14,1,0,0.654411,0.221825,0,0,0,0.318218,0.728825,1.0505,0,0,0,2.97377,0,0,0,0,0.0233056,0,0,0.0283681,0,0,0.0516737,0,0,0,0,0,0,0,0,0,0,0,26.9001,306.299,0,0.000214454,0.004509,
9,14,2,0,0.410804,0.221825,0,0,0,0.251224,0.725332,1.02048,0,0,0,2.62967,0,0,0,0,0.013183,0,0,0.0275576,0,0,0.0407406,0,0,0,0,0,0,0,0,0,0,0,26.5462,306.299,0,0.000209218,0.004509,
9,14,3,0,0.150121,0.221825,0,0,0,0.28472,0.725332,1.02048,0,0,0,2.40248,0,0,0,0,0.0042029,0,0,0.0275576,0,0,0.0317605,0,0,0,0,0,0,0,0,0,0,0,26.3854,306.299,0,0.000206036,0.004509,
9,14,4,0,0.0489969,0.221825,0,0,0,0.351715,0.718346,0.960451,0,0,0,2.30133,0,0,0,0,0,0,0,0.0259366,0,0,0.0259366,0,0,0,0,0,0,0,0,0,0,0,26.3019,306.299,0,0.00020138,0.004509,
9,14,5,0,0.168917,0.221825,0,0,0,0.519197,0.732318,1.08051,0,0,0,2.72277,0,0,0,0,0.0694078,0,0,0.0291787,0,0,0.0985865,0,0,0,0,0,0,0,0,0,0,0,26.3033,306.299,0,0.000201484,0.004509,
9,14,6,0,0,0.221825,0,0,0,0.703426,0.753275,1.26059,0,0,0,2.93912,0,0,0,0,0.125137,0,0,0.0340418,0,0,0.159179,0,0,0,0,0,0,0,0,0,0,0,26.5239,306.299,0,0.000209921,0.004509,
9,14,7,0,0,0.221825,0,0,0,0.686679,0.760261,1.32062,0,0,0,2.98939,0,0,0,0,0.28626,0,0,0.0356628,0,0,0.321923,0,0,0,0,0,0,0,0,0,0,0,26.1969,306.299,0,0.000198655,0.004509,
9,14,8,0,0.0254259,0.221825,0,0,0,0.56944,0.735811,1.11052,0,0,0,2.66303,0,0,0,0,0.0160365,0,0,0.0299892,0,0,0.0460257,0,0,0,0,0,0,0,0,0,0,0,23.6241,306.299,0,0.000118593,0.004509,
9,14,9,0,1.58581,0.221825,0,0,0,0.4857,0.718346,0.960451,0,0,0,3.97213,0,0,0,0,0.27269,0,0,0.0259366,0,0,0.298627,0,0,0,0,0,0,0,0,0,0,0,21.0799,306.299,0,1.85998e-005,0.004509,
9,14,10,0,2.48393,0.221825,0,0,0,0.452204,0.721839,0.990466,0,0,0,4.87026,0,0,0,0,0.111825,0,0,0.0267471,0,0,0.138572,0,0,0,0,0,0,0,0,0,0,0,20.4047,306.299,0,3.22633e-006,0.004509,
9,14,11,0,2.91569,0.221825,0,0,0,0.418708,0.721839,0.990466,0,0,0,5.26852,0,0,0,0,0.00599955,0,0,0.0267471,0,0,0.0327466,0,0,0,0,0,0,0,0,0,0,0,20.3653,306.299,0,2.2061e-006,0.004509,
9,14,12,0,2.95542,0.221825,0,0,0,0.351715,0.718346,0.960451,0,0,0,5.20776,0,0,0,0,0.0245061,0,0,0.0259366,0,0,0.0504427,0,0,0,0,0,0,0,0,0,0,0,20.3493,306.299,0,8.87179e-007,0.004509,
9,14,13,0,3.15334,0.221825,0,0,0,0.351715,0.721839,0.990466,0,0,0,5.43919,0,0,0,0,0.00956049,0,0,0.0267471,0,0,0.0363076,0,0,0,0,0,0,0,0,0,0,0,20.2831,306.299,0,8.67698e-007,0.004509,
9,14,14,0,3.46392,0.221825,0,0,0,0.351715,0.728825,1.0505,0,0,0,5.81678,0,0,0,0,0.0540066,0,0,0.0283681,0,0,0.0823747,0,0,0,0,0,0,0,0,0,0,0,20.2182,306.299,0,1.16032e-006,0.004509,
9,14,15,0,3.58999,0.221825,0,0,0,0.435454,0.735811,1.11052,0,0,0,6.0936,0,0,0,0,0.0262764,0,0,0.0299892,0,0,0.0562656,0,0,0,0,0,0,0,0,0,0,0,20.2834,306.299,0,2.75506e-006,0.004509,
9,14,16,0,3.61195,0.221825,0,0,0,0.519197,0.760261,1.32062,0,0,0,6.43386,0,0,0,0,0.115101,0,0,0.0356628,0,0,0.150764,0,0,0,0,0,0,0,0,0,0,0,20.7859,306.299,0,1.42148e-005,0.004509,
9,14,17,0,2.90094,0.221825,0,0,0,0.736923,0.791698,1.59075,0,0,0,6.24214,0,0,0,0,0.0115396,0,0,0.0429574,0,0,0.054497,0,0,0,0,0,0,0,0,0,0,0,23.3727,306.299,0,8.8916e-005,0.004509,
9,14,18,0,0.306654,0.221825,0,0,0,1.40685,0.809163,1.74082,0,0,0,4.48532,0,0,0,0,0.184339,0,0,0.04701,0,0,0.231349,0,0,0,0,0,0,0,0,0,0,0,27.1047,306.299,0,0.000224863,0.004509,
9,14,19,0,0,0.221825,0,0,0,1.9763,0.816149,1.80085,0,0,0,4.81512,0,0,0,0,0.0180238,0,0,0.0486311,0,0,0.0666549,0,0,0,0,0,0,0,0,0,0,0,27.1738,306.299,0,0.000227207,0.004509,
9,14,20,0,0,0.221825,0,0,0,1.89255,0.823135,1.86088,0.382647,0,0,5.18104,0,0,0,0,0.0975523,0,0,0.0502522,0,0,0.147805,0,0,0,0,0,0,0,0,0,0,0,27.1441,306.299,0,0.000226127,0.004509,
9,14,21,0,0,0.221825,0,0,0,1.60783,0.816149,1.80085,0.382647,0,0,4.8293,0,0,0,0,0.0291919,0,0,0.0486311,0,0,0.077823,0,0,0,0,0,0,0,0,0,0,0,27.039,306.299,0,0.000222231,0.004509,
9,14,22,0,0,0.221825,0,0,0,1.05514,0.788205,1.56074,0.382647,0,0,4.00855,0,0,0,0,0.119373,0,0,0.042147,0,0,0.16152,0,0,0,0,0,0,0,0,0,0,0,26.9521,306.299,0,0.000220074,0.004509,
9,14,23,0,0,0.221825,0,0,0,0.636433,0.763754,1.35064,0.382647,0,0,3.3553,0,0,0,0,0.0159741,0,0,0.0364733,0,0,0.0524474,0,0,0,0,0,0,0,0,0,0,0,26.8748,306.299,0,0.000218955,0.004509,
9,14,24,0,0,0.221825,0,0,0,0.385211,0.735811,1.11052,0,0,0,2.45337,0,0,0,0,0.00987269,0,0,0.0299892,0,0,0.0398619,0,0,0,0,0,0,0,0,0,0,0,26.8337,306.299,0,0.000218741,0.004509,
9,15,1,0,0,0.221825,0,0,0,0.318218,0.728825,1.0505,0,0,0,2.31936,0,0,0,0,0.0262731,0,0,0.0283681,0,0,0.0546412,0,0,0,0,0,0,0,0,0,0,0,26.56,306.299,0,0.000205977,0.004509,
9,15,2,0,0,0.221825,0,0,0,0.251224,0.725332,1.02048,0,0,0,2.21886,0,0,0,0,0.0134731,0,0,0.0275576,0,0,0.0410307,0,0,0,0,0,0,0,0,0,0,0,26.2337,306.299,0,0.000195518,0.004509,
9,15,3,0,0,0.221825,0,0,0,0.28472,0.725332,1.02048,0,0,0,2.25236,0,0,0,0,0,0,0,0.0275576,0,0,0.0275576,0,0,0,0,0,0,0,0,0,0,0,25.9074,306.299,0,0.000190174,0.004509,
9,15,4,0,0,0.221825,0,0,0,0.351715,0.718346,0.960451,0,0,0,2.25234,0,0,0,0,0.000305343,0,0,0.0259366,0,0,0.0262419,0,0,0,0,0,0,0,0,0,0,0,26.0167,306.299,0,0.000192158,0.004509,
9,15,5,0,0,0.221825,0,0,0,0.519197,0.732318,1.08051,0,0,0,2.55385,0,0,0,0,0.00998758,0,0,0.0291787,0,0,0.0391663,0,0,0,0,0,0,0,0,0,0,0,26.1749,306.299,0,0.000197221,0.004509,
9,15,6,0,0,0.221825,0,0,0,0.703426,0.753275,1.26059,0,0,0,2.93912,0,0,0,0,0.408662,0,0,0.0340418,0,0,0.442704,0,0,0,0,0,0,0,0,0,0,0,26.392,306.299,0,0.000203096,0.004509,
9,15,7,0,0,0.221825,0,0,0,0.686679,0.760261,1.32062,0,0,0,2.98939,0,0,0,0,0.100333,0,0,0.0356628,0,0,0.135996,0,0,0,0,0,0,0,0,0,0,0,25.8145,306.299,0,0.000196638,0.004509,
9,15,8,0,0,0.221825,0,0,0,0.56944,0.735811,1.11052,0,0,0,2.6376,0,0,0,0,0.117545,0,0,0.0299892,0,0,0.147534,0,0,0,0,0,0,0,0,0,0,0,20.7541,306.299,0,2.78107e-005,0.004509,
9,15,9,0,0,0.221825,0,0,0,0.4857,0.718346,0.960451,0,0,0,2.38632,0,0,0,0,0.449278,0,0,0.0259366,0,0,0.475215,0,0,0,0,0,0,0,0,0,0,0,18.3794,306.299,0,4.31672e-006,0.004509,
9,15,10,0,0,0.221825,0,0,0,0.452204,0.721839,0.990466,0,0,0,2.38633,0,0,0,0,0.215012,0,0,0.0267471,0,0,0.241759,0,0,0,0,0,0,0,0,0,0,0,18.1766,306.299,0,0,0.004509,
9,15,11,0,0,0.221825,0,0,0,0.418708,0.721839,0.990466,0,0,0,2.35284,0,0,0,0,0.0235389,0,0,0.0267471,0,0,0.050286,0,0,0,0,0,0,0,0,0,0,0,18.5048,306.299,0,0,0.004509,
9,15,12,0,0,0.221825,0,0,0,0.351715,0.718346,0.960451,0,0,0,2.25234,0,0,0,0,0.0911411,0,0,0.0259366,0,0,0.117078,0,0,0,0,0,0,0,0,0,0,0,18.2706,306.299,0,0,0.004509,
9,15,13,0,0,0.221825,0,0,0,0.351715,0.721839,0.990466,0,0,0,2.28584,0,0,0,0,0.0641434,0,0,0.0267471,0,0,0.0908905,0,0,0,0,0,0,0,0,0,0,0,18.6272,306.299,0,0,0.004509,
9,15,14,0,0,0.221825,0,0,0,0.351715,0.728825,1.0505,0,0,0,2.35286,0,0,0,0,0.1099,0,0,0.0283681,0,0,0.138268,0,0,0,0,0,0,0,0,0,0,0,18.2635,306.299,0,0,0.004509,
9,15,15,0,0,0.221825,0,0,0,0.435454,0.735811,1.11052,0,0,0,2.50361,0,0,0,0,0.0284608,0,0,0.0299892,0,0,0.05845,0,0,0,0,0,0,0,0,0,0,0,18.2514,306.299,0,0,0.004509,
9,15,16,0,0,0.221825,0,0,0,0.519197,0.760261,1.32062,0,0,0,2.8219,0,0,0,0,0.0941446,0,0,0.0356628,0,0,0.129807,0,0,0,0,0,0,0,0,0,0,0,18.3692,306.299,0,1.42419e-006,0.004509,
9,15,17,0,0,0.221825,0,0,0,0.736923,0.791698,1.59075,0,0,0,3.3412,0,0,0,0,0.0422991,0,0,0.0429574,0,0,0.0852565,0,0,0,0,0,0,0,0,0,0,0,19.6616,306.299,0,2.30725e-005,0.004509,
9,15,18,0,0,0.221825,0,0,0,1.40685,0.809163,1.74082,0,0,0,4.17866,0,0,0,0,0.0808619,0,0,0.04701,0,0,0.127872,0,0,0,0,0,0,0,0,0,0,0,26.2741,306.299,0,0.000196102,0.004509,
9,15,19,0,0,0.221825,0,0,0,1.9763,0.816149,1.80085,0,0,0,4.81512,0,0,0,0,0.0220205,0,0,0.0486311,0,0,0.0706516,0,0,0,0,0,0,0,0,0,0,0,26.3309,306.299,0,0.000197351,0.004509,
9,15,20,0,0,0.221825,0,0,0,1.89255,0.823135,1.86088,0.382647,0,0,5.18104,0,0,0,0,0.0826093,0,0,0.0502522,0,0,0.132862,0,0,0,0,0,0,0,0,0,0,0,26.3116,306.299,0,0.000196343,0.004509,
9,15,21,0,0,0.221825,0,0,0,1.60783,0.816149,1.80085,0.382647,0,0,4.8293,0,0,0,0,0.131075,0,0,0.0486311,0,0,0.179706,0,0,0,0,0,0,0,0,0,0,0,26.3177,306.299,0,0.000196432,0.004509,
9,15,22,0,0,0.221825,0,0,0,1.05514,0.788205,1.56074,0.382647,0,0,4.00855,0,0,0,0,0.147139,0,0,0.042147,0,0,0.189286,0,0,0,0,0,0,0,0,0,0,0,26.2416,306.299,0,0.000194805,0.004509,
9,15,23,0,0,0.221825,0,0,0,0.636433,0.763754,1.35064,0.382647,0,0,3.3553,0,0,0,0,0.365334,0,0,0.0364733,0,0,0.401807,0,0,0,0,0,0,0,0,0,0,0,26.2192,306.299,0,0.000194291,0.004509,
9,15,24,0,0,0.221825,0,0,0,0.385211,0.735811,1.11052,0,0,0,2.45337,0,0,0,0,0.0098816,0,0,0.0299892,0,0,0.0398708,0,0,0,0,0,0,0,0,0,0,0,26.2104,306.299,0,0.000194484,0.004509,
9,16,1,0,0,0.221825,0,0,0,0.318218,0.728825,1.0505,0,0,0,2.31936,0,0,0,0,0.00169215,0,0,0.0283681,0,0,0.0300603,0,0,0,0,0,0,0,0,0,0,0,25.2968,306.299,0,0.000177969,0.004509,
9,16,2,0,0,0.221825,0,0,0,0.251224,0.725332,1.02048,0,0,0,2.21886,0,0,0,0,0.00993677,0,0,0.0275576,0,0,0.0374944,0,0,0,0,0,0,0,0,0,0,0,24.5167,306.299,0,0.000175257,0.004509,
9,16,3,0,0,0.221825,0,0,0,0.28472,0.725332,1.02048,0,0,0,2.25236,0,0,0,0,0,0,0,0.0275576,0,0,0.0275576,0,0,0,0,0,0,0,0,0,0,0,24.4317,306.299,0,0.000171623,0.004509,
9,16,4,0,0,0.221825,0,0,0,0.351715,0.718346,0.960451,0,0,0,2.25234,0,0,0,0,0,0,0,0.0259366,0,0,0.0259366,0,0,0,0,0,0,0,0,0,0,0,24.3691,306.299,0,0.000167691,0.004509,
9,16,5,0,0,0.221825,0,0,0,0.519197,0.732318,1.08051,0,0,0,2.55385,0,0,0,0,0.000435168,0,0,0.0291787,0,0,0.0296139,0,0,0,0,0,0,0,0,0,0,0,25.1358,306.299,0,0.000174744,0.004509,
9,16,6,0,0,0.221825,0,0,0,0.703426,0.753275,1.26059,0,0,0,2.93912,0,0,0,0,0.0753858,0,0,0.0340418,0,0,0.109428,0,0,0,0,0,0,0,0,0,0,0,25.4427,306.299,0,0.00017923,0.004509,
9,16,7,0,0,0.221825,0,0,0,0.686679,0.760261,1.32062,0,0,0,2.98939,0,0,0,0,0.0779716,0,0,0.0356628,0,0,0.113634,0,0,0,0,0,0,0,0,0,0,0,23.9323,306.299,0,0.000156009,0.004509,
9,16,8,0,0,0.221825,0,0,0,0.56944,0.735811,1.11052,0,0,0,2.6376,0,0,0,0,0.20397,0,0,0.0299892,0,0,0.233959,0,0,0,0,0,0,0,0,0,0,0,19.3227,306.299,0,1.39736e-005,0.004509,
9,16,9,0,0,0.221825,0,0,0,0.4857,0.718346,0.960451,0,0,0,2.38632,0,0,0,0,0.243009,0,0,0.0259366,0,0,0.268946,0,0,0,0,0,0,0,0,0,0,0,17.5016,306.299,0,0,0.004509,
9,16,10,0,0,0.221825,0,0,0,0.452204,0.721839,0.990466,0,0,0,2.38633,0,0,0,0,0.109848,0,0,0.0267471,0,0,0.136595,0,0,0,0,0,0,0,0,0,0,0,17.295,306.299,0,0,0.004509,
9,16,11,0,0,0.221825,0,0,0,0.418708,0.721839,0.990466,0,0,0,2.35284,0,0,0,0,0.0737412,0,0,0.0267471,0,0,0.100488,0,0,0,0,0,0,0,0,0,0,0,17.6185,306.299,0,0,0.004509,
9,16,12,0,0,0.221825,0,0,0,0.351715,0.718346,0.960451,0,0,0,2.25234,0,0,0,0,0.0822154,0,0,0.0259366,0,0,0.108152,0,0,0,0,0,0,0,0,0,0,0,17.3487,306.299,0,0,0.004509,
9,16,13,0,0,0.221825,0,0,0,0.351715,0.721839,0.990466,0,0,0,2.28584,0,0,0,0,0.0628802,0,0,0.0267471,0,0,0.0896273,0,0,0,0,0,0,0,0,0,0,0,17.5864,306.299,0,0,0.004509,
9,16,14,0,0,0.221825,0,0,0,0.351715,0.728825,1.0505,0,0,0,2.35286,0,0,0,0,0.130892,0,0,0.0283681,0,0,0.15926,0,0,0,0,0,0,0,0,0,0,0,17.3189,306.299,0,0,0.004509,
9,16,15,0,0,0.221825,0,0,0,0.435454,0.735811,1.11052,0,0,0,2.50361,0,0,0,0,0.0852462,0,0,0.0299892,0,0,0.115235,0,0,0,0,0,0,0,0,0,0,0,17.2865,306.299,0,0,0.004509,
9,16,16,0,0,0.221825,0,0,0,0.519197,0.760261,1.32062,0,0,0,2.8219,0,0,0,0,0.060849,0,0,0.0356628,0,0,0.0965118,0,0,0,0,0,0,0,0,0,0,0,17.5072,306.299,0,0,0.004509,
9,16,17,0,0,0.221825,0,0,0,0.736923,0.791698,1.59075,0,0,0,3.3412,0,0,0,0,0.0524264,0,0,0.0429574,0,0,0.0953838,0,0,0,0,0,0,0,0,0,0,0,18.5152,306.299,0,1.4377e-005,0.004509,
9,16,18,0,0,0.221825,0,0,0,1.40685,0.809163,1.74082,0,0,0,4.17866,0,0,0,0,0.144532,0,0,0.04701,0,0,0.191542,0,0,0,0,0,0,0,0,0,0,0,25.6146,306.299,0,0.000183534,0.004509,
9,16,19,0,0,0.221825,0,0,0,1.9763,0.816149,1.80085,0,0,0,4.81512,0,0,0,0,0.15666,0,0,0.0486311,0,0,0.205291,0,0,0,0,0,0,0,0,0,0,0,25.7187,306.299,0,0.000185263,0.004509,
9,16,20,0,0,0.221825,0,0,0,1.89255,0.823135,1.86088,0.382647,0,0,5.18104,0,0,0,0,0.195056,0,0,0.0502522,0,0,0.245308,0,0,0,0,0,0,0,0,0,0,0,25.7061,306.299,0,0.000184364,0.004509,
9,16,21,0,0,0.221825,0,0,0,1.60783,0.816149,1.80085,0.382647,0,0,4.8293,0,0,0,0,0.0914714,0,0,0.0486311,0,0,0.140102,0,0,0,0,0,0,0,0,0,0,0,25.6653,306.299,0,0.000184787,0.004509,
9,16,22,0,0,0.221825,0,0,0,1.05514,0.788205,1.56074,0.382647,0,0,4.00855,0,0,0,0,0.0340062,0,0,0.042147,0,0,0.0761532,0,0,0,0,0,0,0,0,0,0,0,25.5594,306.299,0,0.000183192,0.004509,
9,16,23,0,0,0.221825,0,0,0,0.636433,0.763754,1.35064,0.382647,0,0,3.3553,0,0,0,0,0.00397271,0,0,0.0364733,0,0,0.040446,0,0,0,0,0,0,0,0,0,0,0,25.4838,306.299,0,0.000182612,0.004509,
9,16,24,0,0,0.221825,0,0,0,0.385211,0.735811,1.11052,0,0,0,2.45337,0,0,0,0,0.0020804,0,0,0.0299892,0,0,0.0320696,0,0,0,0,0,0,0,0,0,0,0,25.3835,306.299,0,0.000182259,0.004509,
9,17,1,0,0,0.221825,0,0,0,0.318218,0.728825,1.0505,0,0,0,2.31936,0,0,0,0,0.000638735,0,0,0.0283681,0,0,0.0290068,0,0,0,0,0,0,0,0,0,0,0,26.01,306.299,0,0.000204654,0.004509,
9,17,2,0,0,0.221825,0,0,0,0.251224,0.725332,1.02048,0,0,0,2.21886,0,0,0,0,0.030822,0,0,0.0275576,0,0,0.0583796,0,0,0,0,0,0,0,0,0,0,0,25.4279,306.299,0,0.000194256,0.004509,
9,17,3,0,0,0.221825,0,0,0,0.28472,0.725332,1.02048,0,0,0,2.25236,0,0,0,0,0,0,0,0.0275576,0,0,0.0275576,0,0,0,0,0,0,0,0,0,0,0,25.2308,306.299,0,0.000193078,0.004509,
9,17,4,0,0,0.221825,0,0,0,0.351715,0.718346,0.960451,0,0,0,2.25234,0,0,0,0,0,0,0,0.0259366,0,0,0.0259366,0,0,0,0,0,0,0,0,0,0,0,25.15,306.299,0,0.000190971,0.004509,
9,17,5,0,0,0.221825,0,0,0,0.519197,0.732318,1.08051,0,0,0,2.55385,0,0,0,0,0.0389019,0,0,0.0291787,0,0,0.0680806,0,0,0,0,0,0,0,0,0,0,0,25.6379,306.299,0,0.000200285,0.004509,
9,17,6,0,0,0.221825,0,0,0,0.703426,0.753275,1.26059,0,0,0,2.93912,0,0,0,0,0.0138448,0,0,0.0340418,0,0,0.0478866,0,0,0,0,0,0,0,0,0,0,0,26.1388,306.299,0,0.00020834,0.004509,
9,17,7,0,0,0.221825,0,0,0,0.686679,0.760261,1.32062,0,0,0,2.98939,0,0,0,0,0.0138253,0,0,0.0356628,0,0,0.0494881,0,0,0,0,0,0,0,0,0,0,0,24.7847,306.299,0,0.000185714,0.004509,
9,17,8,0,0,0.221825,0,0,0,0.56944,0.735811,1.11052,0,0,0,2.6376,0,0,0,0,0.130155,0,0,0.0299892,0,0,0.160144,0,0,0,0,0,0,0,0,0,0,0,19.5592,306.299,0,1.53431e-005,0.004509,
9,17,9,0,0,0.221825,0,0,0,0.4857,0.718346,0.960451,0,0,0,2.38632,0,0,0,0,0.657675,0,0,0.0259366,0,0,0.683612,0,0,0,0,0,0,0,0,0,0,0,17.5311,306.299,0,0,0.004509,
9,17,10,0,0,0.221825,0,0,0,0.452204,0.721839,0.990466,0,0,0,2.38633,0,0,0,0,0.0550176,0,0,0.0267471,0,0,0.0817647,0,0,0,0,0,0,0,0,0,0,0,17.7242,306.299,0,0,0.004509,
9,17,11,0,0,0.221825,0,0,0,0.418708,0.721839,0.990466,0,0,0,2.35284,0,0,0,0,0.0292894,0,0,0.0267471,0,0,0.0560365,0,0,0,0,0,0,0,0,0,0,0,17.4443,306.299,0,0,0.004509,
9,17,12,0,0,0.221825,0,0,0,0.351715,0.718346,0.960451,0,0,0,2.25234,0,0,0,0,0.0169337,0,0,0.0259366,0,0,0.0428703,0,0,0,0,0,0,0,0,0,0,0,17.6616,306.299,0,0,0.004509,
9,17,13,0,0,0.221825,0,0,0,0.351715,0.721839,0.990466,0,0,0,2.28584,0,0,0,0,0.0186521,0,0,0.0267471,0,0,0.0453992,0,0,0,0,0,0,0,0,0,0,0,17.445,306.299,0,0,0.004509,
9,17,14,0,0,0.221825,0,0,0,0.351715,0.728825,1.0505,0,0,0,2.35286,0,0,0,0,0.0132704,0,0,0.0283681,0,0,0.0416385,0,0,0,0,0,0,0,0,0,0,0,17.4079,306.299,0,0,0.004509,
9,17,15,0,0,0.221825,0,0,0,0.435454,0.735811,1.11052,0,0,0,2.50361,0,0,0,0,0.00638026,0,0,0.0299892,0,0,0.0363695,0,0,0,0,0,0,0,0,0,0,0,17.3797,306.299,0,0,0.004509,
9,17,16,0,0,0.221825,0,0,0,0.519197,0.760261,1.32062,0,0,0,2.8219,0,0,0,0,0.0506949,0,0,0.0356628,0,0,0.0863577,0,0,0,0,0,0,0,0,0,0,0,17.5323,306.299,0,0,0.004509,
9,17,17,0,0,0.221825,0,0,0,0.736923,0.791698,1.59075,0,0,0,3.3412,0,0,0,0,0.0044133,0,0,0.0429574,0,0,0.0473707,0,0,0,0,0,0,0,0,0,0,0,18.7016,306.299,0,1.71408e-005,0.004509,
9,17,18,0,0,0.221825,0,0,0,1.40685,0.809163,1.74082,0,0,0,4.17866,0,0,0,0,0.0344513,0,0,0.04701,0,0,0.0814613,0,0,0,0,0,0,0,0,0,0,0,27.1401,306.299,0,0.000225371,0.004509,
9,17,19,0,0,0.221825,0,0,0,1.9763,0.816149,1.80085,0,0,0,4.81512,0,0,0,0,0.00221329,0,0,0.0486311,0,0,0.0508444,0,0,0,0,0,0,0,0,0,0,0,27.1559,306.299,0,0.000225854,0.004509,
9,17,20,0,0,0.221825,0,0,0,1.89255,0.823135,1.86088,0.382647,0,0,5.18104,0,0,0,0,0.00211797,0,0,0.0502522,0,0,0.0523702,0,0,0,0,0,0,0,0,0,0,0,27.1445,306.299,0,0.000224949,0.004509,
9,17,21,0,0,0.221825,0,0,0,1.60783,0.816149,1.80085,0.382647,0,0,4.8293,0,0,0,0,0,0,0,0.0486311,0,0,0.0486311,0,0,0,0,0,0,0,0,0,0,0,27.1404,306.299,0,0.000225162,0.004509,
9,17,22,0,0,0.221825,0,0,0,1.05514,0.788205,1.56074,0.382647,0,0,4.00855,0,0,0,0,0.00674602,0,0,0.042147,0,0,0.048893,0,0,0,0,0,0,0,0,0,0,0,27.1137,306.299,0,0.000223536,0.004509,
9,17,23,0,0,0.221825,0,0,0,0.636433,0.763754,1.35064,0.382647,0,0,3.3553,0,0,0,0,0.00600588,0,0,0.0364733,0,0,0.0424792,0,0,0,0,0,0,0,0,0,0,0,27.0932,306.299,0,0.00022305,0.004509,
9,17,24,0,0,0.221825,0,0,0,0.385211,0.735811,1.11052,0,0,0,2.45337,0,0,0,0,0.000694646,0,0,0.0299892,0,0,0.0306838,0,0,0,0,0,0,0,0,0,0,0,27.0887,306.299,0,0.00022269,0.004509,
9,18,1,0,0,0.221825,0,0,0,0.318218,0.728825,1.0505,0,0,0,2.31936,0,0,0,0,0.00206165,0,0,0.0283681,0,0,0.0304297,0,0,0,0,0,0,0,0,0,0,0,27.3886,306.299,0,0.000228928,0.004509,
9,18,2,0,0,0.221825,0,0,0,0.251224,0.725332,1.02048,0,0,0,2.21886,0,0,0,0,0.00227788,0,0,0.0275576,0,0,0.0298355,0,0,0,0,0,0,0,0,0,0,0,27.3781,306.299,0,0.00022917,0.004509,
9,18,3,0,0,0.221825,0,0,0,0.28472,0.725332,1.02048,0,0,0,2.25236,0,0,0,0,0,0,0,0.0275576,0,0,0.0275576,0,0,0,0,0,0,0,0,0,0,0,27.3231,306.299,0,0.000229055,0.004509,
9,18,4,0,0,0.221825,0,0,0,0.351715,0.718346,0.960451,0,0,0,2.25234,0,0,0,0,0.00031345,0,0,0.0259366,0,0,0.02625,0,0,0,0,0,0,0,0,0,0,0,27.2719,306.299,0,0.0002281,0.004509,
9,18,5,0,0,0.221825,0,0,0,0.519197,0.732318,1.08051,0,0,0,2.55385,0,0,0,0,0,0,0,0.0291787,0,0,0.0291787,0,0,0,0,0,0,0,0,0,0,0,27.384,306.299,0,0.0002294,0.004509,
9,18,6,0,0,0.221825,0,0,0,0.703426,0.753275,1.26059,0,0,0,2.93912,0,0,0,0,0.0190242,0,0,0.0340418,0,0,0.053066,0,0,0,0,0,0,0,0,0,0,0,27.3845,306.299,0,0.000229576,0.004509,
9,18,7,0,0,0.221825,0,0,0,0.686679,0.760261,1.32062,0,0,0,2.98939,0,0,0,0,0.082878,0,0,0.0356628,0,0,0.118541,0,0,0,0,0,0,0,0,0,0,0,26.802,306.299,0,0.000223798,0.004509,
9,18,8,0,0,0.221825,0,0,0,0.56944,0.735811,1.11052,0,0,0,2.6376,0,0,0,0,0.30946,0,0,0.0299892,0,0,0.339449,0,0,0,0,0,0,0,0,0,0,0,22.5819,306.299,0,8.95339e-005,0.004509,
9,18,9,0,0,0.221825,0,0,0,0.4857,0.718346,0.960451,0,0,0,2.38632,0,0,0,0,0.20652,0,0,0.0259366,0,0,0.232457,0,0,0,0,0,0,0,0,0,0,0,19.3588,306.299,0,9.0961e-006,0.004509,
9,18,10,0,0,0.221825,0,0,0,0.452204,0.721839,0.990466,0,0,0,2.38633,0,0,0,0,0.0960565,0,0,0.0267471,0,0,0.122804,0,0,0,0,0,0,0,0,0,0,0,19.2941,306.299,0,1.2025e-006,0.004509,
9,18,11,0,0,0.221825,0,0,0,0.418708,0.721839,0.990466,0,0,0,2.35284,0,0,0,0,0.169608,0,0,0.0267471,0,0,0.196355,0,0,0,0,0,0,0,0,0,0,0,19.4266,306.299,0,1.18766e-006,0.004509,
9,18,12,0,0,0.221825,0,0,0,0.351715,0.718346,0.960451,0,0,0,2.25234,0,0,0,0,0.0618207,0,0,0.0259366,0,0,0.0877573,0,0,0,0,0,0,0,0,0,0,0,19.2443,306.299,0,1.24666e-006,0.004509,
9,18,13,0,0,0.221825,0,0,0,0.351715,0.721839,0.990466,0,0,0,2.28584,0,0,0,0,0.0383922,0,0,0.0267471,0,0,0.0651393,0,0,0,0,0,0,0,0,0,0,0,19.2424,306.299,0,1.73447e-006,0.004509,
9,18,14,0,0,0.221825,0,0,0,0.351715,0.728825,1.0505,0,0,0,2.35286,0,0,0,0,0.459418,0,0,0.0283681,0,0,0.487786,0,0,0,0,0,0,0,0,0,0,0,19.271,306.299,0,1.84097e-006,0.004509,
9,18,15,0,0,0.221825,0,0,0,0.435454,0.735811,1.11052,0,0,0,2.50361,0,0,0,0,0.12565,0,0,0.0299892,0,0,0.155639,0,0,0,0,0,0,0,0,0,0,0,19.2668,306.299,0,5.31978e-006,0.004509,
9,18,16,0,0,0.221825,0,0,0,0.519197,0.760261,1.32062,0,0,0,2.8219,0,0,0,0,0.0800795,0,0,0.0356628,0,0,0.115742,0,0,0,0,0,0,0,0,0,0,0,20.0958,306.299,0,2.99919e-005,0.004509,
9,18,17,0,0.736632,0.221825,0,0,0,0.736923,0.791698,1.59075,0,0,0,4.07783,0,0,0,0,0.0752463,0,0,0.0429574,0,0,0.118204,0,0,0,0,0,0,0,0,0,0,0,24.0435,306.299,0,0.000121411,0.004509,
9,18,18,0,1.36177,0.221825,0,0,0,1.40685,0.809163,1.74082,0,0,0,5.54043,0,0,0,0,0.206977,0,0,0.04701,0,0,0.253987,0,0,0,0,0,0,0,0,0,0,0,27.9855,306.299,0,0.000255098,0.004509,
9,18,19,0,1.39732,0.221825,0,0,0,1.9763,0.816149,1.80085,0,0,0,6.21244,0,0,0,0,0.101997,0,0,0.0486311,0,0,0.150628,0,0,0,0,0,0,0,0,0,0,0,28.0341,306.299,0,0.000255304,0.004509,
9,18,20,0,1.18435,0.221825,0,0,0,1.89255,0.823135,1.86088,0.382647,0,0,6.36539,0,0,0,0,0.168448,0,0,0.0502522,0,0,0.2187,0,0,0,0,0,0,0,0,0,0,0,28.7534,306.299,0,0.000254292,0.004509,
9,18,21,0,0.747908,0.221825,0,0,0,1.60783,0.816149,1.80085,0.382647,0,0,5.57721,0,0,0,0,0.0641139,0,0,0.0486311,0,0,0.112745,0,0,0,0,0,0,0,0,0,0,0,27.9853,306.299,0,0.000252979,0.004509,
9,18,22,0,0.204004,0.221825,0,0,0,1.05514,0.788205,1.56074,0.382647,0,0,4.21256,0,0,0,0,0.0305219,0,0,0.042147,0,0,0.0726689,0,0,0,0,0,0,0,0,0,0,0,28.6023,306.299,0,0.000250523,0.004509,
9,18,23,0,0,0.221825,0,0,0,0.636433,0.763754,1.35064,0.382647,0,0,3.3553,0,0,0,0,0.025904,0,0,0.0364733,0,0,0.0623773,0,0,0,0,0,0,0,0,0,0,0,27.8239,306.299,0,0.000247569,0.004509,
9,18,24,0,0,0.221825,0,0,0,0.385211,0.735811,1.11052,0,0,0,2.45337,0,0,0,0,0.000778882,0,0,0.0299892,0,0,0.0307681,0,0,0,0,0,0,0,0,0,0,0,27.7894,306.299,0,0.000245994,0.004509,
9,19,1,0,0,0.221825,0,0,0,0.318218,0.728825,1.0505,0,0,0,2.31936,0,0,0,0,0,0,0,0.0283681,0,0,0.0283681,0,0,0,0,0,0,0,0,0,0,0,27.0154,306.299,0,0.00021936,0.004509,
9,19,2,0,0,0.221825,0,0,0,0.251224,0.725332,1.02048,0,0,0,2.21886,0,0,0,0,0,0,0,0.0275576,0,0,0.0275576,0,0,0,0,0,0,0,0,0,0,0,27.008,306.299,0,0.000219343,0.004509,
9,19,3,0,0,0.221825,0,0,0,0.28472,0.725332,1.02048,0,0,0,2.25236,0,0,0,0,0,0,0,0.0275576,0,0,0.0275576,0,0,0,0,0,0,0,0,0,0,0,26.964,306.299,0,0.000219006,0.004509,
9,19,4,0,0,0.221825,0,0,0,0.351715,0.718346,0.960451,0,0,0,2.25234,0,0,0,0,0,0,0,0.0259366,0,0,0.0259366,0,0,0,0,0,0,0,0,0,0,0,26.983,306.299,0,0.000219432,0.004509,
9,19,5,0,0,0.221825,0,0,0,0.519197,0.732318,1.08051,0,0,0,2.55385,0,0,0,0,0.00027727,0,0,0.0291787,0,0,0.029456,0,0,0,0,0,0,0,0,0,0,0,27.0118,306.299,0,0.00021969,0.004509,
9,19,6,0,0,0.221825,0,0,0,0.703426,0.753275,1.26059,0,0,0,2.93912,0,0,0,0,0.197183,0,0,0.0340418,0,0,0.231225,0,0,0,0,0,0,0,0,0,0,0,27.0162,306.299,0,0.000219797,0.004509,
9,19,7,0,0,0.221825,0,0,0,0.686679,0.760261,1.32062,0,0,0,2.98939,0,0,0,0,0.109056,0,0,0.0356628,0,0,0.144719,0,0,0,0,0,0,0,0,0,0,0,26.6331,306.299,0,0.000217311,0.004509,
9,19,8,0,0,0.221825,0,0,0,0.56944,0.735811,1.11052,0,0,0,2.6376,0,0,0,0,0.140414,0,0,0.0299892,0,0,0.170403,0,0,0,0,0,0,0,0,0,0,0,23.7149,306.299,0,0.000133309,0.004509,
9,19,9,0,0,0.221825,0,0,0,0.4857,0.718346,0.960451,0,0,0,2.38632,0,0,0,0,0.166559,0,0,0.0259366,0,0,0.192496,0,0,0,0,0,0,0,0,0,0,0,20.6017,306.299,0,1.68298e-005,0.004509,
9,19,10,0,0,0.221825,0,0,0,0.452204,0.721839,0.990466,0,0,0,2.38633,0,0,0,0,0.366747,0,0,0.0267471,0,0,0.393494,0,0,0,0,0,0,0,0,0,0,0,19.3404,306.299,0,1.78665e-006,0.004509,
9,19,11,0,0,0.221825,0,0,0,0.418708,0.721839,0.990466,0,0,0,2.35284,0,0,0,0,0.199805,0,0,0.0267471,0,0,0.226552,0,0,0,0,0,0,0,0,0,0,0,19.3274,306.299,0,1.46468e-006,0.004509,
9,19,12,0,0.27485,0.221825,0,0,0,0.351715,0.718346,0.960451,0,0,0,2.52719,0,0,0,0,0.0225974,0,0,0.0259366,0,0,0.048534,0,0,0,0,0,0,0,0,0,0,0,19.3451,306.299,0,6.75629e-007,0.004509,
9,19,13,0,1.04766,0.221825,0,0,0,0.351715,0.721839,0.990466,0,0,0,3.33351,0,0,0,0,0.10755,0,0,0.0267471,0,0,0.134297,0,0,0,0,0,0,0,0,0,0,0,19.6411,306.299,0,8.21054e-007,0.004509,
9,19,14,0,2.14647,0.221825,0,0,0,0.351715,0.728825,1.0505,0,0,0,4.49933,0,0,0,0,0.0288428,0,0,0.0283681,0,0,0.0572109,0,0,0,0,0,0,0,0,0,0,0,19.3612,306.299,0,8.18854e-007,0.004509,
9,19,15,0,3.1153,0.221825,0,0,0,0.435454,0.735811,1.11052,0,0,0,5.61892,0,0,0,0,0.247143,0,0,0.0299892,0,0,0.277132,0,0,0,0,0,0,0,0,0,0,0,19.308,306.299,0,1.29549e-006,0.004509,
9,19,16,0,3.78646,0.221825,0,0,0,0.519197,0.760261,1.32062,0,0,0,6.60836,0,0,0,0,0.0434448,0,0,0.0356628,0,0,0.0791076,0,0,0,0,0,0,0,0,0,0,0,19.8199,306.299,0,1.85555e-005,0.004509,
9,19,17,0,3.83488,0.221825,0,0,0,0.736923,0.791698,1.59075,0,0,0,7.17607,0,0,0,0,0.0689185,0,0,0.0429574,0,0,0.111876,0,0,0,0,0,0,0,0,0,0,0,22.7214,306.299,0,9.7614e-005,0.004509,
9,19,18,0,3.16261,0.221825,0,0,0,1.40685,0.809163,1.74082,0,0,0,7.34127,0,0,0,0,0.0535222,0,0,0.04701,0,0,0.100532,0,0,0,0,0,0,0,0,0,0,0,27.6371,306.299,0,0.000233966,0.004509,
9,19,19,0,2.34678,0.221825,0,0,0,1.9763,0.816149,1.80085,0,0,0,7.1619,0,0,0,0,0.259434,0,0,0.0486311,0,0,0.308065,0,0,0,0,0,0,0,0,0,0,0,27.6903,306.299,0,0.000234349,0.004509,
9,19,20,0,1.44358,0.221825,0,0,0,1.89255,0.823135,1.86088,0.382647,0,0,6.62462,0,0,0,0,0.121993,0,0,0.0502522,0,0,0.172245,0,0,0,0,0,0,0,0,0,0,0,31.6867,306.299,0,0.000233818,0.004509,
9,19,21,0,0,0.221825,0,0,0,1.60783,0.816149,1.80085,0.382647,0,0,4.8293,0,0,0,0,0.150474,0,0,0.0486311,0,0,0.199105,0,0,0,0,0,0,0,0,0,0,0,31.4976,306.299,0,0.000233329,0.004509,
9,19,22,0,0,0.221825,0,0,0,1.05514,0.788205,1.56074,0.382647,0,0,4.00855,0,0,0,0,0.160696,0,0,0.042147,0,0,0.202843,0,0,0,0,0,0,0,0,0,0,0,33.471,306.299,0,0.000230203,0.004509,
9,19,23,0,0,0.221825,0,0,0,0.636433,0.763754,1.35064,0.382647,0,0,3.3553,0,0,0,0,0.0217418,0,0,0.0364733,0,0,0.0582151,0,0,0,0,0,0,0,0,0,0,0,30.875,306.299,0,0.000224717,0.004509,
9,19,24,0,0,0.221825,0,0,0,0.385211,0.735811,1.11052,0,0,0,2.45337,0,0,0,0,0,0,0,0.0299892,0,0,0.0299892,0,0,0,0,0,0,0,0,0,0,0,27.084,306.299,0,0.000221398,0.004509,
9,20,1,0,0,0.221825,0,0,0,0.318218,0.728825,1.0505,0,0,0,2.31936,0,0,0,0,0,0,0,0.0283681,0,0,0.0283681,0,0,0,0,0,0,0,0,0,0,0,26.6877,306.299,0,0.000214311,0.004509,
9,20,2,0,0,0.221825,0,0,0,0.251224,0.725332,1.02048,0,0,0,2.21886,0,0,0,0,0.00123713,0,0,0.0275576,0,0,0.0287947,0,0,0,0,0,0,0,0,0,0,0,26.4558,306.299,0,0.000207913,0.004509,
9,20,3,0,0,0.221825,0,0,0,0.28472,0.725332,1.02048,0,0,0,2.25236,0,0,0,0,0,0,0,0.0275576,0,0,0.0275576,0,0,0,0,0,0,0,0,0,0,0,26.3043,306.299,0,0.000204524,0.004509,
9,20,4,0,0,0.221825,0,0,0,0.351715,0.718346,0.960451,0,0,0,2.25234,0,0,0,0,0,0,0,0.0259366,0,0,0.0259366,0,0,0,0,0,0,0,0,0,0,0,26.2448,306.299,0,0.000204418,0.004509,
9,20,5,0,0,0.221825,0,0,0,0.519197,0.732318,1.08051,0,0,0,2.55385,0,0,0,0,0.0265911,0,0,0.0291787,0,0,0.0557698,0,0,0,0,0,0,0,0,0,0,0,26.3311,306.299,0,0.00020822,0.004509,
9,20,6,0,0,0.221825,0,0,0,0.703426,0.753275,1.26059,0,0,0,2.93912,0,0,0,0,0.193556,0,0,0.0340418,0,0,0.227598,0,0,0,0,0,0,0,0,0,0,0,27.3788,306.299,0,0.00021311,0.004509,
9,20,7,0,0,0.221825,0,0,0,0.686679,0.760261,1.32062,0,0,0,2.98939,0,0,0,0,0.404053,0,0,0.0356628,0,0,0.439716,0,0,0,0,0,0,0,0,0,0,0,25.8534,306.299,0,0.000194859,0.004509,
9,20,8,0,0,0.221825,0,0,0,0.56944,0.735811,1.11052,0,0,0,2.6376,0,0,0,0,0.277608,0,0,0.0299892,0,0,0.307597,0,0,0,0,0,0,0,0,0,0,0,20.3977,306.299,0,2.04599e-005,0.004509,
9,20,9,0,0,0.221825,0,0,0,0.4857,0.718346,0.960451,0,0,0,2.38632,0,0,0,0,0.058748,0,0,0.0259366,0,0,0.0846846,0,0,0,0,0,0,0,0,0,0,0,18.197,306.299,0,0,0.004509,
9,20,10,0,0,0.221825,0,0,0,0.452204,0.721839,0.990466,0,0,0,2.38633,0,0,0,0,0.235642,0,0,0.0267471,0,0,0.262389,0,0,0,0,0,0,0,0,0,0,0,18.0592,306.299,0,0,0.004509,
9,20,11,0,0,0.221825,0,0,0,0.418708,0.721839,0.990466,0,0,0,2.35284,0,0,0,0,0.243989,0,0,0.0267471,0,0,0.270736,0,0,0,0,0,0,0,0,0,0,0,18.0789,306.299,0,0,0.004509,
9,20,12,0,0.00660489,0.221825,0,0,0,0.351715,0.718346,0.960451,0,0,0,2.25894,0,0,0,0,0.179784,0,0,0.0259366,0,0,0.205721,0,0,0,0,0,0,0,0,0,0,0,18.0887,306.299,0,0,0.004509,
9,20,13,0,0.636188,0.221825,0,0,0,0.351715,0.721839,0.990466,0,0,0,2.92203,0,0,0,0,0.176794,0,0,0.0267471,0,0,0.203541,0,0,0,0,0,0,0,0,0,0,0,18.3967,306.299,0,0,0.004509,
9,20,14,0,1.77041,0.221825,0,0,0,0.351715,0.728825,1.0505,0,0,0,4.12327,0,0,0,0,0.0613213,0,0,0.0283681,0,0,0.0896894,0,0,0,0,0,0,0,0,0,0,0,18.386,306.299,0,0,0.004509,
9,20,15,0,2.7692,0.221825,0,0,0,0.435454,0.735811,1.11052,0,0,0,5.27281,0,0,0,0,0.0464069,0,0,0.0299892,0,0,0.0763961,0,0,0,0,0,0,0,0,0,0,0,18.0714,306.299,0,0,0.004509,
9,20,16,0,3.30591,0.221825,0,0,0,0.519197,0.760261,1.32062,0,0,0,6.12781,0,0,0,0,0.142089,0,0,0.0356628,0,0,0.177752,0,0,0,0,0,0,0,0,0,0,0,18.2125,306.299,0,7.0496e-006,0.004509,
9,20,17,0,3.36909,0.221825,0,0,0,0.736923,0.791698,1.59075,0,0,0,6.71028,0,0,0,0,0.0947706,0,0,0.0429574,0,0,0.137728,0,0,0,0,0,0,0,0,0,0,0,20.0208,306.299,0,5.90137e-005,0.004509,
9,20,18,0,2.69705,0.221825,0,0,0,1.40685,0.809163,1.74082,0,0,0,6.87571,0,0,0,0,0.0796853,0,0,0.04701,0,0,0.126695,0,0,0,0,0,0,0,0,0,0,0,26.4305,306.299,0,0.00020528,0.004509,
9,20,19,0,1.8099,0.221825,0,0,0,1.9763,0.816149,1.80085,0,0,0,6.62502,0,0,0,0,0.0571847,0,0,0.0486311,0,0,0.105816,0,0,0,0,0,0,0,0,0,0,0,26.4688,306.299,0,0.000205674,0.004509,
9,20,20,0,0.10077,0.221825,0,0,0,1.89255,0.823135,1.86088,0.382647,0,0,5.28181,0,0,0,0,0.047311,0,0,0.0502522,0,0,0.0975632,0,0,0,0,0,0,0,0,0,0,0,26.463,306.299,0,0.000205258,0.004509,
9,20,21,0,0,0.221825,0,0,0,1.60783,0.816149,1.80085,0.382647,0,0,4.8293,0,0,0,0,0.114113,0,0,0.0486311,0,0,0.162744,0,0,0,0,0,0,0,0,0,0,0,26.4517,306.299,0,0.0002056,0.004509,
9,20,22,0,0,0.221825,0,0,0,1.05514,0.788205,1.56074,0.382647,0,0,4.00855,0,0,0,0,0.0179607,0,0,0.042147,0,0,0.0601077,0,0,0,0,0,0,0,0,0,0,0,26.4268,306.299,0,0.000205367,0.004509,
9,20,23,0,0,0.221825,0,0,0,0.636433,0.763754,1.35064,0.382647,0,0,3.3553,0,0,0,0,0.00500576,0,0,0.0364733,0,0,0.0414791,0,0,0,0,0,0,0,0,0,0,0,26.3741,306.299,0,0.000202983,0.004509,
9,20,24,0,0,0.221825,0,0,0,0.385211,0.735811,1.11052,0,0,0,2.45337,0,0,0,0,0.000638161,0,0,0.0299892,0,0,0.0306274,0,0,0,0,0,0,0,0,0,0,0,26.3532,306.299,0,0.000202033,0.004509,
9,21,1,0,0,0.221825,0,0,0,0.318218,0.728825,1.0505,0,0,0,2.31936,0,0,0,0,0,0,0,0.0283681,0,0,0.0283681,0,0,0,0,0,0,0,0,0,0,0,26.7973,306.299,0,0.000216734,0.004509,
9,21,2,0,0,0.221825,0,0,0,0.251224,0.725332,1.02048,0,0,0,2.21886,0,0,0,0,0.000835853,0,0,0.0275576,0,0,0.0283935,0,0,0,0,0,0,0,0,0,0,0,26.6666,306.299,0,0.000215041,0.004509,
9,21,3,0,0,0.221825,0,0,0,0.28472,0.725332,1.02048,0,0,0,2.25236,0,0,0,0,0.000320105,0,0,0.0275576,0,0,0.0278777,0,0,0,0,0,0,0,0,0,0,0,26.4788,306.299,0,0.000212145,0.004509,
9,21,4,0,0,0.221825,0,0,0,0.351715,0.718346,0.960451,0,0,0,2.25234,0,0,0,0,0.00879563,0,0,0.0259366,0,0,0.0347322,0,0,0,0,0,0,0,0,0,0,0,26.4226,306.299,0,0.000211821,0.004509,
9,21,5,0,0,0.221825,0,0,0,0.519197,0.732318,1.08051,0,0,0,2.55385,0,0,0,0,0.0720995,0,0,0.0291787,0,0,0.101278,0,0,0,0,0,0,0,0,0,0,0,26.4888,306.299,0,0.000212888,0.004509,
9,21,6,0,0,0.221825,0,0,0,0.703426,0.753275,1.26059,0,0,0,2.93912,0,0,0,0,0.116727,0,0,0.0340418,0,0,0.150769,0,0,0,0,0,0,0,0,0,0,0,26.6896,306.299,0,0.00021548,0.004509,
9,21,7,0,0,0.221825,0,0,0,0.686679,0.760261,1.32062,0,0,0,2.98939,0,0,0,0,0.572641,0,0,0.0356628,0,0,0.608304,0,0,0,0,0,0,0,0,0,0,0,25.908,306.299,0,0.000197195,0.004509,
9,21,8,0,0,0.221825,0,0,0,0.56944,0.735811,1.11052,0,0,0,2.6376,0,0,0,0,0.0610178,0,0,0.0299892,0,0,0.091007,0,0,0,0,0,0,0,0,0,0,0,21.8729,306.299,0,4.72697e-005,0.004509,
9,21,9,0,0,0.221825,0,0,0,0.4857,0.718346,0.960451,0,0,0,2.38632,0,0,0,0,0.0125108,0,0,0.0259366,0,0,0.0384474,0,0,0,0,0,0,0,0,0,0,0,18.7918,306.299,0,4.04396e-006,0.004509,
9,21,10,0,0,0.221825,0,0,0,0.452204,0.721839,0.990466,0,0,0,2.38633,0,0,0,0,0.0101802,0,0,0.0267471,0,0,0.0369273,0,0,0,0,0,0,0,0,0,0,0,18.5828,306.299,0,0,0.004509,
9,21,11,0,0,0.221825,0,0,0,0.418708,0.721839,0.990466,0,0,0,2.35284,0,0,0,0,0.0493718,0,0,0.0267471,0,0,0.0761189,0,0,0,0,0,0,0,0,0,0,0,18.7342,306.299,0,0,0.004509,
9,21,12,0,0,0.221825,0,0,0,0.351715,0.718346,0.960451,0,0,0,2.25234,0,0,0,0,0.0316629,0,0,0.0259366,0,0,0.0575995,0,0,0,0,0,0,0,0,0,0,0,18.5458,306.299,0,0,0.004509,
9,21,13,0,0,0.221825,0,0,0,0.351715,0.721839,0.990466,0,0,0,2.28584,0,0,0,0,0.00755476,0,0,0.0267471,0,0,0.0343019,0,0,0,0,0,0,0,0,0,0,0,18.6089,306.299,0,0,0.004509,
9,21,14,0,0,0.221825,0,0,0,0.351715,0.728825,1.0505,0,0,0,2.35286,0,0,0,0,0.200586,0,0,0.0283681,0,0,0.228954,0,0,0,0,0,0,0,0,0,0,0,18.5126,306.299,0,1.65837e-006,0.004509,
9,21,15,0,0.499521,0.221825,0,0,0,0.435454,0.735811,1.11052,0,0,0,3.00314,0,0,0,0,0.0414698,0,0,0.0299892,0,0,0.071459,0,0,0,0,0,0,0,0,0,0,0,18.5163,306.299,0,1.75006e-006,0.004509,
9,21,16,0,1.52284,0.221825,0,0,0,0.519197,0.760261,1.32062,0,0,0,4.34475,0,0,0,0,0.0376017,0,0,0.0356628,0,0,0.0732645,0,0,0,0,0,0,0,0,0,0,0,18.8121,306.299,0,1.08566e-005,0.004509,
9,21,17,0,2.10007,0.221825,0,0,0,0.736923,0.791698,1.59075,0,0,0,5.44127,0,0,0,0,0.0478606,0,0,0.0429574,0,0,0.090818,0,0,0,0,0,0,0,0,0,0,0,22.0919,306.299,0,6.14462e-005,0.004509,
9,21,18,0,1.94241,0.221825,0,0,0,1.40685,0.809163,1.74082,0,0,0,6.12107,0,0,0,0,0.0432744,0,0,0.04701,0,0,0.0902844,0,0,0,0,0,0,0,0,0,0,0,26.9367,306.299,0,0.000220206,0.004509,
9,21,19,0,1.0849,0.221825,0,0,0,1.9763,0.816149,1.80085,0,0,0,5.90002,0,0,0,0,0.18804,0,0,0.0486311,0,0,0.236671,0,0,0,0,0,0,0,0,0,0,0,26.9745,306.299,0,0.000220179,0.004509,
9,21,20,0,0,0.221825,0,0,0,1.89255,0.823135,1.86088,0.382647,0,0,5.18104,0,0,0,0,0.0626693,0,0,0.0502522,0,0,0.112922,0,0,0,0,0,0,0,0,0,0,0,26.948,306.299,0,0.000219015,0.004509,
9,21,21,0,0,0.221825,0,0,0,1.60783,0.816149,1.80085,0.382647,0,0,4.8293,0,0,0,0,0.17734,0,0,0.0486311,0,0,0.225971,0,0,0,0,0,0,0,0,0,0,0,26.9219,306.299,0,0.000219127,0.004509,
9,21,22,0,0,0.221825,0,0,0,1.05514,0.788205,1.56074,0.382647,0,0,4.00855,0,0,0,0,0.0352651,0,0,0.042147,0,0,0.0774121,0,0,0,0,0,0,0,0,0,0,0,26.8829,306.299,0,0.000217165,0.004509,
9,21,23,0,0,0.221825,0,0,0,0.636433,0.763754,1.35064,0.382647,0,0,3.3553,0,0,0,0,0.00760428,0,0,0.0364733,0,0,0.0440776,0,0,0,0,0,0,0,0,0,0,0,26.8707,306.299,0,0.000216397,0.004509,
9,21,24,0,0,0.221825,0,0,0,0.385211,0.735811,1.11052,0,0,0,2.45337,0,0,0,0,0,0,0,0.0299892,0,0,0.0299892,0,0,0,0,0,0,0,0,0,0,0,26.8385,306.299,0,0.00021684,0.004509,
9,22,1,0,0,0.221825,0,0,0,0.318218,0.728825,1.0505,0,0,0,2.31936,0,0,0,0,0.0238723,0,0,0.0283681,0,0,0.0522404,0,0,0,0,0,0,0,0,0,0,0,26.1885,306.299,0,0.000194585,0.004509,
9,22,2,0,0,0.221825,0,0,0,0.251224,0.725332,1.02048,0,0,0,2.21886,0,0,0,0,0.0111557,0,0,0.0275576,0,0,0.0387133,0,0,0,0,0,0,0,0,0,0,0,26.1499,306.299,0,0.000193569,0.004509,
9,22,3,0,0,0.221825,0,0,0,0.28472,0.725332,1.02048,0,0,0,2.25236,0,0,0,0,0,0,0,0.0275576,0,0,0.0275576,0,0,0,0,0,0,0,0,0,0,0,26.1026,306.299,0,0.000192893,0.004509,
9,22,4,0,0,0.221825,0,0,0,0.351715,0.718346,0.960451,0,0,0,2.25234,0,0,0,0,0,0,0,0.0259366,0,0,0.0259366,0,0,0,0,0,0,0,0,0,0,0,25.8641,306.299,0,0.000187677,0.004509,
9,22,5,0,0,0.221825,0,0,0,0.519197,0.732318,1.08051,0,0,0,2.55385,0,0,0,0,0,0,0,0.0291787,0,0,0.0291787,0,0,0,0,0,0,0,0,0,0,0,26.1051,306.299,0,0.000193141,0.004509,
9,22,6,0,0,0.221825,0,0,0,0.703426,0.753275,1.26059,0,0,0,2.93912,0,0,0,0,0.47247,0,0,0.0340418,0,0,0.506512,0,0,0,0,0,0,0,0,0,0,0,26.1728,306.299,0,0.000193868,0.004509,
9,22,7,0,0,0.221825,0,0,0,0.686679,0.760261,1.32062,0,0,0,2.98939,0,0,0,0,0.283296,0,0,0.0356628,0,0,0.318959,0,0,0,0,0,0,0,0,0,0,0,24.957,306.299,0,0.000174703,0.004509,
9,22,8,0,0,0.221825,0,0,0,0.56944,0.735811,1.11052,0,0,0,2.6376,0,0,0,0,0.0702685,0,0,0.0299892,0,0,0.100258,0,0,0,0,0,0,0,0,0,0,0,20.436,306.299,2.53617e-017,2.2302e-005,0.004509,
9,22,9,0,0,0.221825,0,0,0,0.4857,0.718346,0.960451,0,0,0,2.38632,0,0,0,0,0.1905,0,0,0.0259366,0,0,0.216437,0,0,0,0,0,0,0,0,0,0,0,18.2051,306.299,9.89701e-014,3.92514e-006,0.004509,
9,22,10,0,0,0.221825,0,0,0,0.452204,0.721839,0.990466,0,0,0,2.38633,0,0,0,0,0.0557256,0,0,0.0267471,0,0,0.0824727,0,0,0,0,0,0,0,0,0,0,0,17.9027,306.299,1.23603e-013,0,0.004509,
9,22,11,0,0,0.221825,0,0,0,0.418708,0.721839,0.990466,0,0,0,2.35284,0,0,0,0,0.114901,0,0,0.0267471,0,0,0.141648,0,0,0,0,0,0,0,0,0,0,0,17.9361,306.299,1.13341e-010,0,0.004509,
9,22,12,0,0,0.221825,0,0,0,0.351715,0.718346,0.960451,0,0,0,2.25234,0,0,0,0,0.0583912,0,0,0.0259366,0,0,0.0843278,0,0,0,0,0,0,0,0,0,0,0,17.9944,306.299,9.52642e-009,0,0.004509,
9,22,13,0,0,0.221825,0,0,0,0.351715,0.721839,0.990466,0,0,0,2.28584,0,0,0,0,0.0721834,0,0,0.0267471,0,0,0.0989305,0,0,0,0,0,0,0,0,0,0,0,18.1273,306.299,3.25512e-007,0,0.004509,
9,22,14,0,0,0.221825,0,0,0,0.351715,0.728825,1.0505,0,0,0,2.35286,0,0,0,0,0.432974,0,0,0.0283681,0,0,0.461342,0,0,0,0,0,0,0,0,0,0,0,18.2833,306.299,9.4665e-006,0,0.004509,
9,22,15,0,0.576093,0.221825,0,0,0,0.435454,0.735811,1.11052,0,0,0,3.07971,0,0,0,0,0.207122,0,0,0.0299892,0,0,0.237111,0,0,0,0,0,0,0,0,0,0,0,17.9908,306.299,0.000220081,0,0.004509,
9,22,16,0,1.86068,0.221825,0,0,0,0.519197,0.760261,1.32062,0,0,0,4.68258,0,0,0,0,0.0845735,0,0,0.0356628,0,0,0.120236,0,0,0,0,0,0,0,0,0,0,0,18.1161,306.299,0.000799423,0,0.004509,
9,22,17,0,2.50535,0.221825,0,0,0,0.736923,0.791698,1.59075,0,0,0,5.84654,0,0,0,0,0.0839809,0,0,0.0429574,0,0,0.126938,0,0,0,0,0,0,0,0,0,0,0,19.1708,306.299,0.00112341,1.79563e-005,0.004509,
9,22,18,0,2.30202,0.221825,0,0,0,1.40685,0.809163,1.74082,0,0,0,6.48068,0,0,0,0,0.0692202,0,0,0.04701,0,0,0.11623,0,0,0,0,0,0,0,0,0,0,0,25.4233,306.299,0.0240656,0.000164953,0.004509,
9,22,19,0,1.67474,0.221825,0,0,0,1.9763,0.816149,1.80085,0,0,0,6.48986,0,0,0,0,0.146226,0,0,0.0486311,0,0,0.194857,0,0,0,0,0,0,0,0,0,0,0,25.444,306.299,0.0308491,0.000165329,0.004509,
9,22,20,0,0.378489,0.221825,0,0,0,1.89255,0.823135,1.86088,0.382647,0,0,5.55952,0,0,0,0,0.18032,0,0,0.0502522,0,0,0.230572,0,0,0,0,0,0,0,0,0,0,0,25.4282,306.299,0.0104383,0.000164575,0.004509,
9,22,21,0,0,0.221825,0,0,0,1.60783,0.816149,1.80085,0.382647,0,0,4.8293,0,0,0,0,0.0157613,0,0,0.0486311,0,0,0.0643924,0,0,0,0,0,0,0,0,0,0,0,25.4113,306.299,0.00023603,0.000163059,0.004509,
9,22,22,0,0,0.221825,0,0,0,1.05514,0.788205,1.56074,0.382647,0,0,4.00855,0,0,0,0,0.110888,0,0,0.042147,0,0,0.153035,0,0,0,0,0,0,0,0,0,0,0,25.3066,306.299,5.45593e-008,0.000163236,0.004509,
9,22,23,0,0,0.221825,0,0,0,0.636433,0.763754,1.35064,0.382647,0,0,3.3553,0,0,0,0,0,0,0,0.0364733,0,0,0.0364733,0,0,0,0,0,0,0,0,0,0,0,25.2764,306.299,0,0.000160047,0.004509,
9,22,24,0,0,0.221825,0,0,0,0.385211,0.735811,1.11052,0,0,0,2.45337,0,0,0,0,0.0014519,0,0,0.0299892,0,0,0.0314411,0,0,0,0,0,0,0,0,0,0,0,25.0077,306.299,0,0.000152288,0.004509,
9,23,1,0,0,0.221825,0,0,0,0.318218,0.728825,1.0505,0,0,0,2.31936,0,0,0,0,0.000663339,0,0,0.0283681,0,0,0.0290314,0,0,0,0,0,0,0,0,0,0,0,23.979,306.299,0,0.00014503,0.004509,
9,23,2,0,0,0.221825,0,0,0,0.251224,0.725332,1.02048,0,0,0,2.21886,0,0,0,0,0.000619324,0,0,0.0275576,0,0,0.0281769,0,0,0,0,0,0,0,0,0,0,0,23.9475,306.299,0,0.000140211,0.004509,
9,23,3,0,0,0.221825,0,0,0,0.28472,0.725332,1.02048,0,0,0,2.25236,0,0,0,0,0.000871702,0,0,0.0275576,0,0,0.0284293,0,0,0,0,0,0,0,0,0,0,0,23.8556,306.299,0,0.000137576,0.004509,
9,23,4,0,0,0.221825,0,0,0,0.351715,0.718346,0.960451,0,0,0,2.25234,0,0,0,0,0.000747404,0,0,0.0259366,0,0,0.026684,0,0,0,0,0,0,0,0,0,0,0,23.6837,306.299,0,0.000137568,0.004509,
9,23,5,0,0,0.221825,0,0,0,0.519197,0.732318,1.08051,0,0,0,2.55385,0,0,0,0,0.000415821,0,0,0.0291787,0,0,0.0295945,0,0,0,0,0,0,0,0,0,0,0,23.824,306.299,0,0.000141848,0.004509,
9,23,6,0,0,0.221825,0,0,0,0.703426,0.753275,1.26059,0,0,0,2.93912,0,0,0,0,0.0109368,0,0,0.0340418,0,0,0.0449786,0,0,0,0,0,0,0,0,0,0,0,24.2748,306.299,0,0.000151918,0.004509,
9,23,7,0,0,0.221825,0,0,0,0.686679,0.760261,1.32062,0,0,0,2.98939,0,0,0,0,0.437353,0,0,0.0356628,0,0,0.473016,0,0,0,0,0,0,0,0,0,0,0,23.7043,306.299,0,0.000146293,0.004509,
9,23,8,0,0,0.221825,0,0,0,0.56944,0.735811,1.11052,0,0,0,2.6376,0,0,0,0,0.583426,0,0,0.0299892,0,0,0.613415,0,0,0,0,0,0,0,0,0,0,0,18.5324,306.299,2.53617e-017,8.60204e-006,0.004509,
9,23,9,0,0,0.221825,0,0,0,0.4857,0.718346,0.960451,0,0,0,2.38632,0,0,0,0,0.113446,0,0,0.0259366,0,0,0.139383,0,0,0,0,0,0,0,0,0,0,0,17.215,306.299,9.89701e-014,0,0.004509,
9,23,10,0,0,0.221825,0,0,0,0.452204,0.721839,0.990466,0,0,0,2.38633,0,0,0,0,0.00237211,0,0,0.0267471,0,0,0.0291192,0,0,0,0,0,0,0,0,0,0,0,17.1257,306.299,1.23603e-013,0,0.004509,
9,23,11,0,0,0.221825,0,0,0,0.418708,0.721839,0.990466,0,0,0,2.35284,0,0,0,0,0.0202929,0,0,0.0267471,0,0,0.04704,0,0,0,0,0,0,0,0,0,0,0,17.1431,306.299,1.13341e-010,0,0.004509,
9,23,12,0,0,0.221825,0,0,0,0.351715,0.718346,0.960451,0,0,0,2.25234,0,0,0,0,0.0915058,0,0,0.0259366,0,0,0.117442,0,0,0,0,0,0,0,0,0,0,0,17.2955,306.299,9.52642e-009,0,0.004509,
9,23,13,0,0,0.221825,0,0,0,0.351715,0.721839,0.990466,0,0,0,2.28584,0,0,0,0,0.0763944,0,0,0.0267471,0,0,0.103142,0,0,0,0,0,0,0,0,0,0,0,17.3926,306.299,3.25512e-007,0,0.004509,
9,23,14,0,0,0.221825,0,0,0,0.351715,0.728825,1.0505,0,0,0,2.35286,0,0,0,0,0.00135036,0,0,0.0283681,0,0,0.0297185,0,0,0,0,0,0,0,0,0,0,0,17.1267,306.299,9.4665e-006,0,0.004509,
9,23,15,0,0,0.221825,0,0,0,0.435454,0.735811,1.11052,0,0,0,2.50361,0,0,0,0,0.183572,0,0,0.0299892,0,0,0.213561,0,0,0,0,0,0,0,0,0,0,0,17.171,306.299,0.000220081,0,0.004509,
9,23,16,0,0,0.221825,0,0,0,0.519197,0.760261,1.32062,0,0,0,2.8219,0,0,0,0,0.108376,0,0,0.0356628,0,0,0.144039,0,0,0,0,0,0,0,0,0,0,0,17.2036,306.299,0.000799423,8.75634e-007,0.004509,
9,23,17,0,0,0.221825,0,0,0,0.736923,0.791698,1.59075,0,0,0,3.3412,0,0,0,0,0.136697,0,0,0.0429574,0,0,0.179654,0,0,0,0,0,0,0,0,0,0,0,18.1412,306.299,0.00112341,1.67187e-005,0.004509,
9,23,18,0,0,0.221825,0,0,0,1.40685,0.809163,1.74082,0,0,0,4.17866,0,0,0,0,0.0804003,0,0,0.04701,0,0,0.12741,0,0,0,0,0,0,0,0,0,0,0,25.574,306.299,0.0240656,0.000176542,0.004509,
9,23,19,0,0,0.221825,0,0,0,1.9763,0.816149,1.80085,0,0,0,4.81512,0,0,0,0,0.0375901,0,0,0.0486311,0,0,0.0862212,0,0,0,0,0,0,0,0,0,0,0,25.5949,306.299,0.0308491,0.000176526,0.004509,
9,23,20,0,0,0.221825,0,0,0,1.89255,0.823135,1.86088,0.382647,0,0,5.18104,0,0,0,0,0.032698,0,0,0.0502522,0,0,0.0829502,0,0,0,0,0,0,0,0,0,0,0,25.5806,306.299,0.0104383,0.000175581,0.004509,
9,23,21,0,0,0.221825,0,0,0,1.60783,0.816149,1.80085,0.382647,0,0,4.8293,0,0,0,0,0.172867,0,0,0.0486311,0,0,0.221498,0,0,0,0,0,0,0,0,0,0,0,25.5812,306.299,0.00023603,0.000175749,0.004509,
9,23,22,0,0,0.221825,0,0,0,1.05514,0.788205,1.56074,0.382647,0,0,4.00855,0,0,0,0,0.0302132,0,0,0.042147,0,0,0.0723602,0,0,0,0,0,0,0,0,0,0,0,25.5565,306.299,5.45593e-008,0.00017445,0.004509,
9,23,23,0,0,0.221825,0,0,0,0.636433,0.763754,1.35064,0.382647,0,0,3.3553,0,0,0,0,0.0319373,0,0,0.0364733,0,0,0.0684106,0,0,0,0,0,0,0,0,0,0,0,25.5436,306.299,0,0.000174399,0.004509,
9,23,24,0,0,0.221825,0,0,0,0.385211,0.735811,1.11052,0,0,0,2.45337,0,0,0,0,0.00130237,0,0,0.0299892,0,0,0.0312916,0,0,0,0,0,0,0,0,0,0,0,25.5471,306.299,0,0.000174412,0.004509,
9,24,1,0,0,0.221825,0,0,0,0.318218,0.728825,1.0505,0,0,0,2.31936,0,0,0,0,0.00211438,0,0,0.0283681,0,0,0.0304825,0,0,0,0,0,0,0,0,0,0,0,27.0968,306.299,0,0.000232409,0.004509,
9,24,2,0,0,0.221825,0,0,0,0.251224,0.725332,1.02048,0,0,0,2.21886,0,0,0,0,0.00311043,0,0,0.0275576,0,0,0.030668,0,0,0,0,0,0,0,0,0,0,0,27.0839,306.299,0,0.000233136,0.004509,
9,24,3,0,0,0.221825,0,0,0,0.28472,0.725332,1.02048,0,0,0,2.25236,0,0,0,0,0.000296763,0,0,0.0275576,0,0,0.0278544,0,0,0,0,0,0,0,0,0,0,0,26.9207,306.299,0,0.000230319,0.004509,
9,24,4,0,0,0.221825,0,0,0,0.351715,0.718346,0.960451,0,0,0,2.25234,0,0,0,0,0,0,0,0.0259366,0,0,0.0259366,0,0,0,0,0,0,0,0,0,0,0,26.9654,306.299,0,0.000232017,0.004509,
9,24,5,0,0,0.221825,0,0,0,0.519197,0.732318,1.08051,0,0,0,2.55385,0,0,0,0,0.010591,0,0,0.0291787,0,0,0.0397697,0,0,0,0,0,0,0,0,0,0,0,27.1607,306.299,0,0.000235722,0.004509,
9,24,6,0,0,0.221825,0,0,0,0.703426,0.753275,1.26059,0,0,0,2.93912,0,0,0,0,0.366286,0,0,0.0340418,0,0,0.400328,0,0,0,0,0,0,0,0,0,0,0,27.2301,306.299,0,0.000237006,0.004509,
9,24,7,0,0,0.221825,0,0,0,0.686679,0.760261,1.32062,0,0,0,2.98939,0,0,0,0,0.252152,0,0,0.0356628,0,0,0.287815,0,0,0,0,0,0,0,0,0,0,0,26.9173,306.299,0,0.000232746,0.004509,
9,24,8,0,0,0.221825,0,0,0,0.56944,0.735811,1.11052,0,0,0,2.6376,0,0,0,0,0.382105,0,0,0.0299892,0,0,0.412094,0,0,0,0,0,0,0,0,0,0,0,21.1382,306.299,2.53617e-017,4.00705e-005,0.004509,
9,24,9,0,0,0.221825,0,0,0,0.4857,0.718346,0.960451,0,0,0,2.38632,0,0,0,0,0.33215,0,0,0.0259366,0,0,0.358087,0,0,0,0,0,0,0,0,0,0,0,18.1499,306.299,9.89701e-014,8.94421e-007,0.004509,
9,24,10,0,0,0.221825,0,0,0,0.452204,0.721839,0.990466,0,0,0,2.38633,0,0,0,0,0.177556,0,0,0.0267471,0,0,0.204303,0,0,0,0,0,0,0,0,0,0,0,17.8981,306.299,1.23603e-013,0,0.004509,
9,24,11,0,0,0.221825,0,0,0,0.418708,0.721839,0.990466,0,0,0,2.35284,0,0,0,0,0.0442019,0,0,0.0267471,0,0,0.070949,0,0,0,0,0,0,0,0,0,0,0,17.962,306.299,1.13341e-010,0,0.004509,
9,24,12,0,0,0.221825,0,0,0,0.351715,0.718346,0.960451,0,0,0,2.25234,0,0,0,0,0.0634939,0,0,0.0259366,0,0,0.0894305,0,0,0,0,0,0,0,0,0,0,0,17.8359,306.299,9.52642e-009,0,0.004509,
9,24,13,0,0,0.221825,0,0,0,0.351715,0.721839,0.990466,0,0,0,2.28584,0,0,0,0,0.0483046,0,0,0.0267471,0,0,0.0750517,0,0,0,0,0,0,0,0,0,0,0,17.8579,306.299,3.25512e-007,0,0.004509,
9,24,14,0,0,0.221825,0,0,0,0.351715,0.728825,1.0505,0,0,0,2.35286,0,0,0,0,0.0656775,0,0,0.0283681,0,0,0.0940456,0,0,0,0,0,0,0,0,0,0,0,18.137,306.299,9.4665e-006,0,0.004509,
9,24,15,0,0,0.221825,0,0,0,0.435454,0.735811,1.11052,0,0,0,2.50361,0,0,0,0,0.136872,0,0,0.0299892,0,0,0.166861,0,0,0,0,0,0,0,0,0,0,0,17.8087,306.299,0.000220081,0,0.004509,
9,24,16,0,0,0.221825,0,0,0,0.519197,0.760261,1.32062,0,0,0,2.8219,0,0,0,0,0.111812,0,0,0.0356628,0,0,0.147475,0,0,0,0,0,0,0,0,0,0,0,18.192,306.299,0.000799423,1.6779e-006,0.004509,
9,24,17,0,0,0.221825,0,0,0,0.736923,0.791698,1.59075,0,0,0,3.3412,0,0,0,0,0.117016,0,0,0.0429574,0,0,0.159973,0,0,0,0,0,0,0,0,0,0,0,20.9234,306.299,0.00112341,3.94673e-005,0.004509,
9,24,18,0,0,0.221825,0,0,0,1.40685,0.809163,1.74082,0,0,0,4.17866,0,0,0,0,0.152857,0,0,0.04701,0,0,0.199867,0,0,0,0,0,0,0,0,0,0,0,27.7642,306.299,0.0240656,0.000245802,0.004509,
9,24,19,0,0,0.221825,0,0,0,1.9763,0.816149,1.80085,0,0,0,4.81512,0,0,0,0,0.148541,0,0,0.0486311,0,0,0.197172,0,0,0,0,0,0,0,0,0,0,0,27.763,306.299,0.0308491,0.000245428,0.004509,
9,24,20,0,0,0.221825,0,0,0,1.89255,0.823135,1.86088,0.382647,0,0,5.18104,0,0,0,0,0.166197,0,0,0.0502522,0,0,0.216449,0,0,0,0,0,0,0,0,0,0,0,27.744,306.299,0.0104383,0.000244185,0.004509,
9,24,21,0,0,0.221825,0,0,0,1.60783,0.816149,1.80085,0.382647,0,0,4.8293,0,0,0,0,0.1131,0,0,0.0486311,0,0,0.161731,0,0,0,0,0,0,0,0,0,0,0,27.7433,306.299,0.00023603,0.00024442,0.004509,
9,24,22,0,0,0.221825,0,0,0,1.05514,0.788205,1.56074,0.382647,0,0,4.00855,0,0,0,0,0.0449104,0,0,0.042147,0,0,0.0870574,0,0,0,0,0,0,0,0,0,0,0,27.7043,306.299,5.45593e-008,0.000242909,0.004509,
9,24,23,0,0,0.221825,0,0,0,0.636433,0.763754,1.35064,0.382647,0,0,3.3553,0,0,0,0,0.0189634,0,0,0.0364733,0,0,0.0554367,0,0,0,0,0,0,0,0,0,0,0,27.6825,306.299,0,0.000241707,0.004509,
9,24,24,0,0,0.221825,0,0,0,0.385211,0.735811,1.11052,0,0,0,2.45337,0,0,0,0,0.000596321,0,0,0.0299892,0,0,0.0305855,0,0,0,0,0,0,0,0,0,0,0,27.6701,306.299,0,0.000241613,0.004509,
9,25,1,0,0,0.221825,0,0,0,0.318218,0.728825,1.0505,0,0,0,2.31936,0,0,0,0,0.027645,0,0,0.0283681,0,0,0.0560131,0,0,0,0,0,0,0,0,0,0,0,27.8983,306.299,0,0.000245269,0.004509,
9,25,2,0,0,0.221825,0,0,0,0.251224,0.725332,1.02048,0,0,0,2.21886,0,0,0,0,0.0136918,0,0,0.0275576,0,0,0.0412494,0,0,0,0,0,0,0,0,0,0,0,27.7253,306.299,0,0.000243517,0.004509,
9,25,3,0,0,0.221825,0,0,0,0.28472,0.725332,1.02048,0,0,0,2.25236,0,0,0,0,0.000300001,0,0,0.0275576,0,0,0.0278576,0,0,0,0,0,0,0,0,0,0,0,27.6264,306.299,0,0.000240998,0.004509,
9,25,4,0,0,0.221825,0,0,0,0.351715,0.718346,0.960451,0,0,0,2.25234,0,0,0,0,0,0,0,0.0259366,0,0,0.0259366,0,0,0,0,0,0,0,0,0,0,0,27.6858,306.299,0,0.000242351,0.004509,
9,25,5,0,0,0.221825,0,0,0,0.519197,0.732318,1.08051,0,0,0,2.55385,0,0,0,0,0.01866,0,0,0.0291787,0,0,0.0478387,0,0,0,0,0,0,0,0,0,0,0,27.8218,306.299,0,0.000243556,0.004509,
9,25,6,0,0,0.221825,0,0,0,0.703426,0.753275,1.26059,0,0,0,2.93912,0,0,0,0,0.086725,0,0,0.0340418,0,0,0.120767,0,0,0,0,0,0,0,0,0,0,0,27.8974,306.299,0,0.000245507,0.004509,
9,25,7,0,0,0.221825,0,0,0,0.686679,0.760261,1.32062,0,0,0,2.98939,0,0,0,0,0.215639,0,0,0.0356628,0,0,0.251302,0,0,0,0,0,0,0,0,0,0,0,27.7009,306.299,0,0.000242215,0.004509,
9,25,8,0,0,0.221825,0,0,0,0.56944,0.735811,1.11052,0,0,0,2.6376,0,0,0,0,0.501083,0,0,0.0299892,0,0,0.531072,0,0,0,0,0,0,0,0,0,0,0,23.7279,306.299,0,0.000122746,0.004509,
9,25,9,0,0,0.221825,0,0,0,0.4857,0.718346,0.960451,0,0,0,2.38632,0,0,0,0,0.0658034,0,0,0.0259366,0,0,0.09174,0,0,0,0,0,0,0,0,0,0,0,20.1199,306.299,0,1.63339e-005,0.004509,
9,25,10,0,0,0.221825,0,0,0,0.452204,0.721839,0.990466,0,0,0,2.38633,0,0,0,0,0.0510045,0,0,0.0267471,0,0,0.0777516,0,0,0,0,0,0,0,0,0,0,0,19.966,306.299,0,5.41927e-006,0.004509,
9,25,11,0,0,0.221825,0,0,0,0.418708,0.721839,0.990466,0,0,0,2.35284,0,0,0,0,0.101407,0,0,0.0267471,0,0,0.128154,0,0,0,0,0,0,0,0,0,0,0,19.9445,306.299,0,5.38398e-006,0.004509,
9,25,12,0,0,0.221825,0,0,0,0.351715,0.718346,0.960451,0,0,0,2.25234,0,0,0,0,0.02311,0,0,0.0259366,0,0,0.0490466,0,0,0,0,0,0,0,0,0,0,0,19.8677,306.299,0,5.42707e-006,0.004509,
9,25,13,0,0,0.221825,0,0,0,0.351715,0.721839,0.990466,0,0,0,2.28584,0,0,0,0,0.0658922,0,0,0.0267471,0,0,0.0926393,0,0,0,0,0,0,0,0,0,0,0,19.9356,306.299,0,4.79922e-006,0.004509,
9,25,14,0,0,0.221825,0,0,0,0.351715,0.728825,1.0505,0,0,0,2.35286,0,0,0,0,0.0522744,0,0,0.0283681,0,0,0.0806425,0,0,0,0,0,0,0,0,0,0,0,19.9194,306.299,0,6.14731e-006,0.004509,
9,25,15,0,0,0.221825,0,0,0,0.435454,0.735811,1.11052,0,0,0,2.50361,0,0,0,0,0.0997808,0,0,0.0299892,0,0,0.12977,0,0,0,0,0,0,0,0,0,0,0,19.9065,306.299,0,1.25908e-005,0.004509,
9,25,16,0,0.616327,0.221825,0,0,0,0.519197,0.760261,1.32062,0,0,0,3.43823,0,0,0,0,0.0991669,0,0,0.0356628,0,0,0.13483,0,0,0,0,0,0,0,0,0,0,0,20.4296,306.299,0,2.66389e-005,0.004509,
9,25,17,0,1.72855,0.221825,0,0,0,0.736923,0.791698,1.59075,0,0,0,5.06975,0,0,0,0,0.0853323,0,0,0.0429574,0,0,0.12829,0,0,0,0,0,0,0,0,0,0,0,24.6225,306.299,0,0.000128749,0.004509,
9,25,18,0,2.30899,0.221825,0,0,0,1.40685,0.809163,1.74082,0,0,0,6.48765,0,0,0,0,0.174872,0,0,0.04701,0,0,0.221882,0,0,0,0,0,0,0,0,0,0,0,28.1115,306.299,0,0.000256696,0.004509,
9,25,19,0,2.11041,0.221825,0,0,0,1.9763,0.816149,1.80085,0,0,0,6.92553,0,0,0,0,0.041592,0,0,0.0486311,0,0,0.0902231,0,0,0,0,0,0,0,0,0,0,0,28.1112,306.299,0,0.000256334,0.004509,
9,25,20,0,1.53564,0.221825,0,0,0,1.89255,0.823135,1.86088,0.382647,0,0,6.71667,0,0,0,0,0.0997027,0,0,0.0502522,0,0,0.149955,0,0,0,0,0,0,0,0,0,0,0,28.0816,306.299,0,0.000254719,0.004509,
9,25,21,0,0.724465,0.221825,0,0,0,1.60783,0.816149,1.80085,0.382647,0,0,5.55377,0,0,0,0,0.0420529,0,0,0.0486311,0,0,0.090684,0,0,0,0,0,0,0,0,0,0,0,28.0689,306.299,0,0.00025444,0.004509,
9,25,22,0,0,0.221825,0,0,0,1.05514,0.788205,1.56074,0.382647,0,0,4.00855,0,0,0,0,0.139498,0,0,0.042147,0,0,0.181645,0,0,0,0,0,0,0,0,0,0,0,27.9584,306.299,0,0.000251516,0.004509,
9,25,23,0,0,0.221825,0,0,0,0.636433,0.763754,1.35064,0.382647,0,0,3.3553,0,0,0,0,0.0159033,0,0,0.0364733,0,0,0.0523766,0,0,0,0,0,0,0,0,0,0,0,27.9395,306.299,0,0.000251014,0.004509,
9,25,24,0,0,0.221825,0,0,0,0.385211,0.735811,1.11052,0,0,0,2.45337,0,0,0,0,0.0137364,0,0,0.0299892,0,0,0.0437256,0,0,0,0,0,0,0,0,0,0,0,27.9253,306.299,0,0.000250405,0.004509,
9,26,1,0,0,0.221825,0,0,0,0.318218,0.728825,1.0505,0,0,0,2.31936,0,0,0,0,0.0008175,0,0,0.0283681,0,0,0.0291856,0,0,0,0,0,0,0,0,0,0,0,27.8202,306.299,0,0.000244225,0.004509,
9,26,2,0,0,0.221825,0,0,0,0.251224,0.725332,1.02048,0,0,0,2.21886,0,0,0,0,0.0204947,0,0,0.0275576,0,0,0.0480523,0,0,0,0,0,0,0,0,0,0,0,27.8214,306.299,0,0.000244008,0.004509,
9,26,3,0,0,0.221825,0,0,0,0.28472,0.725332,1.02048,0,0,0,2.25236,0,0,0,0,0.0149192,0,0,0.0275576,0,0,0.0424768,0,0,0,0,0,0,0,0,0,0,0,27.6835,306.299,0,0.000242138,0.004509,
9,26,4,0,0,0.221825,0,0,0,0.351715,0.718346,0.960451,0,0,0,2.25234,0,0,0,0,0.00853856,0,0,0.0259366,0,0,0.0344752,0,0,0,0,0,0,0,0,0,0,0,27.6822,306.299,0,0.000241732,0.004509,
9,26,5,0,0,0.221825,0,0,0,0.519197,0.732318,1.08051,0,0,0,2.55385,0,0,0,0,0.00185119,0,0,0.0291787,0,0,0.0310299,0,0,0,0,0,0,0,0,0,0,0,27.7134,306.299,0,0.000242556,0.004509,
9,26,6,0,0,0.221825,0,0,0,0.703426,0.753275,1.26059,0,0,0,2.93912,0,0,0,0,0.20951,0,0,0.0340418,0,0,0.243552,0,0,0,0,0,0,0,0,0,0,0,27.8302,306.299,0,0.00024483,0.004509,
9,26,7,0,0,0.221825,0,0,0,0.686679,0.760261,1.32062,0,0,0,2.98939,0,0,0,0,0.109064,0,0,0.0356628,0,0,0.144727,0,0,0,0,0,0,0,0,0,0,0,27.5497,306.299,0,0.000240737,0.004509,
9,26,8,0,0,0.221825,0,0,0,0.56944,0.735811,1.11052,0,0,0,2.6376,0,0,0,0,0.108311,0,0,0.0299892,0,0,0.1383,0,0,0,0,0,0,0,0,0,0,0,24.051,306.299,0,0.000140282,0.004509,
9,26,9,0,0,0.221825,0,0,0,0.4857,0.718346,0.960451,0,0,0,2.38632,0,0,0,0,0.152018,0,0,0.0259366,0,0,0.177955,0,0,0,0,0,0,0,0,0,0,0,20.2631,306.299,0,1.84908e-005,0.004509,
9,26,10,0,0,0.221825,0,0,0,0.452204,0.721839,0.990466,0,0,0,2.38633,0,0,0,0,0.261241,0,0,0.0267471,0,0,0.287988,0,0,0,0,0,0,0,0,0,0,0,20.1049,306.299,0,1.18916e-005,0.004509,
9,26,11,0,0,0.221825,0,0,0,0.418708,0.721839,0.990466,0,0,0,2.35284,0,0,0,0,0.168829,0,0,0.0267471,0,0,0.195576,0,0,0,0,0,0,0,0,0,0,0,20.1162,306.299,0,5.24779e-006,0.004509,
9,26,12,0,0,0.221825,0,0,0,0.351715,0.718346,0.960451,0,0,0,2.25234,0,0,0,0,0.0576214,0,0,0.0259366,0,0,0.083558,0,0,0,0,0,0,0,0,0,0,0,20.0344,306.299,0,6.48255e-006,0.004509,
9,26,13,0,0.496464,0.221825,0,0,0,0.351715,0.721839,0.990466,0,0,0,2.78231,0,0,0,0,0.144473,0,0,0.0267471,0,0,0.17122,0,0,0,0,0,0,0,0,0,0,0,20.0413,306.299,0,6.0776e-006,0.004509,
9,26,14,0,1.76816,0.221825,0,0,0,0.351715,0.728825,1.0505,0,0,0,4.12102,0,0,0,0,0.0651676,0,0,0.0283681,0,0,0.0935357,0,0,0,0,0,0,0,0,0,0,0,20.0586,306.299,0,8.24925e-006,0.004509,
9,26,15,0,3.6036,0.221825,0,0,0,0.435454,0.735811,1.11052,0,0,0,6.10722,0,0,0,0,0.179087,0,0,0.0299892,0,0,0.209076,0,0,0,0,0,0,0,0,0,0,0,20.1925,306.299,0,1.72025e-005,0.004509,
9,26,16,0,4.84841,0.221825,0,0,0,0.519197,0.760261,1.32062,0,0,0,7.67031,0,0,0,0,0.234953,0,0,0.0356628,0,0,0.270616,0,0,0,0,0,0,0,0,0,0,0,20.6271,306.299,0,3.1222e-005,0.004509,
9,26,17,0,5.19225,0.221825,0,0,0,0.736923,0.791698,1.59075,0,0,0,8.53344,0,0,0,0,0.13729,0,0,0.0429574,0,0,0.180247,0,0,0,0,0,0,0,0,0,0,0,24.371,306.299,0,0.000125365,0.004509,
9,26,18,0,4.49909,0.221825,0,0,0,1.40685,0.809163,1.74082,0,0,0,8.67775,0,0,0,0,0.0369682,0,0,0.04701,0,0,0.0839782,0,0,0,0,0,0,0,0,0,0,0,27.9132,306.299,0,0.00024751,0.004509,
9,26,19,0,3.43005,0.221825,0,0,0,1.9763,0.816149,1.80085,0,0,0,8.24517,0,0,0,0,0.194995,0,0,0.0486311,0,0,0.243626,0,0,0,0,0,0,0,0,0,0,0,27.9103,306.299,0,0.00024709,0.004509,
9,26,20,0,2.28607,0.221825,0,0,0,1.89255,0.823135,1.86088,0.382647,0,0,7.4671,0,0,0,0,0.057181,0,0,0.0502522,0,0,0.107433,0,0,0,0,0,0,0,0,0,0,0,27.8994,306.299,0,0.000246455,0.004509,
9,26,21,0,1.39121,0.221825,0,0,0,1.60783,0.816149,1.80085,0.382647,0,0,6.22051,0,0,0,0,0.203144,0,0,0.0486311,0,0,0.251775,0,0,0,0,0,0,0,0,0,0,0,27.8805,306.299,0,0.000246624,0.004509,
9,26,22,0,0.371683,0.221825,0,0,0,1.05514,0.788205,1.56074,0.382647,0,0,4.38024,0,0,0,0,0.170049,0,0,0.042147,0,0,0.212196,0,0,0,0,0,0,0,0,0,0,0,27.8409,306.299,0,0.000245104,0.004509,
9,26,23,0,0.00543504,0.221825,0,0,0,0.636433,0.763754,1.35064,0.382647,0,0,3.36073,0,0,0,0,0.110749,0,0,0.0364733,0,0,0.147222,0,0,0,0,0,0,0,0,0,0,0,27.8428,306.299,0,0.000245175,0.004509,
9,26,24,0,0,0.221825,0,0,0,0.385211,0.735811,1.11052,0,0,0,2.45337,0,0,0,0,0.00079664,0,0,0.0299892,0,0,0.0307858,0,0,0,0,0,0,0,0,0,0,0,27.84,306.299,0,0.000245009,0.004509,
9,27,1,0,0,0.221825,0,0,0,0.318218,0.728825,1.0505,0,0,0,2.31936,0,0,0,0,0,0,0,0.0283681,0,0,0.0283681,0,0,0,0,0,0,0,0,0,0,0,27.7884,306.299,0,0.000245295,0.004509,
9,27,2,0,0,0.221825,0,0,0,0.251224,0.725332,1.02048,0,0,0,2.21886,0,0,0,0,0.0217136,0,0,0.0275576,0,0,0.0492712,0,0,0,0,0,0,0,0,0,0,0,27.7331,306.299,0,0.000244142,0.004509,
9,27,3,0,0,0.221825,0,0,0,0.28472,0.725332,1.02048,0,0,0,2.25236,0,0,0,0,0.0146845,0,0,0.0275576,0,0,0.0422421,0,0,0,0,0,0,0,0,0,0,0,27.5939,306.299,0,0.000241898,0.004509,
9,27,4,0,0,0.221825,0,0,0,0.351715,0.718346,0.960451,0,0,0,2.25234,0,0,0,0,0,0,0,0.0259366,0,0,0.0259366,0,0,0,0,0,0,0,0,0,0,0,27.6843,306.299,0,0.00024345,0.004509,
9,27,5,0,0,0.221825,0,0,0,0.519197,0.732318,1.08051,0,0,0,2.55385,0,0,0,0,0.0190254,0,0,0.0291787,0,0,0.0482041,0,0,0,0,0,0,0,0,0,0,0,27.7431,306.299,0,0.00024443,0.004509,
9,27,6,0,0,0.221825,0,0,0,0.703426,0.753275,1.26059,0,0,0,2.93912,0,0,0,0,0.0369847,0,0,0.0340418,0,0,0.0710265,0,0,0,0,0,0,0,0,0,0,0,27.7817,306.299,0,0.000245604,0.004509,
9,27,7,0,0,0.221825,0,0,0,0.686679,0.760261,1.32062,0,0,0,2.98939,0,0,0,0,0.0533223,0,0,0.0356628,0,0,0.0889851,0,0,0,0,0,0,0,0,0,0,0,27.0733,306.299,0,0.000231989,0.004509,
9,27,8,0,0,0.221825,0,0,0,0.56944,0.735811,1.11052,0,0,0,2.6376,0,0,0,0,0.0545921,0,0,0.0299892,0,0,0.0845813,0,0,0,0,0,0,0,0,0,0,0,24.2056,306.299,0,0.000140927,0.004509,
9,27,9,0,0,0.221825,0,0,0,0.4857,0.718346,0.960451,0,0,0,2.38632,0,0,0,0,0.282519,0,0,0.0259366,0,0,0.308456,0,0,0,0,0,0,0,0,0,0,0,20.4494,306.299,0,2.29264e-005,0.004509,
9,27,10,0,0,0.221825,0,0,0,0.452204,0.721839,0.990466,0,0,0,2.38633,0,0,0,0,0.0492918,0,0,0.0267471,0,0,0.0760389,0,0,0,0,0,0,0,0,0,0,0,20.2971,306.299,0,1.17831e-005,0.004509,
9,27,11,0,0,0.221825,0,0,0,0.418708,0.721839,0.990466,0,0,0,2.35284,0,0,0,0,0.129479,0,0,0.0267471,0,0,0.156226,0,0,0,0,0,0,0,0,0,0,0,20.2431,306.299,0,1.04872e-005,0.004509,
9,27,12,0,0,0.221825,0,0,0,0.351715,0.718346,0.960451,0,0,0,2.25234,0,0,0,0,0.198597,0,0,0.0259366,0,0,0.224534,0,0,0,0,0,0,0,0,0,0,0,20.1944,306.299,0,1.06621e-005,0.004509,
9,27,13,0,0.407357,0.221825,0,0,0,0.351715,0.721839,0.990466,0,0,0,2.6932,0,0,0,0,0.030681,0,0,0.0267471,0,0,0.0574281,0,0,0,0,0,0,0,0,0,0,0,20.2207,306.299,0,1.0678e-005,0.004509,
9,27,14,0,1.85348,0.221825,0,0,0,0.351715,0.728825,1.0505,0,0,0,4.20634,0,0,0,0,0.146986,0,0,0.0283681,0,0,0.175354,0,0,0,0,0,0,0,0,0,0,0,20.261,306.299,0,1.19827e-005,0.004509,
9,27,15,0,3.97896,0.221825,0,0,0,0.435454,0.735811,1.11052,0,0,0,6.48257,0,0,0,0,0.0198419,0,0,0.0299892,0,0,0.0498311,0,0,0,0,0,0,0,0,0,0,0,20.3537,306.299,0,2.26736e-005,0.004509,
9,27,16,0,5.31203,0.221825,0,0,0,0.519197,0.760261,1.32062,0,0,0,8.13393,0,0,0,0,0.0990299,0,0,0.0356628,0,0,0.134693,0,0,0,0,0,0,0,0,0,0,0,20.9226,306.299,0,2.92503e-005,0.004509,
9,27,17,0,5.38199,0.221825,0,0,0,0.736923,0.791698,1.59075,0,0,0,8.72319,0,0,0,0,0.0738405,0,0,0.0429574,0,0,0.116798,0,0,0,0,0,0,0,0,0,0,0,24.6905,306.299,0,0.000125395,0.004509,
9,27,18,0,4.37469,0.221825,0,0,0,1.40685,0.809163,1.74082,0,0,0,8.55335,0,0,0,0,0.0581788,0,0,0.04701,0,0,0.105189,0,0,0,0,0,0,0,0,0,0,0,28.0535,306.299,0,0.000250736,0.004509,
9,27,19,0,3.43914,0.221825,0,0,0,1.9763,0.816149,1.80085,0,0,0,8.25426,0,0,0,0,0.0444085,0,0,0.0486311,0,0,0.0930396,0,0,0,0,0,0,0,0,0,0,0,28.0485,306.299,0,0.000250435,0.004509,
9,27,20,0,2.68315,0.221825,0,0,0,1.89255,0.823135,1.86088,0.382647,0,0,7.86419,0,0,0,0,0.0287871,0,0,0.0502522,0,0,0.0790393,0,0,0,0,0,0,0,0,0,0,0,28.039,306.299,0,0.000250118,0.004509,
9,27,21,0,1.94129,0.221825,0,0,0,1.60783,0.816149,1.80085,0.382647,0,0,6.77059,0,0,0,0,0.0731,0,0,0.0486311,0,0,0.121731,0,0,0,0,0,0,0,0,0,0,0,27.9864,306.299,0,0.000248411,0.004509,
9,27,22,0,0.68661,0.221825,0,0,0,1.05514,0.788205,1.56074,0.382647,0,0,4.69516,0,0,0,0,0.0133639,0,0,0.042147,0,0,0.0555109,0,0,0,0,0,0,0,0,0,0,0,27.9183,306.299,0,0.000247277,0.004509,
9,27,23,0,0.102692,0.221825,0,0,0,0.636433,0.763754,1.35064,0.382647,0,0,3.45799,0,0,0,0,0.00137035,0,0,0.0364733,0,0,0.0378437,0,0,0,0,0,0,0,0,0,0,0,27.868,306.299,0,0.000246928,0.004509,
9,27,24,0,0,0.221825,0,0,0,0.385211,0.735811,1.11052,0,0,0,2.45337,0,0,0,0,0.00132351,0,0,0.0299892,0,0,0.0313127,0,0,0,0,0,0,0,0,0,0,0,27.8643,306.299,0,0.000247043,0.004509,
9,28,1,0,0,0.221825,0,0,0,0.318218,0.728825,1.0505,0,0,0,2.31936,0,0,0,0,0.000886392,0,0,0.0283681,0,0,0.0292545,0,0,0,0,0,0,0,0,0,0,0,27.7775,306.299,0,0.000247041,0.004509,
9,28,2,0,0,0.221825,0,0,0,0.251224,0.725332,1.02048,0,0,0,2.21886,0,0,0,0,0.000698067,0,0,0.0275576,0,0,0.0282557,0,0,0,0,0,0,0,0,0,0,0,27.6797,306.299,0,0.000239351,0.004509,
9,28,3,0,0,0.221825,0,0,0,0.28472,0.725332,1.02048,0,0,0,2.25236,0,0,0,0,0.000454079,0,0,0.0275576,0,0,0.0280117,0,0,0,0,0,0,0,0,0,0,0,27.3787,306.299,0,0.000234265,0.004509,
9,28,4,0,0,0.221825,0,0,0,0.351715,0.718346,0.960451,0,0,0,2.25234,0,0,0,0,0.00419099,0,0,0.0259366,0,0,0.0301276,0,0,0,0,0,0,0,0,0,0,0,27.1471,306.299,0,0.000234504,0.004509,
9,28,5,0,0,0.221825,0,0,0,0.519197,0.732318,1.08051,0,0,0,2.55385,0,0,0,0,0.0429781,0,0,0.0291787,0,0,0.0721568,0,0,0,0,0,0,0,0,0,0,0,27.2835,306.299,0,0.00023736,0.004509,
9,28,6,0,0,0.221825,0,0,0,0.703426,0.753275,1.26059,0,0,0,2.93912,0,0,0,0,0.100555,0,0,0.0340418,0,0,0.134597,0,0,0,0,0,0,0,0,0,0,0,27.6913,306.299,0,0.000246752,0.004509,
9,28,7,0,0,0.221825,0,0,0,0.686679,0.760261,1.32062,0,0,0,2.98939,0,0,0,0,0.211878,0,0,0.0356628,0,0,0.247541,0,0,0,0,0,0,0,0,0,0,0,27.1658,306.299,0,0.000236993,0.004509,
9,28,8,0,0,0.221825,0,0,0,0.56944,0.735811,1.11052,0,0,0,2.6376,0,0,0,0,0.644378,0,0,0.0299892,0,0,0.674367,0,0,0,0,0,0,0,0,0,0,0,24.2911,306.299,0,0.000147137,0.004509,
9,28,9,0,0,0.221825,0,0,0,0.4857,0.718346,0.960451,0,0,0,2.38632,0,0,0,0,0.0807184,0,0,0.0259366,0,0,0.106655,0,0,0,0,0,0,0,0,0,0,0,22.1506,306.299,0,5.40496e-005,0.004509,
9,28,10,0,0,0.221825,0,0,0,0.452204,0.721839,0.990466,0,0,0,2.38633,0,0,0,0,0.105585,0,0,0.0267471,0,0,0.132332,0,0,0,0,0,0,0,0,0,0,0,22.0251,306.299,0,4.22909e-005,0.004509,
9,28,11,0,0,0.221825,0,0,0,0.418708,0.721839,0.990466,0,0,0,2.35284,0,0,0,0,0.0985349,0,0,0.0267471,0,0,0.125282,0,0,0,0,0,0,0,0,0,0,0,21.9074,306.299,0,3.76742e-005,0.004509,
9,28,12,0,0,0.221825,0,0,0,0.351715,0.718346,0.960451,0,0,0,2.25234,0,0,0,0,0.102148,0,0,0.0259366,0,0,0.128085,0,0,0,0,0,0,0,0,0,0,0,21.8952,306.299,0,3.7044e-005,0.004509,
9,28,13,0,0.232873,0.221825,0,0,0,0.351715,0.721839,0.990466,0,0,0,2.51872,0,0,0,0,0.0241358,0,0,0.0267471,0,0,0.0508829,0,0,0,0,0,0,0,0,0,0,0,21.847,306.299,0,3.64708e-005,0.004509,
9,28,14,0,1.27811,0.221825,0,0,0,0.351715,0.728825,1.0505,0,0,0,3.63097,0,0,0,0,0.250033,0,0,0.0283681,0,0,0.278401,0,0,0,0,0,0,0,0,0,0,0,22.0443,306.299,0,4.38831e-005,0.004509,
9,28,15,0,1.97376,0.221825,0,0,0,0.435454,0.735811,1.11052,0,0,0,4.47738,0,0,0,0,0.0980594,0,0,0.0299892,0,0,0.128049,0,0,0,0,0,0,0,0,0,0,0,22.4354,306.299,0,5.45481e-005,0.004509,
9,28,16,0,3.55539,0.221825,0,0,0,0.519197,0.760261,1.32062,0,0,0,6.37729,0,0,0,0,0.117125,0,0,0.0356628,0,0,0.152788,0,0,0,0,0,0,0,0,0,0,0,23.9051,306.299,0,0.0001047,0.004509,
9,28,17,0,4.56906,0.221825,0,0,0,0.736923,0.791698,1.59075,0,0,0,7.91026,0,0,0,0,0.164547,0,0,0.0429574,0,0,0.207504,0,0,0,0,0,0,0,0,0,0,0,27.336,306.299,0,0.000226172,0.004509,
9,28,18,0,4.02625,0.221825,0,0,0,1.40685,0.809163,1.74082,0,0,0,8.20492,0,0,0,0,0.200141,0,0,0.04701,0,0,0.247151,0,0,0,0,0,0,0,0,0,0,0,28.4171,306.299,0,0.000262441,0.004509,
9,28,19,0,3.02229,0.221825,0,0,0,1.9763,0.816149,1.80085,0,0,0,7.83741,0,0,0,0,0.151947,0,0,0.0486311,0,0,0.200578,0,0,0,0,0,0,0,0,0,0,0,28.4138,306.299,0,0.00026207,0.004509,
9,28,20,0,2.06812,0.221825,0,0,0,1.89255,0.823135,1.86088,0.382647,0,0,7.24916,0,0,0,0,0.278054,0,0,0.0502522,0,0,0.328306,0,0,0,0,0,0,0,0,0,0,0,28.3531,306.299,0,0.000260841,0.004509,
9,28,21,0,1.36008,0.221825,0,0,0,1.60783,0.816149,1.80085,0.382647,0,0,6.18938,0,0,0,0,0.382781,0,0,0.0486311,0,0,0.431412,0,0,0,0,0,0,0,0,0,0,0,28.1555,306.299,0,0.000254009,0.004509,
9,28,22,0,0.254767,0.221825,0,0,0,1.05514,0.788205,1.56074,0.382647,0,0,4.26332,0,0,0,0,0.0456543,0,0,0.042147,0,0,0.0878013,0,0,0,0,0,0,0,0,0,0,0,28.0882,306.299,0,0.000252112,0.004509,
9,28,23,0,0,0.221825,0,0,0,0.636433,0.763754,1.35064,0.382647,0,0,3.3553,0,0,0,0,0.0433191,0,0,0.0364733,0,0,0.0797924,0,0,0,0,0,0,0,0,0,0,0,28.0324,306.299,0,0.000251552,0.004509,
9,28,24,0,0,0.221825,0,0,0,0.385211,0.735811,1.11052,0,0,0,2.45337,0,0,0,0,0.0489408,0,0,0.0299892,0,0,0.07893,0,0,0,0,0,0,0,0,0,0,0,27.9558,306.299,0,0.000250163,0.004509,
9,29,1,0,0,0.221825,0,0,0,0.318218,0.728825,1.0505,0,0,0,2.31936,0,0,0,0,0,0,0,0.0283681,0,0,0.0283681,0,0,0,0,0,0,0,0,0,0,0,27.808,306.299,0,0.000242273,0.004509,
9,29,2,0,0,0.221825,0,0,0,0.251224,0.725332,1.02048,0,0,0,2.21886,0,0,0,0,0,0,0,0.0275576,0,0,0.0275576,0,0,0,0,0,0,0,0,0,0,0,27.4762,306.299,0,0.000236609,0.004509,
9,29,3,0,0,0.221825,0,0,0,0.28472,0.725332,1.02048,0,0,0,2.25236,0,0,0,0,0,0,0,0.0275576,0,0,0.0275576,0,0,0,0,0,0,0,0,0,0,0,27.0321,306.299,0,0.000230182,0.004509,
9,29,4,0,0,0.221825,0,0,0,0.351715,0.718346,0.960451,0,0,0,2.25234,0,0,0,0,0,0,0,0.0259366,0,0,0.0259366,0,0,0,0,0,0,0,0,0,0,0,27.2138,306.299,0,0.000232905,0.004509,
9,29,5,0,0,0.221825,0,0,0,0.519197,0.732318,1.08051,0,0,0,2.55385,0,0,0,0,0,0,0,0.0291787,0,0,0.0291787,0,0,0,0,0,0,0,0,0,0,0,27.5307,306.299,0,0.000238608,0.004509,
9,29,6,0,0,0.221825,0,0,0,0.703426,0.753275,1.26059,0,0,0,2.93912,0,0,0,0,0.0110081,0,0,0.0340418,0,0,0.0450499,0,0,0,0,0,0,0,0,0,0,0,27.8176,306.299,0,0.000242025,0.004509,
9,29,7,0,0,0.221825,0,0,0,0.686679,0.760261,1.32062,0,0,0,2.98939,0,0,0,0,0.220681,0,0,0.0356628,0,0,0.256344,0,0,0,0,0,0,0,0,0,0,0,27.7172,306.299,0,0.00023943,0.004509,
9,29,8,0,0,0.221825,0,0,0,0.56944,0.735811,1.11052,0,0,0,2.6376,0,0,0,0,0.315853,0,0,0.0299892,0,0,0.345842,0,0,0,0,0,0,0,0,0,0,0,24.4993,306.299,0,0.000147953,0.004509,
9,29,9,0,0,0.221825,0,0,0,0.4857,0.718346,0.960451,0,0,0,2.38632,0,0,0,0,0.18076,0,0,0.0259366,0,0,0.206697,0,0,0,0,0,0,0,0,0,0,0,21.9474,306.299,0,5.47272e-005,0.004509,
9,29,10,0,0,0.221825,0,0,0,0.452204,0.721839,0.990466,0,0,0,2.38633,0,0,0,0,0.211614,0,0,0.0267471,0,0,0.238361,0,0,0,0,0,0,0,0,0,0,0,21.5058,306.299,0,3.26641e-005,0.004509,
9,29,11,0,0,0.221825,0,0,0,0.418708,0.721839,0.990466,0,0,0,2.35284,0,0,0,0,0.099204,0,0,0.0267471,0,0,0.125951,0,0,0,0,0,0,0,0,0,0,0,21.4688,306.299,0,2.72229e-005,0.004509,
9,29,12,0,0,0.221825,0,0,0,0.351715,0.718346,0.960451,0,0,0,2.25234,0,0,0,0,0.0253953,0,0,0.0259366,0,0,0.0513319,0,0,0,0,0,0,0,0,0,0,0,21.4238,306.299,0,2.64606e-005,0.004509,
9,29,13,0,0.0199351,0.221825,0,0,0,0.351715,0.721839,0.990466,0,0,0,2.30578,0,0,0,0,0.0538783,0,0,0.0267471,0,0,0.0806254,0,0,0,0,0,0,0,0,0,0,0,21.4064,306.299,0,2.72494e-005,0.004509,
9,29,14,0,1.34777,0.221825,0,0,0,0.351715,0.728825,1.0505,0,0,0,3.70063,0,0,0,0,0.223646,0,0,0.0283681,0,0,0.252014,0,0,0,0,0,0,0,0,0,0,0,21.4706,306.299,0,2.97147e-005,0.004509,
9,29,15,0,2.7438,0.221825,0,0,0,0.435454,0.735811,1.11052,0,0,0,5.24741,0,0,0,0,0.0899231,0,0,0.0299892,0,0,0.119912,0,0,0,0,0,0,0,0,0,0,0,21.7867,306.299,0,3.96522e-005,0.004509,
9,29,16,0,3.5416,0.221825,0,0,0,0.519197,0.760261,1.32062,0,0,0,6.3635,0,0,0,0,0.137632,0,0,0.0356628,0,0,0.173295,0,0,0,0,0,0,0,0,0,0,0,23.682,306.299,0,9.54125e-005,0.004509,
9,29,17,0,3.79485,0.221825,0,0,0,0.736923,0.791698,1.59075,0,0,0,7.13605,0,0,0,0,0.0936574,0,0,0.0429574,0,0,0.136615,0,0,0,0,0,0,0,0,0,0,0,27.8349,306.299,0,0.000241941,0.004509,
9,29,18,0,3.46078,0.221825,0,0,0,1.40685,0.809163,1.74082,0,0,0,7.63944,0,0,0,0,0.276052,0,0,0.04701,0,0,0.323062,0,0,0,0,0,0,0,0,0,0,0,28.1337,306.299,0,0.000252402,0.004509,
9,29,19,0,3.05319,0.221825,0,0,0,1.9763,0.816149,1.80085,0,0,0,7.86831,0,0,0,0,0.187026,0,0,0.0486311,0,0,0.235657,0,0,0,0,0,0,0,0,0,0,0,28.1308,306.299,0,0.00025212,0.004509,
9,29,20,0,2.45814,0.221825,0,0,0,1.89255,0.823135,1.86088,0.382647,0,0,7.63918,0,0,0,0,0.207713,0,0,0.0502522,0,0,0.257965,0,0,0,0,0,0,0,0,0,0,0,28.1117,306.299,0,0.000251181,0.004509,
9,29,21,0,1.71357,0.221825,0,0,0,1.60783,0.816149,1.80085,0.382647,0,0,6.54287,0,0,0,0,0.175506,0,0,0.0486311,0,0,0.224137,0,0,0,0,0,0,0,0,0,0,0,28.6419,306.299,0,0.000248666,0.004509,
9,29,22,0,0.937839,0.221825,0,0,0,1.05514,0.788205,1.56074,0.382647,0,0,4.94639,0,0,0,0,0.0392561,0,0,0.042147,0,0,0.0814031,0,0,0,0,0,0,0,0,0,0,0,29.8471,306.299,0,0.000245832,0.004509,
9,29,23,0,0.433287,0.221825,0,0,0,0.636433,0.763754,1.35064,0.382647,0,0,3.78858,0,0,0,0,0.0509199,0,0,0.0364733,0,0,0.0873932,0,0,0,0,0,0,0,0,0,0,0,27.8976,306.299,0,0.000242757,0.004509,
9,29,24,0,0.165861,0.221825,0,0,0,0.385211,0.735811,1.11052,0,0,0,2.61923,0,0,0,0,0,0,0,0.0299892,0,0,0.0299892,0,0,0,0,0,0,0,0,0,0,0,27.866,306.299,0,0.000242369,0.004509,
9,30,1,0,0.0186099,0.221825,0,0,0,0.318218,0.728825,1.0505,0,0,0,2.33797,0,0,0,0,0,0,0,0.0283681,0,0,0.0283681,0,0,0,0,0,0,0,0,0,0,0,28.0217,306.299,0,0.000247701,0.004509,
9,30,2,0,0,0.221825,0,0,0,0.251224,0.725332,1.02048,0,0,0,2.21886,0,0,0,0,0.0082379,0,0,0.0275576,0,0,0.0357955,0,0,0,0,0,0,0,0,0,0,0,27.7113,306.299,0,0.000241428,0.004509,
9,30,3,0,0,0.221825,0,0,0,0.28472,0.725332,1.02048,0,0,0,2.25236,0,0,0,0,0,0,0,0.0275576,0,0,0.0275576,0,0,0,0,0,0,0,0,0,0,0,27.2733,306.299,0,0.000231817,0.004509,
9,30,4,0,0,0.221825,0,0,0,0.351715,0.718346,0.960451,0,0,0,2.25234,0,0,0,0,0,0,0,0.0259366,0,0,0.0259366,0,0,0,0,0,0,0,0,0,0,0,27.32,306.299,0,0.00023234,0.004509,
9,30,5,0,0,0.221825,0,0,0,0.519197,0.732318,1.08051,0,0,0,2.55385,0,0,0,0,0.222238,0,0,0.0291787,0,0,0.251417,0,0,0,0,0,0,0,0,0,0,0,27.5292,306.299,0,0.000236992,0.004509,
9,30,6,0,0,0.221825,0,0,0,0.703426,0.753275,1.26059,0,0,0,2.93912,0,0,0,0,0.100247,0,0,0.0340418,0,0,0.134289,0,0,0,0,0,0,0,0,0,0,0,27.9156,306.299,0,0.000245158,0.004509,
9,30,7,0,0,0.221825,0,0,0,0.686679,0.760261,1.32062,0,0,0,2.98939,0,0,0,0,0.131008,0,0,0.0356628,0,0,0.166671,0,0,0,0,0,0,0,0,0,0,0,27.1277,306.299,0,0.000231864,0.004509,
9,30,8,0,0,0.221825,0,0,0,0.56944,0.735811,1.11052,0,0,0,2.6376,0,0,0,0,0.5507,0,0,0.0299892,0,0,0.580689,0,0,0,0,0,0,0,0,0,0,0,23.6263,306.299,0,0.000135491,0.004509,
9,30,9,0,0.30153,0.221825,0,0,0,0.4857,0.718346,0.960451,0,0,0,2.68785,0,0,0,0,0.184174,0,0,0.0259366,0,0,0.210111,0,0,0,0,0,0,0,0,0,0,0,23.0848,306.299,0,9.6383e-005,0.004509,
9,30,10,0,1.44772,0.221825,0,0,0,0.452204,0.721839,0.990466,0,0,0,3.83405,0,0,0,0,0.0429777,0,0,0.0267471,0,0,0.0697248,0,0,0,0,0,0,0,0,0,0,0,23.0654,306.299,0,9.0536e-005,0.004509,
9,30,11,0,2.67993,0.221825,0,0,0,0.418708,0.721839,0.990466,0,0,0,5.03277,0,0,0,0,0.115057,0,0,0.0267471,0,0,0.141804,0,0,0,0,0,0,0,0,0,0,0,22.9861,306.299,0,8.46124e-005,0.004509,
9,30,12,0,3.54321,0.221825,0,0,0,0.351715,0.718346,0.960451,0,0,0,5.79555,0,0,0,0,0.0406229,0,0,0.0259366,0,0,0.0665595,0,0,0,0,0,0,0,0,0,0,0,21.7889,306.299,0,3.67784e-005,0.004509,
9,30,13,0,4.05354,0.221825,0,0,0,0.351715,0.721839,0.990466,0,0,0,6.33938,0,0,0,0,0.0102409,0,0,0.0267471,0,0,0.036988,0,0,0,0,0,0,0,0,0,0,0,23.1672,306.299,0,8.92077e-005,0.004509,
9,30,14,0,4.38394,0.221825,0,0,0,0.351715,0.728825,1.0505,0,0,0,6.7368,0,0,0,0,0.0113831,0,0,0.0283681,0,0,0.0397512,0,0,0,0,0,0,0,0,0,0,0,23.5297,306.299,0,0.000100715,0.004509,
9,30,15,0,4.23076,0.221825,0,0,0,0.435454,0.735811,1.11052,0,0,0,6.73438,0,0,0,0,0.0743288,0,0,0.0299892,0,0,0.104318,0,0,0,0,0,0,0,0,0,0,0,24.237,306.299,0,0.00011946,0.004509,
9,30,16,0,4.19134,0.221825,0,0,0,0.519197,0.760261,1.32062,0,0,0,7.01324,0,0,0,0,0.0794418,0,0,0.0356628,0,0,0.115105,0,0,0,0,0,0,0,0,0,0,0,27.026,306.299,0,0.000208119,0.004509,
9,30,17,0,3.9579,0.221825,0,0,0,0.736923,0.791698,1.59075,0,0,0,7.29909,0,0,0,0,0.0838661,0,0,0.0429574,0,0,0.126824,0,0,0,0,0,0,0,0,0,0,0,28.411,306.299,0,0.000261916,0.004509,
9,30,18,0,3.30823,0.221825,0,0,0,1.40685,0.809163,1.74082,0,0,0,7.48689,0,0,0,0,0.1233,0,0,0.04701,0,0,0.17031,0,0,0,0,0,0,0,0,0,0,0,28.5714,306.299,0,0.000268083,0.004509,
9,30,19,0,2.89183,0.221825,0,0,0,1.9763,0.816149,1.80085,0,0,0,7.70695,0,0,0,0,0.193652,0,0,0.0486311,0,0,0.242283,0,0,0,0,0,0,0,0,0,0,0,28.5736,306.299,0,0.000268095,0.004509,
9,30,20,0,2.23747,0.221825,0,0,0,1.89255,0.823135,1.86088,0.382647,0,0,7.4185,0,0,0,0,0.110697,0,0,0.0502522,0,0,0.160949,0,0,0,0,0,0,0,0,0,0,0,29.0336,306.299,0,0.00026688,0.004509,
9,30,21,0,1.37247,0.221825,0,0,0,1.60783,0.816149,1.80085,0.382647,0,0,6.20177,0,0,0,0,0.106486,0,0,0.0486311,0,0,0.155117,0,0,0,0,0,0,0,0,0,0,0,30.1278,306.299,0,0.000264902,0.004509,
9,30,22,0,0.591757,0.221825,0,0,0,1.05514,0.788205,1.56074,0.382647,0,0,4.60031,0,0,0,0,0.00670758,0,0,0.042147,0,0,0.0488546,0,0,0,0,0,0,0,0,0,0,0,28.4051,306.299,0,0.000260649,0.004509,
9,30,23,0,0.214439,0.221825,0,0,0,0.636433,0.763754,1.35064,0.382647,0,0,3.56973,0,0,0,0,0.00977431,0,0,0.0364733,0,0,0.0462476,0,0,0,0,0,0,0,0,0,0,0,28.1899,306.299,0,0.000255915,0.004509,
9,30,24,0,0.0177079,0.221825,0,0,0,0.385211,0.735811,1.11052,0,0,0,2.47108,0,0,0,0,0.0223212,0,0,0.0299892,0,0,0.0523104,0,0,0,0,0,0,0,0,0,0,0,28.037,306.299,0,0.000254464,0.004509,
10,1,1,0,0,0.221825,0,0,0,0.318218,0.728825,1.0505,0,0,0,2.31936,0,0,0,0,0,0,0,0.0283681,0,0,0.0283681,0,0,0,0,0,0,0,0,0,0,0,27.2013,309.205,0,0.00023257,0.004509,
10,1,2,0,0,0.221825,0,0,0,0.251224,0.725332,1.02048,0,0,0,2.21886,0,0,0,0,0,0,0,0.0275576,0,0,0.0275576,0,0,0,0,0,0,0,0,0,0,0,27.1443,309.205,0,0.000231927,0.004509,
10,1,3,0,0,0.221825,0,0,0,0.28472,0.725332,1.02048,0,0,0,2.25236,0,0,0,0,0,0,0,0.0275576,0,0,0.0275576,0,0,0,0,0,0,0,0,0,0,0,27.1124,309.205,0,0.000230627,0.004509,
10,1,4,0,0,0.221825,0,0,0,0.351715,0.718346,0.960451,0,0,0,2.25234,0,0,0,0,0.00033187,0,0,0.0259366,0,0,0.0262685,0,0,0,0,0,0,0,0,0,0,0,27.1254,309.205,0,0.000230737,0.004509,
10,1,5,0,0,0.221825,0,0,0,0.519197,0.732318,1.08051,0,0,0,2.55385,0,0,0,0,0.193958,0,0,0.0291787,0,0,0.223137,0,0,0,0,0,0,0,0,0,0,0,27.172,309.205,0,0.000232357,0.004509,
10,1,6,0,0,0.221825,0,0,0,0.703426,0.753275,1.26059,0,0,0,2.93912,0,0,0,0,0.130126,0,0,0.0340418,0,0,0.164168,0,0,0,0,0,0,0,0,0,0,0,27.2042,309.205,0,0.000232948,0.004509,
10,1,7,0,0,0.221825,0,0,0,0.686679,0.760261,1.32062,0,0,0,2.98939,0,0,0,0,0.04646,0,0,0.0356628,0,0,0.0821228,0,0,0,0,0,0,0,0,0,0,0,27.1355,309.205,0,0.000231733,0.004509,
10,1,8,0,0,0.221825,0,0,0,0.56944,0.735811,1.11052,0,0,0,2.6376,0,0,0,0,0.159341,0,0,0.0299892,0,0,0.18933,0,0,0,0,0,0,0,0,0,0,0,24.1059,309.205,0,0.000144309,0.004509,
10,1,9,0,0,0.221825,0,0,0,0.4857,0.718346,0.960451,0,0,0,2.38632,0,0,0,0,0.232001,0,0,0.0259366,0,0,0.257938,0,0,0,0,0,0,0,0,0,0,0,22.2158,309.205,0,5.65712e-005,0.004509,
10,1,10,0,0.513904,0.221825,0,0,0,0.452204,0.721839,0.990466,0,0,0,2.90024,0,0,0,0,0.107276,0,0,0.0267471,0,0,0.134023,0,0,0,0,0,0,0,0,0,0,0,22.0143,309.205,0,5.05706e-005,0.004509,
10,1,11,0,2.40899,0.221825,0,0,0,0.418708,0.721839,0.990466,0,0,0,4.76182,0,0,0,0,0.0831601,0,0,0.0267471,0,0,0.109907,0,0,0,0,0,0,0,0,0,0,0,21.9459,309.205,0,4.85738e-005,0.004509,
10,1,12,0,3.88622,0.221825,0,0,0,0.351715,0.718346,0.960451,0,0,0,6.13855,0,0,0,0,0.0832546,0,0,0.0259366,0,0,0.109191,0,0,0,0,0,0,0,0,0,0,0,21.9201,309.205,0,4.85162e-005,0.004509,
10,1,13,0,5.52525,0.221825,0,0,0,0.351715,0.721839,0.990466,0,0,0,7.8111,0,0,0,0,0.0845262,0,0,0.0267471,0,0,0.111273,0,0,0,0,0,0,0,0,0,0,0,21.9147,309.205,0,4.81864e-005,0.004509,
10,1,14,0,7.44341,0.221825,0,0,0,0.351715,0.728825,1.0505,0,0,0,9.79627,0,0,0,0,0.143848,0,0,0.0283681,0,0,0.172216,0,0,0,0,0,0,0,0,0,0,0,21.9692,309.205,0,4.99223e-005,0.004509,
10,1,15,0,8.99329,0.221825,0,0,0,0.435454,0.735811,1.11052,0,0,0,11.4969,0,0,0,0,0.00510067,0,0,0.0299892,0,0,0.0350899,0,0,0,0,0,0,0,0,0,0,0,22.1419,309.205,0,5.46446e-005,0.004509,
10,1,16,0,9.85382,0.221825,0,0,0,0.519197,0.760261,1.32062,0,0,0,12.6757,0,0,0,0,0.11261,0,0,0.0356628,0,0,0.148273,0,0,0,0,0,0,0,0,0,0,0,22.751,309.205,0,8.0458e-005,0.004509,
10,1,17,0,9.59938,0.221825,0,0,0,0.736923,0.791698,1.59075,0,0,0,12.9406,0,0,0,0,0.0445646,0,0,0.0429574,0,0,0.087522,0,0,0,0,0,0,0,0,0,0,0,26.8489,309.205,0,0.000211777,0.004509,
10,1,18,0,7.81431,0.221825,0,0,0,1.40685,0.809163,1.74082,0,0,0,11.993,0,0,0,0,0.0803034,0,0,0.04701,0,0,0.127313,0,0,0,0,0,0,0,0,0,0,0,44.836,309.205,0,0.000267173,0.004509,
10,1,19,0,6.34135,0.221825,0,0,0,1.9763,0.816149,1.80085,0,0,0,11.1565,0,0,0,0,0.236324,0,0,0.0486311,0,0,0.284955,0,0,0,0,0,0,0,0,0,0,0,82.6846,309.205,0,0.000266748,0.004509,
10,1,20,0,4.27982,0.221825,0,0,0,1.89255,0.823135,1.86088,0.382647,0,0,9.46086,0,0,0,0,0.119566,0,0,0.0502522,0,0,0.169818,0,0,0,0,0,0,0,0,0,0,0,82.3903,309.205,0,0.000260891,0.004509,
10,1,21,0,2.70135,0.221825,0,0,0,1.60783,0.816149,1.80085,0.382647,0,0,7.53065,0,0,0,0,0.13667,0,0,0.0486311,0,0,0.185301,0,0,0,0,0,0,0,0,0,0,0,79.7894,309.205,0,0.000252677,0.004509,
10,1,22,0,1.68918,0.221825,0,0,0,1.05514,0.788205,1.56074,0.382647,0,0,5.69773,0,0,0,0,0.0357236,0,0,0.042147,0,0,0.0778706,0,0,0,0,0,0,0,0,0,0,0,88.3056,309.205,0,0.000243126,0.004509,
10,1,23,0,0.789213,0.221825,0,0,0,0.636433,0.763754,1.35064,0.382647,0,0,4.14451,0,0,0,0,0.0262313,0,0,0.0364733,0,0,0.0627046,0,0,0,0,0,0,0,0,0,0,0,91.1647,309.205,0,0.000241379,0.004509,
10,1,24,0,0.261179,0.221825,0,0,0,0.385211,0.735811,1.11052,0,0,0,2.71455,0,0,0,0,0,0,0,0.0299892,0,0,0.0299892,0,0,0,0,0,0,0,0,0,0,0,46.4018,309.205,0,0.000236728,0.004509,
10,2,1,0,0.0685899,0.221825,0,0,0,0.318218,0.728825,1.0505,0,0,0,2.38795,0,0,0,0,0,0,0,0.0283681,0,0,0.0283681,0,0,0,0,0,0,0,0,0,0,0,30.5052,309.205,0,0.000224832,0.004509,
10,2,2,0,0,0.221825,0,0,0,0.251224,0.725332,1.02048,0,0,0,2.21886,0,0,0,0,0.00171333,0,0,0.0275576,0,0,0.0292709,0,0,0,0,0,0,0,0,0,0,0,27.0643,309.205,0,0.000224708,0.004509,
10,2,3,0,0,0.221825,0,0,0,0.28472,0.725332,1.02048,0,0,0,2.25236,0,0,0,0,0,0,0,0.0275576,0,0,0.0275576,0,0,0,0,0,0,0,0,0,0,0,27.0692,309.205,0,0.000224856,0.004509,
10,2,4,0,0,0.221825,0,0,0,0.351715,0.718346,0.960451,0,0,0,2.25234,0,0,0,0,0.000196588,0,0,0.0259366,0,0,0.0261332,0,0,0,0,0,0,0,0,0,0,0,27.072,309.205,0,0.000224967,0.004509,
10,2,5,0,0,0.221825,0,0,0,0.519197,0.732318,1.08051,0,0,0,2.55385,0,0,0,0,0.00231635,0,0,0.0291787,0,0,0.031495,0,0,0,0,0,0,0,0,0,0,0,27.0907,309.205,0,0.000225403,0.004509,
10,2,6,0,0,0.221825,0,0,0,0.703426,0.753275,1.26059,0,0,0,2.93912,0,0,0,0,0.00930614,0,0,0.0340418,0,0,0.0433479,0,0,0,0,0,0,0,0,0,0,0,50.1285,309.205,0,0.000225852,0.004509,
10,2,7,0,0,0.221825,0,0,0,0.686679,0.760261,1.32062,0,0,0,2.98939,0,0,0,0,0.329064,0,0,0.0356628,0,0,0.364727,0,0,0,0,0,0,0,0,0,0,0,33.5071,309.205,0,0.000225329,0.004509,
10,2,8,0,0,0.221825,0,0,0,0.56944,0.735811,1.11052,0,0,0,2.6376,0,0,0,0,0.301962,0,0,0.0299892,0,0,0.331951,0,0,0,0,0,0,0,0,0,0,0,25.0547,309.205,0,0.000159134,0.004509,
10,2,9,0,0.140639,0.221825,0,0,0,0.4857,0.718346,0.960451,0,0,0,2.52696,0,0,0,0,0.1417,0,0,0.0259366,0,0,0.167637,0,0,0,0,0,0,0,0,0,0,0,22.4123,309.205,0,6.52792e-005,0.004509,
10,2,10,0,1.64744,0.221825,0,0,0,0.452204,0.721839,0.990466,0,0,0,4.03377,0,0,0,0,0.0676032,0,0,0.0267471,0,0,0.0943503,0,0,0,0,0,0,0,0,0,0,0,22.2592,309.205,0,6.13604e-005,0.004509,
10,2,11,0,3.54504,0.221825,0,0,0,0.418708,0.721839,0.990466,0,0,0,5.89788,0,0,0,0,0.00767376,0,0,0.0267471,0,0,0.0344209,0,0,0,0,0,0,0,0,0,0,0,22.1413,309.205,0,5.94448e-005,0.004509,
10,2,12,0,5.25793,0.221825,0,0,0,0.351715,0.718346,0.960451,0,0,0,7.51027,0,0,0,0,0.0243616,0,0,0.0259366,0,0,0.0502982,0,0,0,0,0,0,0,0,0,0,0,22.1553,309.205,0,5.93843e-005,0.004509,
10,2,13,0,6.86318,0.221825,0,0,0,0.351715,0.721839,0.990466,0,0,0,9.14902,0,0,0,0,0.0163433,0,0,0.0267471,0,0,0.0430904,0,0,0,0,0,0,0,0,0,0,0,22.1325,309.205,0,5.96075e-005,0.004509,
10,2,14,0,8.28956,0.221825,0,0,0,0.351715,0.728825,1.0505,0,0,0,10.6424,0,0,0,0,0.0483969,0,0,0.0283681,0,0,0.076765,0,0,0,0,0,0,0,0,0,0,0,22.2573,309.205,0,6.13245e-005,0.004509,
10,2,15,0,9.46635,0.221825,0,0,0,0.435454,0.735811,1.11052,0,0,0,11.97,0,0,0,0,0.193497,0,0,0.0299892,0,0,0.223486,0,0,0,0,0,0,0,0,0,0,0,22.3276,309.205,0,6.5421e-005,0.004509,
10,2,16,0,9.89961,0.221825,0,0,0,0.519197,0.760261,1.32062,0,0,0,12.7215,0,0,0,0,0.0690723,0,0,0.0356628,0,0,0.104735,0,0,0,0,0,0,0,0,0,0,0,22.5722,309.205,0,7.7373e-005,0.004509,
10,2,17,0,9.02311,0.221825,0,0,0,0.736923,0.791698,1.59075,0,0,0,12.3643,0,0,0,0,0.0539386,0,0,0.0429574,0,0,0.096896,0,0,0,0,0,0,0,0,0,0,0,26.4277,309.205,0,0.000198293,0.004509,
10,2,18,0,7.07354,0.221825,0,0,0,1.40685,0.809163,1.74082,0,0,0,11.2522,0,0,0,0,0.0822044,0,0,0.04701,0,0,0.129214,0,0,0,0,0,0,0,0,0,0,0,73.0998,309.205,0,0.000252753,0.004509,
10,2,19,0,5.82135,0.221825,0,0,0,1.9763,0.816149,1.80085,0,0,0,10.6365,0,0,0,0,0.163887,0,0,0.0486311,0,0,0.212518,0,0,0,0,0,0,0,0,0,0,0,138.869,309.205,0,0.000250088,0.004509,
10,2,20,0,4.65591,0.221825,0,0,0,1.89255,0.823135,1.86088,0.382647,0,0,9.83694,0,0,0,0,0.0178333,0,0,0.0502522,0,0,0.0680855,0,0,0,0,0,0,0,0,0,0,0,123.03,309.205,0,0.000248376,0.004509,
10,2,21,0,3.73987,0.221825,0,0,0,1.60783,0.816149,1.80085,0.382647,0,0,8.56918,0,0,0,0,0.0511336,0,0,0.0486311,0,0,0.0997647,0,0,0,0,0,0,0,0,0,0,0,120.238,309.205,0,0.000241432,0.004509,
10,2,22,0,2.78403,0.221825,0,0,0,1.05514,0.788205,1.56074,0.382647,0,0,6.79258,0,0,0,0,0.0332884,0,0,0.042147,0,0,0.0754354,0,0,0,0,0,0,0,0,0,0,0,133.977,309.205,0,0.000229795,0.004509,
10,2,23,0,1.92158,0.221825,0,0,0,0.636433,0.763754,1.35064,0.382647,0,0,5.27687,0,0,0,0,0.0356998,0,0,0.0364733,0,0,0.0721731,0,0,0,0,0,0,0,0,0,0,0,134.951,309.205,0,0.000226966,0.004509,
10,2,24,0,1.32498,0.221825,0,0,0,0.385211,0.735811,1.11052,0,0,0,3.77835,0,0,0,0,0.00612663,0,0,0.0299892,0,0,0.0361158,0,0,0,0,0,0,0,0,0,0,0,87.8383,309.205,0,0.000225352,0.004509,
10,3,1,0,1.08965,0.221825,0,0,0,0.318218,0.728825,1.0505,0,0,0,3.40902,0,0,0,0,0,0,0,0.0283681,0,0,0.0283681,0,0,0,0,0,0,0,0,0,0,0,53.5909,309.205,0,0.00021586,0.004509,
10,3,2,0,0.709442,0.221825,0,0,0,0.251224,0.725332,1.02048,0,0,0,2.9283,0,0,0,0,0.000463296,0,0,0.0275576,0,0,0.0280209,0,0,0,0,0,0,0,0,0,0,0,35.0738,309.205,0,0.000213726,0.004509,
10,3,3,0,0.510292,0.221825,0,0,0,0.28472,0.725332,1.02048,0,0,0,2.76265,0,0,0,0,0,0,0,0.0275576,0,0,0.0275576,0,0,0,0,0,0,0,0,0,0,0,26.6422,309.205,0,0.000213824,0.004509,
10,3,4,0,0.521547,0.221825,0,0,0,0.351715,0.718346,0.960451,0,0,0,2.77388,0,0,0,0,0,0,0,0.0259366,0,0,0.0259366,0,0,0,0,0,0,0,0,0,0,0,26.6241,309.205,0,0.00021414,0.004509,
10,3,5,0,0.663724,0.221825,0,0,0,0.519197,0.732318,1.08051,0,0,0,3.21757,0,0,0,0,0.0232115,0,0,0.0291787,0,0,0.0523902,0,0,0,0,0,0,0,0,0,0,0,26.7316,309.205,0,0.000214647,0.004509,
10,3,6,0,0.935697,0.221825,0,0,0,0.703426,0.753275,1.26059,0,0,0,3.87482,0,0,0,0,0.0269131,0,0,0.0340418,0,0,0.0609549,0,0,0,0,0,0,0,0,0,0,0,35.5461,309.205,0,0.000214976,0.004509,
10,3,7,0,1.7673,0.221825,0,0,0,0.686679,0.760261,1.32062,0,0,0,4.75669,0,0,0,0,0.321584,0,0,0.0356628,0,0,0.357247,0,0,0,0,0,0,0,0,0,0,0,26.6527,309.205,0,0.00021422,0.004509,
10,3,8,0,2.88415,0.221825,0,0,0,0.56944,0.735811,1.11052,0,0,0,5.52175,0,0,0,0,0.195767,0,0,0.0299892,0,0,0.225756,0,0,0,0,0,0,0,0,0,0,0,23.6796,309.205,0,0.000132252,0.004509,
10,3,9,0,4.04066,0.221825,0,0,0,0.4857,0.718346,0.960451,0,0,0,6.42698,0,0,0,0,0.255471,0,0,0.0259366,0,0,0.281408,0,0,0,0,0,0,0,0,0,0,0,21.3928,309.205,0,3.89257e-005,0.004509,
10,3,10,0,5.08857,0.221825,0,0,0,0.452204,0.721839,0.990466,0,0,0,7.47491,0,0,0,0,0.64924,0,0,0.0267471,0,0,0.675987,0,0,0,0,0,0,0,0,0,0,0,21.2434,309.205,0,3.20446e-005,0.004509,
10,3,11,0,5.88297,0.221825,0,0,0,0.418708,0.721839,0.990466,0,0,0,8.23581,0,0,0,0,0.484791,0,0,0.0267471,0,0,0.511538,0,0,0,0,0,0,0,0,0,0,0,21.1525,309.205,0,3.01629e-005,0.004509,
10,3,12,0,6.18284,0.221825,0,0,0,0.351715,0.718346,0.960451,0,0,0,8.43517,0,0,0,0,0.135005,0,0,0.0259366,0,0,0.160942,0,0,0,0,0,0,0,0,0,0,0,21.1526,309.205,0,3.00622e-005,0.004509,
10,3,13,0,6.46713,0.221825,0,0,0,0.351715,0.721839,0.990466,0,0,0,8.75298,0,0,0,0,0.0827442,0,0,0.0267471,0,0,0.109491,0,0,0,0,0,0,0,0,0,0,0,21.092,309.205,0,2.97082e-005,0.004509,
10,3,14,0,6.77764,0.221825,0,0,0,0.351715,0.728825,1.0505,0,0,0,9.1305,0,0,0,0,0.0417382,0,0,0.0283681,0,0,0.0701063,0,0,0,0,0,0,0,0,0,0,0,21.1825,309.205,0,3.04235e-005,0.004509,
10,3,15,0,6.83414,0.221825,0,0,0,0.435454,0.735811,1.11052,0,0,0,9.33776,0,0,0,0,0.116062,0,0,0.0299892,0,0,0.146051,0,0,0,0,0,0,0,0,0,0,0,21.219,309.205,0,3.57403e-005,0.004509,
10,3,16,0,6.38314,0.221825,0,0,0,0.519197,0.760261,1.32062,0,0,0,9.20504,0,0,0,0,0.153057,0,0,0.0356628,0,0,0.18872,0,0,0,0,0,0,0,0,0,0,0,21.6812,309.205,0,5.14266e-005,0.004509,
10,3,17,0,5.63139,0.221825,0,0,0,0.736923,0.791698,1.59075,0,0,0,8.97258,0,0,0,0,0.36844,0,0,0.0429574,0,0,0.411397,0,0,0,0,0,0,0,0,0,0,0,25.0328,309.205,0,0.000150738,0.004509,
10,3,18,0,4.40212,0.221825,0,0,0,1.40685,0.809163,1.74082,0,0,0,8.58079,0,0,0,0,0.17696,0,0,0.04701,0,0,0.22397,0,0,0,0,0,0,0,0,0,0,0,27.8489,309.205,0,0.000226754,0.004509,
10,3,19,0,3.6158,0.221825,0,0,0,1.9763,0.816149,1.80085,0,0,0,8.43092,0,0,0,0,0.150396,0,0,0.0486311,0,0,0.199027,0,0,0,0,0,0,0,0,0,0,0,39.694,309.205,0,0.000226474,0.004509,
10,3,20,0,2.937,0.221825,0,0,0,1.89255,0.823135,1.86088,0.382647,0,0,8.11803,0,0,0,0,0.117011,0,0,0.0502522,0,0,0.167263,0,0,0,0,0,0,0,0,0,0,0,40.243,309.205,0,0.000225823,0.004509,
10,3,21,0,2.27868,0.221825,0,0,0,1.60783,0.816149,1.80085,0.382647,0,0,7.10798,0,0,0,0,0.071001,0,0,0.0486311,0,0,0.119632,0,0,0,0,0,0,0,0,0,0,0,42.2758,309.205,0,0.000224205,0.004509,
10,3,22,0,1.53517,0.221825,0,0,0,1.05514,0.788205,1.56074,0.382647,0,0,5.54372,0,0,0,0,0.0265735,0,0,0.042147,0,0,0.0687205,0,0,0,0,0,0,0,0,0,0,0,39.2892,309.205,0,0.000222347,0.004509,
10,3,23,0,0.900848,0.221825,0,0,0,0.636433,0.763754,1.35064,0.382647,0,0,4.25614,0,0,0,0,0.0130115,0,0,0.0364733,0,0,0.0494848,0,0,0,0,0,0,0,0,0,0,0,26.7829,309.205,0,0.000218493,0.004509,
10,3,24,0,0.4937,0.221825,0,0,0,0.385211,0.735811,1.11052,0,0,0,2.94707,0,0,0,0,0.0384396,0,0,0.0299892,0,0,0.0684288,0,0,0,0,0,0,0,0,0,0,0,26.7534,309.205,0,0.000216359,0.004509,
10,4,1,0,0.251453,0.221825,0,0,0,0.318218,0.728825,1.0505,0,0,0,2.57082,0,0,0,0,0.0144865,0,0,0.0283681,0,0,0.0428546,0,0,0,0,0,0,0,0,0,0,0,26.9813,309.205,0,0.000221486,0.004509,
10,4,2,0,0.0678826,0.221825,0,0,0,0.251224,0.725332,1.02048,0,0,0,2.28674,0,0,0,0,0.0251478,0,0,0.0275576,0,0,0.0527054,0,0,0,0,0,0,0,0,0,0,0,26.9346,309.205,0,0.000219957,0.004509,
10,4,3,0,0,0.221825,0,0,0,0.28472,0.725332,1.02048,0,0,0,2.25236,0,0,0,0,0.0170193,0,0,0.0275576,0,0,0.0445769,0,0,0,0,0,0,0,0,0,0,0,26.9388,309.205,0,0.000219909,0.004509,
10,4,4,0,0,0.221825,0,0,0,0.351715,0.718346,0.960451,0,0,0,2.25234,0,0,0,0,0,0,0,0.0259366,0,0,0.0259366,0,0,0,0,0,0,0,0,0,0,0,26.937,309.205,0,0.00021982,0.004509,
10,4,5,0,0,0.221825,0,0,0,0.519197,0.732318,1.08051,0,0,0,2.55385,0,0,0,0,0.0250993,0,0,0.0291787,0,0,0.054278,0,0,0,0,0,0,0,0,0,0,0,26.9899,309.205,0,0.000220955,0.004509,
10,4,6,0,0,0.221825,0,0,0,0.703426,0.753275,1.26059,0,0,0,2.93912,0,0,0,0,0.0284804,0,0,0.0340418,0,0,0.0625222,0,0,0,0,0,0,0,0,0,0,0,27.0072,309.205,0,0.000221508,0.004509,
10,4,7,0,0,0.221825,0,0,0,0.686679,0.760261,1.32062,0,0,0,2.98939,0,0,0,0,0.136082,0,0,0.0356628,0,0,0.171745,0,0,0,0,0,0,0,0,0,0,0,27.0065,309.205,0,0.000221797,0.004509,
10,4,8,0,0.0621931,0.221825,0,0,0,0.56944,0.735811,1.11052,0,0,0,2.69979,0,0,0,0,0.199444,0,0,0.0299892,0,0,0.229433,0,0,0,0,0,0,0,0,0,0,0,23.7195,309.205,0,0.000128147,0.004509,
10,4,9,0,1.54132,0.221825,0,0,0,0.4857,0.718346,0.960451,0,0,0,3.92764,0,0,0,0,0.338768,0,0,0.0259366,0,0,0.364705,0,0,0,0,0,0,0,0,0,0,0,19.9852,309.205,0,1.20955e-005,0.004509,
10,4,10,0,2.88576,0.221825,0,0,0,0.452204,0.721839,0.990466,0,0,0,5.27209,0,0,0,0,0.244985,0,0,0.0267471,0,0,0.271732,0,0,0,0,0,0,0,0,0,0,0,19.6389,309.205,0,8.59804e-007,0.004509,
10,4,11,0,3.72229,0.221825,0,0,0,0.418708,0.721839,0.990466,0,0,0,6.07513,0,0,0,0,0.169422,0,0,0.0267471,0,0,0.196169,0,0,0,0,0,0,0,0,0,0,0,19.6194,309.205,0,4.86226e-007,0.004509,
10,4,12,0,4.22854,0.221825,0,0,0,0.351715,0.718346,0.960451,0,0,0,6.48088,0,0,0,0,0.0125699,0,0,0.0259366,0,0,0.0385065,0,0,0,0,0,0,0,0,0,0,0,19.5987,309.205,0,4.74037e-007,0.004509,
10,4,13,0,4.78548,0.221825,0,0,0,0.351715,0.721839,0.990466,0,0,0,7.07133,0,0,0,0,0.0784507,0,0,0.0267471,0,0,0.105198,0,0,0,0,0,0,0,0,0,0,0,19.599,309.205,0,5.57801e-007,0.004509,
10,4,14,0,5.23476,0.221825,0,0,0,0.351715,0.728825,1.0505,0,0,0,7.58762,0,0,0,0,0.0621041,0,0,0.0283681,0,0,0.0904722,0,0,0,0,0,0,0,0,0,0,0,19.6783,309.205,0,1.27511e-006,0.004509,
10,4,15,0,5.61273,0.221825,0,0,0,0.435454,0.735811,1.11052,0,0,0,8.11635,0,0,0,0,0.0220113,0,0,0.0299892,0,0,0.0520005,0,0,0,0,0,0,0,0,0,0,0,19.787,309.205,0,6.19507e-006,0.004509,
10,4,16,0,5.64985,0.221825,0,0,0,0.519197,0.760261,1.32062,0,0,0,8.47175,0,0,0,0,0.112702,0,0,0.0356628,0,0,0.148365,0,0,0,0,0,0,0,0,0,0,0,20.2288,309.205,0,2.19717e-005,0.004509,
10,4,17,0,5.22219,0.221825,0,0,0,0.736923,0.791698,1.59075,0,0,0,8.56339,0,0,0,0,0.142364,0,0,0.0429574,0,0,0.185321,0,0,0,0,0,0,0,0,0,0,0,24.302,309.205,0,0.000128249,0.004509,
10,4,18,0,3.87039,0.221825,0,0,0,1.40685,0.809163,1.74082,0,0,0,8.04905,0,0,0,0,0.200787,0,0,0.04701,0,0,0.247797,0,0,0,0,0,0,0,0,0,0,0,27.0954,309.205,0,0.000223188,0.004509,
10,4,19,0,3.01073,0.221825,0,0,0,1.9763,0.816149,1.80085,0,0,0,7.82585,0,0,0,0,0.112143,0,0,0.0486311,0,0,0.160774,0,0,0,0,0,0,0,0,0,0,0,27.0995,309.205,0,0.000223048,0.004509,
10,4,20,0,2.27538,0.221825,0,0,0,1.89255,0.823135,1.86088,0.382647,0,0,7.45642,0,0,0,0,0.110399,0,0,0.0502522,0,0,0.160651,0,0,0,0,0,0,0,0,0,0,0,27.1058,309.205,0,0.000223161,0.004509,
10,4,21,0,1.58865,0.221825,0,0,0,1.60783,0.816149,1.80085,0.382647,0,0,6.41795,0,0,0,0,0.161756,0,0,0.0486311,0,0,0.210387,0,0,0,0,0,0,0,0,0,0,0,27.0772,309.205,0,0.000223189,0.004509,
10,4,22,0,0,0.221825,0,0,0,1.05514,0.788205,1.56074,0.382647,0,0,4.00855,0,0,0,0,0.00145535,0,0,0.042147,0,0,0.0436024,0,0,0,0,0,0,0,0,0,0,0,27.123,309.205,0,0.000222208,0.004509,
10,4,23,0,0.117094,0.221825,0,0,0,0.636433,0.763754,1.35064,0.382647,0,0,3.47239,0,0,0,0,0.0381577,0,0,0.0364733,0,0,0.074631,0,0,0,0,0,0,0,0,0,0,0,27.023,309.205,0,0.000222071,0.004509,
10,4,24,0,0.0196216,0.221825,0,0,0,0.385211,0.735811,1.11052,0,0,0,2.47299,0,0,0,0,0.00515039,0,0,0.0299892,0,0,0.0351396,0,0,0,0,0,0,0,0,0,0,0,27.0248,309.205,0,0.00022198,0.004509,
10,5,1,0,0,0.221825,0,0,0,0.318218,0.728825,1.0505,0,0,0,2.31936,0,0,0,0,0.00071573,0,0,0.0283681,0,0,0.0290838,0,0,0,0,0,0,0,0,0,0,0,27.1574,309.205,0,0.000228716,0.004509,
10,5,2,0,0,0.221825,0,0,0,0.251224,0.725332,1.02048,0,0,0,2.21886,0,0,0,0,0,0,0,0.0275576,0,0,0.0275576,0,0,0,0,0,0,0,0,0,0,0,27.0685,309.205,0,0.000227457,0.004509,
10,5,3,0,0,0.221825,0,0,0,0.28472,0.725332,1.02048,0,0,0,2.25236,0,0,0,0,0,0,0,0.0275576,0,0,0.0275576,0,0,0,0,0,0,0,0,0,0,0,26.9932,309.205,0,0.000225762,0.004509,
10,5,4,0,0,0.221825,0,0,0,0.351715,0.718346,0.960451,0,0,0,2.25234,0,0,0,0,0,0,0,0.0259366,0,0,0.0259366,0,0,0,0,0,0,0,0,0,0,0,26.9981,309.205,0,0.000226001,0.004509,
10,5,5,0,0,0.221825,0,0,0,0.519197,0.732318,1.08051,0,0,0,2.55385,0,0,0,0,0.000476637,0,0,0.0291787,0,0,0.0296553,0,0,0,0,0,0,0,0,0,0,0,27.1003,309.205,0,0.000227632,0.004509,
10,5,6,0,0,0.221825,0,0,0,0.703426,0.753275,1.26059,0,0,0,2.93912,0,0,0,0,0.0101508,0,0,0.0340418,0,0,0.0441926,0,0,0,0,0,0,0,0,0,0,0,27.2087,309.205,0,0.000229846,0.004509,
10,5,7,0,0,0.221825,0,0,0,0.686679,0.760261,1.32062,0,0,0,2.98939,0,0,0,0,0.139829,0,0,0.0356628,0,0,0.175492,0,0,0,0,0,0,0,0,0,0,0,27.1639,309.205,0,0.000229204,0.004509,
10,5,8,0,0,0.221825,0,0,0,0.56944,0.735811,1.11052,0,0,0,2.6376,0,0,0,0,0.157743,0,0,0.0299892,0,0,0.187732,0,0,0,0,0,0,0,0,0,0,0,23.3908,309.205,0,0.000130884,0.004509,
10,5,9,0,0,0.221825,0,0,0,0.4857,0.718346,0.960451,0,0,0,2.38632,0,0,0,0,0.202361,0,0,0.0259366,0,0,0.228298,0,0,0,0,0,0,0,0,0,0,0,20.0991,309.205,0,1.48015e-005,0.004509,
10,5,10,0,0,0.221825,0,0,0,0.452204,0.721839,0.990466,0,0,0,2.38633,0,0,0,0,0.0849873,0,0,0.0267471,0,0,0.111734,0,0,0,0,0,0,0,0,0,0,0,19.8495,309.205,0,2.4034e-006,0.004509,
10,5,11,0,0.714254,0.221825,0,0,0,0.418708,0.721839,0.990466,0,0,0,3.06709,0,0,0,0,0.0618114,0,0,0.0267471,0,0,0.0885585,0,0,0,0,0,0,0,0,0,0,0,19.7675,309.205,0,6.64934e-007,0.004509,
10,5,12,0,1.81418,0.221825,0,0,0,0.351715,0.718346,0.960451,0,0,0,4.06652,0,0,0,0,0.000423519,0,0,0.0259366,0,0,0.0263601,0,0,0,0,0,0,0,0,0,0,0,19.7281,309.205,0,6.12928e-007,0.004509,
10,5,13,0,2.67594,0.221825,0,0,0,0.351715,0.721839,0.990466,0,0,0,4.96178,0,0,0,0,0.117033,0,0,0.0267471,0,0,0.14378,0,0,0,0,0,0,0,0,0,0,0,19.722,309.205,0,1.1301e-006,0.004509,
10,5,14,0,3.52492,0.221825,0,0,0,0.351715,0.728825,1.0505,0,0,0,5.87778,0,0,0,0,0.235286,0,0,0.0283681,0,0,0.263654,0,0,0,0,0,0,0,0,0,0,0,19.718,309.205,0,9.90196e-007,0.004509,
10,5,15,0,4.09288,0.221825,0,0,0,0.435454,0.735811,1.11052,0,0,0,6.59649,0,0,0,0,0.0589933,0,0,0.0299892,0,0,0.0889825,0,0,0,0,0,0,0,0,0,0,0,19.7885,309.205,0,4.52138e-006,0.004509,
10,5,16,0,3.43538,0.221825,0,0,0,0.519197,0.760261,1.32062,0,0,0,6.25728,0,0,0,0,0.0762737,0,0,0.0356628,0,0,0.111936,0,0,0,0,0,0,0,0,0,0,0,20.2055,309.205,0,1.82732e-005,0.004509,
10,5,17,0,3.21613,0.221825,0,0,0,0.736923,0.791698,1.59075,0,0,0,6.55733,0,0,0,0,0.104282,0,0,0.0429574,0,0,0.147239,0,0,0,0,0,0,0,0,0,0,0,24.2638,309.205,0,0.000123133,0.004509,
10,5,18,0,2.37093,0.221825,0,0,0,1.40685,0.809163,1.74082,0,0,0,6.5496,0,0,0,0,0.115314,0,0,0.04701,0,0,0.162324,0,0,0,0,0,0,0,0,0,0,0,27.3431,309.205,0,0.000233671,0.004509,
10,5,19,0,1.802,0.221825,0,0,0,1.9763,0.816149,1.80085,0,0,0,6.61712,0,0,0,0,0.0962503,0,0,0.0486311,0,0,0.144881,0,0,0,0,0,0,0,0,0,0,0,27.3454,309.205,0,0.000233626,0.004509,
10,5,20,0,0.0663083,0.221825,0,0,0,1.89255,0.823135,1.86088,0.382647,0,0,5.24734,0,0,0,0,0.0967529,0,0,0.0502522,0,0,0.147005,0,0,0,0,0,0,0,0,0,0,0,27.3141,309.205,0,0.000232284,0.004509,
10,5,21,0,0,0.221825,0,0,0,1.60783,0.816149,1.80085,0.382647,0,0,4.8293,0,0,0,0,0.0100267,0,0,0.0486311,0,0,0.0586578,0,0,0,0,0,0,0,0,0,0,0,27.3034,309.205,0,0.000232101,0.004509,
10,5,22,0,0,0.221825,0,0,0,1.05514,0.788205,1.56074,0.382647,0,0,4.00855,0,0,0,0,0.00553236,0,0,0.042147,0,0,0.0476794,0,0,0,0,0,0,0,0,0,0,0,27.2594,309.205,0,0.000230518,0.004509,
10,5,23,0,0,0.221825,0,0,0,0.636433,0.763754,1.35064,0.382647,0,0,3.3553,0,0,0,0,0.0406257,0,0,0.0364733,0,0,0.077099,0,0,0,0,0,0,0,0,0,0,0,27.2301,309.205,0,0.000229468,0.004509,
10,5,24,0,0,0.221825,0,0,0,0.385211,0.735811,1.11052,0,0,0,2.45337,0,0,0,0,0.00124275,0,0,0.0299892,0,0,0.0312319,0,0,0,0,0,0,0,0,0,0,0,27.2098,309.205,0,0.00022939,0.004509,
10,6,1,0,0,0.221825,0,0,0,0.318218,0.728825,1.0505,0,0,0,2.31936,0,0,0,0,0,0,0,0.0283681,0,0,0.0283681,0,0,0,0,0,0,0,0,0,0,0,26.8375,309.205,0,0.000215241,0.004509,
10,6,2,0,0,0.221825,0,0,0,0.251224,0.725332,1.02048,0,0,0,2.21886,0,0,0,0,0.0016306,0,0,0.0275576,0,0,0.0291882,0,0,0,0,0,0,0,0,0,0,0,26.782,309.205,0,0.000214453,0.004509,
10,6,3,0,0,0.221825,0,0,0,0.28472,0.725332,1.02048,0,0,0,2.25236,0,0,0,0,0.000624469,0,0,0.0275576,0,0,0.0281821,0,0,0,0,0,0,0,0,0,0,0,26.7466,309.205,0,0.000214436,0.004509,
10,6,4,0,0,0.221825,0,0,0,0.351715,0.718346,0.960451,0,0,0,2.25234,0,0,0,0,0.000368983,0,0,0.0259366,0,0,0.0263056,0,0,0,0,0,0,0,0,0,0,0,26.8067,309.205,0,0.000215162,0.004509,
10,6,5,0,0,0.221825,0,0,0,0.519197,0.732318,1.08051,0,0,0,2.55385,0,0,0,0,0.0443046,0,0,0.0291787,0,0,0.0734833,0,0,0,0,0,0,0,0,0,0,0,26.85,309.205,0,0.000215947,0.004509,
10,6,6,0,0,0.221825,0,0,0,0.703426,0.753275,1.26059,0,0,0,2.93912,0,0,0,0,0.086692,0,0,0.0340418,0,0,0.120734,0,0,0,0,0,0,0,0,0,0,0,26.8549,309.205,0,0.000216045,0.004509,
10,6,7,0,0,0.221825,0,0,0,0.686679,0.760261,1.32062,0,0,0,2.98939,0,0,0,0,0.265704,0,0,0.0356628,0,0,0.301367,0,0,0,0,0,0,0,0,0,0,0,26.8519,309.205,0,0.000216139,0.004509,
10,6,8,0,0,0.221825,0,0,0,0.56944,0.735811,1.11052,0,0,0,2.6376,0,0,0,0,0.0873304,0,0,0.0299892,0,0,0.11732,0,0,0,0,0,0,0,0,0,0,0,24.0577,309.205,0,0.000129294,0.004509,
10,6,9,0,0,0.221825,0,0,0,0.4857,0.718346,0.960451,0,0,0,2.38632,0,0,0,0,0.155075,0,0,0.0259366,0,0,0.181012,0,0,0,0,0,0,0,0,0,0,0,21.4198,309.205,0,3.12661e-005,0.004509,
10,6,10,0,0,0.221825,0,0,0,0.452204,0.721839,0.990466,0,0,0,2.38633,0,0,0,0,0.145571,0,0,0.0267471,0,0,0.172318,0,0,0,0,0,0,0,0,0,0,0,20.7546,309.205,0,1.13555e-005,0.004509,
10,6,11,0,0,0.221825,0,0,0,0.418708,0.721839,0.990466,0,0,0,2.35284,0,0,0,0,0.0138907,0,0,0.0267471,0,0,0.0406378,0,0,0,0,0,0,0,0,0,0,0,20.6849,309.205,0,8.79095e-006,0.004509,
10,6,12,0,0,0.221825,0,0,0,0.351715,0.718346,0.960451,0,0,0,2.25234,0,0,0,0,0.0532264,0,0,0.0259366,0,0,0.079163,0,0,0,0,0,0,0,0,0,0,0,20.6967,309.205,0,9.15624e-006,0.004509,
10,6,13,0,0,0.221825,0,0,0,0.351715,0.721839,0.990466,0,0,0,2.28584,0,0,0,0,0.0120306,0,0,0.0267471,0,0,0.0387777,0,0,0,0,0,0,0,0,0,0,0,20.7185,309.205,0,8.98714e-006,0.004509,
10,6,14,0,0.523531,0.221825,0,0,0,0.351715,0.728825,1.0505,0,0,0,2.87639,0,0,0,0,0.0363329,0,0,0.0283681,0,0,0.064701,0,0,0,0,0,0,0,0,0,0,0,20.7869,309.205,0,1.0544e-005,0.004509,
10,6,15,0,1.90522,0.221825,0,0,0,0.435454,0.735811,1.11052,0,0,0,4.40883,0,0,0,0,0.0418438,0,0,0.0299892,0,0,0.071833,0,0,0,0,0,0,0,0,0,0,0,20.9478,309.205,0,1.39446e-005,0.004509,
10,6,16,0,2.64609,0.221825,0,0,0,0.519197,0.760261,1.32062,0,0,0,5.46799,0,0,0,0,0.0159403,0,0,0.0356628,0,0,0.0516031,0,0,0,0,0,0,0,0,0,0,0,21.7604,309.205,0,4.31564e-005,0.004509,
10,6,17,0,2.57626,0.221825,0,0,0,0.736923,0.791698,1.59075,0,0,0,5.91746,0,0,0,0,0.0329862,0,0,0.0429574,0,0,0.0759436,0,0,0,0,0,0,0,0,0,0,0,26.8574,309.205,0,0.000216397,0.004509,
10,6,18,0,2.21783,0.221825,0,0,0,1.40685,0.809163,1.74082,0,0,0,6.39649,0,0,0,0,0.0907408,0,0,0.04701,0,0,0.137751,0,0,0,0,0,0,0,0,0,0,0,26.908,309.205,0,0.000218927,0.004509,
10,6,19,0,1.97626,0.221825,0,0,0,1.9763,0.816149,1.80085,0,0,0,6.79138,0,0,0,0,0.113979,0,0,0.0486311,0,0,0.16261,0,0,0,0,0,0,0,0,0,0,0,26.9109,309.205,0,0.000218965,0.004509,
10,6,20,0,1.32303,0.221825,0,0,0,1.89255,0.823135,1.86088,0.382647,0,0,6.50407,0,0,0,0,0.0289956,0,0,0.0502522,0,0,0.0792478,0,0,0,0,0,0,0,0,0,0,0,26.8911,309.205,0,0.000217753,0.004509,
10,6,21,0,0,0.221825,0,0,0,1.60783,0.816149,1.80085,0.382647,0,0,4.8293,0,0,0,0,0.0967683,0,0,0.0486311,0,0,0.145399,0,0,0,0,0,0,0,0,0,0,0,26.8785,309.205,0,0.000217815,0.004509,
10,6,22,0,0,0.221825,0,0,0,1.05514,0.788205,1.56074,0.382647,0,0,4.00855,0,0,0,0,0.104304,0,0,0.042147,0,0,0.146451,0,0,0,0,0,0,0,0,0,0,0,26.8491,309.205,0,0.000216431,0.004509,
10,6,23,0,0,0.221825,0,0,0,0.636433,0.763754,1.35064,0.382647,0,0,3.3553,0,0,0,0,0.0977633,0,0,0.0364733,0,0,0.134237,0,0,0,0,0,0,0,0,0,0,0,26.8512,309.205,0,0.000216159,0.004509,
10,6,24,0,0,0.221825,0,0,0,0.385211,0.735811,1.11052,0,0,0,2.45337,0,0,0,0,0.0360393,0,0,0.0299892,0,0,0.0660285,0,0,0,0,0,0,0,0,0,0,0,26.8398,309.205,0,0.000215372,0.004509,
10,7,1,0,0,0.221825,0,0,0,0.318218,0.728825,1.0505,0,0,0,2.31936,0,0,0,0,0,0,0,0.0283681,0,0,0.0283681,0,0,0,0,0,0,0,0,0,0,0,26.8062,309.205,0,0.00021707,0.004509,
10,7,2,0,0,0.221825,0,0,0,0.251224,0.725332,1.02048,0,0,0,2.21886,0,0,0,0,0,0,0,0.0275576,0,0,0.0275576,0,0,0,0,0,0,0,0,0,0,0,26.7358,309.205,0,0.000215443,0.004509,
10,7,3,0,0,0.221825,0,0,0,0.28472,0.725332,1.02048,0,0,0,2.25236,0,0,0,0,0,0,0,0.0275576,0,0,0.0275576,0,0,0,0,0,0,0,0,0,0,0,26.6899,309.205,0,0.000215464,0.004509,
10,7,4,0,0,0.221825,0,0,0,0.351715,0.718346,0.960451,0,0,0,2.25234,0,0,0,0,0,0,0,0.0259366,0,0,0.0259366,0,0,0,0,0,0,0,0,0,0,0,26.7765,309.205,0,0.000216944,0.004509,
10,7,5,0,0,0.221825,0,0,0,0.519197,0.732318,1.08051,0,0,0,2.55385,0,0,0,0,0.00284525,0,0,0.0291787,0,0,0.032024,0,0,0,0,0,0,0,0,0,0,0,26.8218,309.205,0,0.000218786,0.004509,
10,7,6,0,0,0.221825,0,0,0,0.703426,0.753275,1.26059,0,0,0,2.93912,0,0,0,0,0.0175832,0,0,0.0340418,0,0,0.051625,0,0,0,0,0,0,0,0,0,0,0,26.8224,309.205,0,0.000218898,0.004509,
10,7,7,0,0,0.221825,0,0,0,0.686679,0.760261,1.32062,0,0,0,2.98939,0,0,0,0,0.077105,0,0,0.0356628,0,0,0.112768,0,0,0,0,0,0,0,0,0,0,0,26.8222,309.205,0,0.000219143,0.004509,
10,7,8,0,0,0.221825,0,0,0,0.56944,0.735811,1.11052,0,0,0,2.6376,0,0,0,0,0.555118,0,0,0.0299892,0,0,0.585107,0,0,0,0,0,0,0,0,0,0,0,22.2762,309.205,0,6.83385e-005,0.004509,
10,7,9,0,0,0.221825,0,0,0,0.4857,0.718346,0.960451,0,0,0,2.38632,0,0,0,0,0.0698363,0,0,0.0259366,0,0,0.0957729,0,0,0,0,0,0,0,0,0,0,0,19.1574,309.205,0,5.59805e-006,0.004509,
10,7,10,0,0,0.221825,0,0,0,0.452204,0.721839,0.990466,0,0,0,2.38633,0,0,0,0,0.0904519,0,0,0.0267471,0,0,0.117199,0,0,0,0,0,0,0,0,0,0,0,18.7626,309.205,0,0,0.004509,
10,7,11,0,0,0.221825,0,0,0,0.418708,0.721839,0.990466,0,0,0,2.35284,0,0,0,0,0.105466,0,0,0.0267471,0,0,0.132213,0,0,0,0,0,0,0,0,0,0,0,18.9164,309.205,0,0,0.004509,
10,7,12,0,0,0.221825,0,0,0,0.351715,0.718346,0.960451,0,0,0,2.25234,0,0,0,0,0.0158019,0,0,0.0259366,0,0,0.0417385,0,0,0,0,0,0,0,0,0,0,0,18.71,309.205,0,0,0.004509,
10,7,13,0,0.224231,0.221825,0,0,0,0.351715,0.721839,0.990466,0,0,0,2.51008,0,0,0,0,0.071976,0,0,0.0267471,0,0,0.0987231,0,0,0,0,0,0,0,0,0,0,0,18.706,309.205,0,5.17465e-007,0.004509,
10,7,14,0,1.65392,0.221825,0,0,0,0.351715,0.728825,1.0505,0,0,0,4.00678,0,0,0,0,0.363481,0,0,0.0283681,0,0,0.391849,0,0,0,0,0,0,0,0,0,0,0,18.729,309.205,0,5.8019e-007,0.004509,
10,7,15,0,3.06046,0.221825,0,0,0,0.435454,0.735811,1.11052,0,0,0,5.56407,0,0,0,0,0.130236,0,0,0.0299892,0,0,0.160225,0,0,0,0,0,0,0,0,0,0,0,18.9119,309.205,0,1.31115e-007,0.004509,
10,7,16,0,3.98299,0.221825,0,0,0,0.519197,0.760261,1.32062,0,0,0,6.80489,0,0,0,0,0.164647,0,0,0.0356628,0,0,0.20031,0,0,0,0,0,0,0,0,0,0,0,19.1663,309.205,0,7.81413e-006,0.004509,
10,7,17,0,3.90928,0.221825,0,0,0,0.736923,0.791698,1.59075,0,0,0,7.25047,0,0,0,0,0.137437,0,0,0.0429574,0,0,0.180394,0,0,0,0,0,0,0,0,0,0,0,22.8499,309.205,0,9.27819e-005,0.004509,
10,7,18,0,2.93652,0.221825,0,0,0,1.40685,0.809163,1.74082,0,0,0,7.11518,0,0,0,0,0.176994,0,0,0.04701,0,0,0.224004,0,0,0,0,0,0,0,0,0,0,0,26.8884,309.205,0,0.000221996,0.004509,
10,7,19,0,2.37943,0.221825,0,0,0,1.9763,0.816149,1.80085,0,0,0,7.19455,0,0,0,0,0.105567,0,0,0.0486311,0,0,0.154198,0,0,0,0,0,0,0,0,0,0,0,26.8892,309.205,0,0.000221894,0.004509,
10,7,20,0,1.68218,0.221825,0,0,0,1.89255,0.823135,1.86088,0.382647,0,0,6.86321,0,0,0,0,0.10264,0,0,0.0502522,0,0,0.152892,0,0,0,0,0,0,0,0,0,0,0,26.8625,309.205,0,0.000220623,0.004509,
10,7,21,0,0.708717,0.221825,0,0,0,1.60783,0.816149,1.80085,0.382647,0,0,5.53802,0,0,0,0,0.103771,0,0,0.0486311,0,0,0.152402,0,0,0,0,0,0,0,0,0,0,0,26.8603,309.205,0,0.00022067,0.004509,
10,7,22,0,0,0.221825,0,0,0,1.05514,0.788205,1.56074,0.382647,0,0,4.00855,0,0,0,0,0.0264066,0,0,0.042147,0,0,0.0685536,0,0,0,0,0,0,0,0,0,0,0,26.8211,309.205,0,0.000218872,0.004509,
10,7,23,0,0,0.221825,0,0,0,0.636433,0.763754,1.35064,0.382647,0,0,3.3553,0,0,0,0,0.0452135,0,0,0.0364733,0,0,0.0816868,0,0,0,0,0,0,0,0,0,0,0,26.8228,309.205,0,0.000218909,0.004509,
10,7,24,0,0,0.221825,0,0,0,0.385211,0.735811,1.11052,0,0,0,2.45337,0,0,0,0,0.00126232,0,0,0.0299892,0,0,0.0312515,0,0,0,0,0,0,0,0,0,0,0,26.8258,309.205,0,0.000218023,0.004509,
10,8,1,0,0,0.221825,0,0,0,0.318218,0.728825,1.0505,0,0,0,2.31936,0,0,0,0,0.00044604,0,0,0.0283681,0,0,0.0288141,0,0,0,0,0,0,0,0,0,0,0,27.2063,309.205,0,0.000227133,0.004509,
10,8,2,0,0,0.221825,0,0,0,0.251224,0.725332,1.02048,0,0,0,2.21886,0,0,0,0,0.00914563,0,0,0.0275576,0,0,0.0367032,0,0,0,0,0,0,0,0,0,0,0,27.1383,309.205,0,0.000225223,0.004509,
10,8,3,0,0,0.221825,0,0,0,0.28472,0.725332,1.02048,0,0,0,2.25236,0,0,0,0,0,0,0,0.0275576,0,0,0.0275576,0,0,0,0,0,0,0,0,0,0,0,27.1249,309.205,0,0.000225183,0.004509,
10,8,4,0,0,0.221825,0,0,0,0.351715,0.718346,0.960451,0,0,0,2.25234,0,0,0,0,0.00486372,0,0,0.0259366,0,0,0.0308003,0,0,0,0,0,0,0,0,0,0,0,27.1285,309.205,0,0.000225248,0.004509,
10,8,5,0,0,0.221825,0,0,0,0.519197,0.732318,1.08051,0,0,0,2.55385,0,0,0,0,0.0519852,0,0,0.0291787,0,0,0.0811639,0,0,0,0,0,0,0,0,0,0,0,27.1818,309.205,0,0.000225659,0.004509,
10,8,6,0,0,0.221825,0,0,0,0.703426,0.753275,1.26059,0,0,0,2.93912,0,0,0,0,0.0948845,0,0,0.0340418,0,0,0.128926,0,0,0,0,0,0,0,0,0,0,0,27.2248,309.205,0,0.000228239,0.004509,
10,8,7,0,0,0.221825,0,0,0,0.686679,0.760261,1.32062,0,0,0,2.98939,0,0,0,0,0.209964,0,0,0.0356628,0,0,0.245627,0,0,0,0,0,0,0,0,0,0,0,27.191,309.205,0,0.000226619,0.004509,
10,8,8,0,0,0.221825,0,0,0,0.56944,0.735811,1.11052,0,0,0,2.6376,0,0,0,0,0.359078,0,0,0.0299892,0,0,0.389067,0,0,0,0,0,0,0,0,0,0,0,21.7622,309.205,0,4.48882e-005,0.004509,
10,8,9,0,0,0.221825,0,0,0,0.4857,0.718346,0.960451,0,0,0,2.38632,0,0,0,0,0.180312,0,0,0.0259366,0,0,0.206249,0,0,0,0,0,0,0,0,0,0,0,18.8424,309.205,0,4.23815e-006,0.004509,
10,8,10,0,0,0.221825,0,0,0,0.452204,0.721839,0.990466,0,0,0,2.38633,0,0,0,0,0.0177425,0,0,0.0267471,0,0,0.0444896,0,0,0,0,0,0,0,0,0,0,0,18.634,309.205,0,0,0.004509,
10,8,11,0,0,0.221825,0,0,0,0.418708,0.721839,0.990466,0,0,0,2.35284,0,0,0,0,0.0146597,0,0,0.0267471,0,0,0.0414068,0,0,0,0,0,0,0,0,0,0,0,18.5647,309.205,0,0,0.004509,
10,8,12,0,0,0.221825,0,0,0,0.351715,0.718346,0.960451,0,0,0,2.25234,0,0,0,0,0.0235615,0,0,0.0259366,0,0,0.0494981,0,0,0,0,0,0,0,0,0,0,0,18.6057,309.205,0,0,0.004509,
10,8,13,0,0.258489,0.221825,0,0,0,0.351715,0.721839,0.990466,0,0,0,2.54433,0,0,0,0,0.056873,0,0,0.0267471,0,0,0.0836201,0,0,0,0,0,0,0,0,0,0,0,18.5654,309.205,0,0,0.004509,
10,8,14,0,1.42572,0.221825,0,0,0,0.351715,0.728825,1.0505,0,0,0,3.77858,0,0,0,0,0.256768,0,0,0.0283681,0,0,0.285136,0,0,0,0,0,0,0,0,0,0,0,19.0659,309.205,0,0,0.004509,
10,8,15,0,2.47222,0.221825,0,0,0,0.435454,0.735811,1.11052,0,0,0,4.97584,0,0,0,0,0.0819045,0,0,0.0299892,0,0,0.111894,0,0,0,0,0,0,0,0,0,0,0,18.6123,309.205,0,1.96636e-007,0.004509,
10,8,16,0,2.95862,0.221825,0,0,0,0.519197,0.760261,1.32062,0,0,0,5.78052,0,0,0,0,0.177252,0,0,0.0356628,0,0,0.212915,0,0,0,0,0,0,0,0,0,0,0,19.0406,309.205,0,7.30292e-006,0.004509,
10,8,17,0,2.77637,0.221825,0,0,0,0.736923,0.791698,1.59075,0,0,0,6.11756,0,0,0,0,0.0392445,0,0,0.0429574,0,0,0.0822019,0,0,0,0,0,0,0,0,0,0,0,23.3299,309.205,0,9.94563e-005,0.004509,
10,8,18,0,1.99481,0.221825,0,0,0,1.40685,0.809163,1.74082,0,0,0,6.17347,0,0,0,0,0.0725936,0,0,0.04701,0,0,0.119604,0,0,0,0,0,0,0,0,0,0,0,27.2246,309.205,0,0.000230596,0.004509,
10,8,19,0,0.576204,0.221825,0,0,0,1.9763,0.816149,1.80085,0,0,0,5.39132,0,0,0,0,0.171699,0,0,0.0486311,0,0,0.22033,0,0,0,0,0,0,0,0,0,0,0,27.231,309.205,0,0.000230548,0.004509,
10,8,20,0,0,0.221825,0,0,0,1.89255,0.823135,1.86088,0.382647,0,0,5.18104,0,0,0,0,0.0555091,0,0,0.0502522,0,0,0.105761,0,0,0,0,0,0,0,0,0,0,0,27.205,309.205,0,0.000229346,0.004509,
10,8,21,0,0,0.221825,0,0,0,1.60783,0.816149,1.80085,0.382647,0,0,4.8293,0,0,0,0,0.110016,0,0,0.0486311,0,0,0.158647,0,0,0,0,0,0,0,0,0,0,0,27.2032,309.205,0,0.000229524,0.004509,
10,8,22,0,0,0.221825,0,0,0,1.05514,0.788205,1.56074,0.382647,0,0,4.00855,0,0,0,0,0.0141549,0,0,0.042147,0,0,0.0563019,0,0,0,0,0,0,0,0,0,0,0,27.1765,309.205,0,0.000228156,0.004509,
10,8,23,0,0,0.221825,0,0,0,0.636433,0.763754,1.35064,0.382647,0,0,3.3553,0,0,0,0,0.00284802,0,0,0.0364733,0,0,0.0393213,0,0,0,0,0,0,0,0,0,0,0,27.1785,309.205,0,0.000228186,0.004509,
10,8,24,0,0,0.221825,0,0,0,0.385211,0.735811,1.11052,0,0,0,2.45337,0,0,0,0,0.0110163,0,0,0.0299892,0,0,0.0410055,0,0,0,0,0,0,0,0,0,0,0,27.0049,309.205,0,0.000224521,0.004509,
10,9,1,0,0,0.221825,0,0,0,0.318218,0.728825,1.0505,0,0,0,2.31936,0,0,0,0,0,0,0,0.0283681,0,0,0.0283681,0,0,0,0,0,0,0,0,0,0,0,27.3149,309.205,0,0.00023261,0.004509,
10,9,2,0,0,0.221825,0,0,0,0.251224,0.725332,1.02048,0,0,0,2.21886,0,0,0,0,0,0,0,0.0275576,0,0,0.0275576,0,0,0,0,0,0,0,0,0,0,0,27.1058,309.205,0,0.000229993,0.004509,
10,9,3,0,0,0.221825,0,0,0,0.28472,0.725332,1.02048,0,0,0,2.25236,0,0,0,0,0,0,0,0.0275576,0,0,0.0275576,0,0,0,0,0,0,0,0,0,0,0,27.1006,309.205,0,0.000229917,0.004509,
10,9,4,0,0,0.221825,0,0,0,0.351715,0.718346,0.960451,0,0,0,2.25234,0,0,0,0,0,0,0,0.0259366,0,0,0.0259366,0,0,0,0,0,0,0,0,0,0,0,27.3028,309.205,0,0.000231747,0.004509,
10,9,5,0,0,0.221825,0,0,0,0.519197,0.732318,1.08051,0,0,0,2.55385,0,0,0,0,0.00912111,0,0,0.0291787,0,0,0.0382998,0,0,0,0,0,0,0,0,0,0,0,27.389,309.205,0,0.000233641,0.004509,
10,9,6,0,0,0.221825,0,0,0,0.703426,0.753275,1.26059,0,0,0,2.93912,0,0,0,0,0.187502,0,0,0.0340418,0,0,0.221544,0,0,0,0,0,0,0,0,0,0,0,27.4181,309.205,0,0.000235363,0.004509,
10,9,7,0,0,0.221825,0,0,0,0.686679,0.760261,1.32062,0,0,0,2.98939,0,0,0,0,0.0851186,0,0,0.0356628,0,0,0.120781,0,0,0,0,0,0,0,0,0,0,0,27.3918,309.205,0,0.000234639,0.004509,
10,9,8,0,0,0.221825,0,0,0,0.56944,0.735811,1.11052,0,0,0,2.6376,0,0,0,0,0.089363,0,0,0.0299892,0,0,0.119352,0,0,0,0,0,0,0,0,0,0,0,23.8894,309.205,0,0.000134585,0.004509,
10,9,9,0,0,0.221825,0,0,0,0.4857,0.718346,0.960451,0,0,0,2.38632,0,0,0,0,0.0491101,0,0,0.0259366,0,0,0.0750467,0,0,0,0,0,0,0,0,0,0,0,19.8857,309.205,0,1.36415e-005,0.004509,
10,9,10,0,0,0.221825,0,0,0,0.452204,0.721839,0.990466,0,0,0,2.38633,0,0,0,0,0.0192696,0,0,0.0267471,0,0,0.0460167,0,0,0,0,0,0,0,0,0,0,0,19.5901,309.205,0,9.83282e-007,0.004509,
10,9,11,0,0,0.221825,0,0,0,0.418708,0.721839,0.990466,0,0,0,2.35284,0,0,0,0,0.00662453,0,0,0.0267471,0,0,0.0333716,0,0,0,0,0,0,0,0,0,0,0,19.5317,309.205,0,4.01113e-006,0.004509,
10,9,12,0,0,0.221825,0,0,0,0.351715,0.718346,0.960451,0,0,0,2.25234,0,0,0,0,0.0541175,0,0,0.0259366,0,0,0.0800541,0,0,0,0,0,0,0,0,0,0,0,19.5257,309.205,0,9.13808e-007,0.004509,
10,9,13,0,0,0.221825,0,0,0,0.351715,0.721839,0.990466,0,0,0,2.28584,0,0,0,0,0.021441,0,0,0.0267471,0,0,0.0481881,0,0,0,0,0,0,0,0,0,0,0,19.7326,309.205,0,1.31557e-006,0.004509,
10,9,14,0,0,0.221825,0,0,0,0.351715,0.728825,1.0505,0,0,0,2.35286,0,0,0,0,0.534066,0,0,0.0283681,0,0,0.562434,0,0,0,0,0,0,0,0,0,0,0,19.6451,309.205,0,1.53192e-006,0.004509,
10,9,15,0,0,0.221825,0,0,0,0.435454,0.735811,1.11052,0,0,0,2.50361,0,0,0,0,0.104817,0,0,0.0299892,0,0,0.134806,0,0,0,0,0,0,0,0,0,0,0,19.5184,309.205,0,1.64256e-006,0.004509,
10,9,16,0,0,0.221825,0,0,0,0.519197,0.760261,1.32062,0,0,0,2.8219,0,0,0,0,0.116422,0,0,0.0356628,0,0,0.152085,0,0,0,0,0,0,0,0,0,0,0,19.9532,309.205,0,1.45482e-005,0.004509,
10,9,17,0,0,0.221825,0,0,0,0.736923,0.791698,1.59075,0,0,0,3.3412,0,0,0,0,0.0954609,0,0,0.0429574,0,0,0.138418,0,0,0,0,0,0,0,0,0,0,0,25.6048,309.205,0,0.000169246,0.004509,
10,9,18,0,0,0.221825,0,0,0,1.40685,0.809163,1.74082,0,0,0,4.17866,0,0,0,0,0.0418731,0,0,0.04701,0,0,0.0888831,0,0,0,0,0,0,0,0,0,0,0,27.5325,309.205,0,0.000238784,0.004509,
10,9,19,0,0,0.221825,0,0,0,1.9763,0.816149,1.80085,0,0,0,4.81512,0,0,0,0,0.128643,0,0,0.0486311,0,0,0.177274,0,0,0,0,0,0,0,0,0,0,0,27.5314,309.205,0,0.00023847,0.004509,
10,9,20,0,0,0.221825,0,0,0,1.89255,0.823135,1.86088,0.382647,0,0,5.18104,0,0,0,0,0.0306612,0,0,0.0502522,0,0,0.0809134,0,0,0,0,0,0,0,0,0,0,0,27.5113,309.205,0,0.000237358,0.004509,
10,9,21,0,0,0.221825,0,0,0,1.60783,0.816149,1.80085,0.382647,0,0,4.8293,0,0,0,0,0.0886645,0,0,0.0486311,0,0,0.137296,0,0,0,0,0,0,0,0,0,0,0,27.5111,309.205,0,0.000237508,0.004509,
10,9,22,0,0,0.221825,0,0,0,1.05514,0.788205,1.56074,0.382647,0,0,4.00855,0,0,0,0,0.038824,0,0,0.042147,0,0,0.080971,0,0,0,0,0,0,0,0,0,0,0,28.3465,309.205,0,0.000235337,0.004509,
10,9,23,0,0,0.221825,0,0,0,0.636433,0.763754,1.35064,0.382647,0,0,3.3553,0,0,0,0,0.0272017,0,0,0.0364733,0,0,0.063675,0,0,0,0,0,0,0,0,0,0,0,27.4156,309.205,0,0.000234911,0.004509,
10,9,24,0,0,0.221825,0,0,0,0.385211,0.735811,1.11052,0,0,0,2.45337,0,0,0,0,0,0,0,0.0299892,0,0,0.0299892,0,0,0,0,0,0,0,0,0,0,0,27.4032,309.205,0,0.000234172,0.004509,
10,10,1,0,0,0.221825,0,0,0,0.318218,0.728825,1.0505,0,0,0,2.31936,0,0,0,0,0.000371004,0,0,0.0283681,0,0,0.0287391,0,0,0,0,0,0,0,0,0,0,0,27.3406,309.205,0,0.000230606,0.004509,
10,10,2,0,0,0.221825,0,0,0,0.251224,0.725332,1.02048,0,0,0,2.21886,0,0,0,0,0,0,0,0.0275576,0,0,0.0275576,0,0,0,0,0,0,0,0,0,0,0,27.3379,309.205,0,0.000230046,0.004509,
10,10,3,0,0,0.221825,0,0,0,0.28472,0.725332,1.02048,0,0,0,2.25236,0,0,0,0,0,0,0,0.0275576,0,0,0.0275576,0,0,0,0,0,0,0,0,0,0,0,27.3188,309.205,0,0.000229373,0.004509,
10,10,4,0,0,0.221825,0,0,0,0.351715,0.718346,0.960451,0,0,0,2.25234,0,0,0,0,0,0,0,0.0259366,0,0,0.0259366,0,0,0,0,0,0,0,0,0,0,0,27.3819,309.205,0,0.000231296,0.004509,
10,10,5,0,0,0.221825,0,0,0,0.519197,0.732318,1.08051,0,0,0,2.55385,0,0,0,0,0,0,0,0.0291787,0,0,0.0291787,0,0,0,0,0,0,0,0,0,0,0,27.4128,309.205,0,0.00023278,0.004509,
10,10,6,0,0,0.221825,0,0,0,0.703426,0.753275,1.26059,0,0,0,2.93912,0,0,0,0,0.00400032,0,0,0.0340418,0,0,0.0380421,0,0,0,0,0,0,0,0,0,0,0,27.4136,309.205,0,0.000232926,0.004509,
10,10,7,0,0,0.221825,0,0,0,0.686679,0.760261,1.32062,0,0,0,2.98939,0,0,0,0,0.0292296,0,0,0.0356628,0,0,0.0648924,0,0,0,0,0,0,0,0,0,0,0,27.4141,309.205,0,0.000233165,0.004509,
10,10,8,0,0,0.221825,0,0,0,0.56944,0.735811,1.11052,0,0,0,2.6376,0,0,0,0,0.318317,0,0,0.0299892,0,0,0.348306,0,0,0,0,0,0,0,0,0,0,0,24.186,309.205,0,0.000138538,0.004509,
10,10,9,0,0,0.221825,0,0,0,0.4857,0.718346,0.960451,0,0,0,2.38632,0,0,0,0,0.697373,0,0,0.0259366,0,0,0.72331,0,0,0,0,0,0,0,0,0,0,0,21.342,309.205,0,2.55526e-005,0.004509,
10,10,10,0,0,0.221825,0,0,0,0.452204,0.721839,0.990466,0,0,0,2.38633,0,0,0,0,0.291046,0,0,0.0267471,0,0,0.317793,0,0,0,0,0,0,0,0,0,0,0,21.2746,309.205,0,2.24187e-005,0.004509,
10,10,11,0,0,0.221825,0,0,0,0.418708,0.721839,0.990466,0,0,0,2.35284,0,0,0,0,0.137648,0,0,0.0267471,0,0,0.164395,0,0,0,0,0,0,0,0,0,0,0,21.1947,309.205,0,1.96985e-005,0.004509,
10,10,12,0,0,0.221825,0,0,0,0.351715,0.718346,0.960451,0,0,0,2.25234,0,0,0,0,0.150702,0,0,0.0259366,0,0,0.176639,0,0,0,0,0,0,0,0,0,0,0,20.0246,309.205,0,1.80184e-006,0.004509,
10,10,13,0,0,0.221825,0,0,0,0.351715,0.721839,0.990466,0,0,0,2.28584,0,0,0,0,0.343587,0,0,0.0267471,0,0,0.370334,0,0,0,0,0,0,0,0,0,0,0,21.0768,309.205,0,1.662e-005,0.004509,
10,10,14,0,0,0.221825,0,0,0,0.351715,0.728825,1.0505,0,0,0,2.35286,0,0,0,0,0.0152864,0,0,0.0283681,0,0,0.0436545,0,0,0,0,0,0,0,0,0,0,0,21.2401,309.205,0,1.84805e-005,0.004509,
10,10,15,0,0,0.221825,0,0,0,0.435454,0.735811,1.11052,0,0,0,2.50361,0,0,0,0,0.014997,0,0,0.0299892,0,0,0.0449862,0,0,0,0,0,0,0,0,0,0,0,21.3668,309.205,0,2.54608e-005,0.004509,
10,10,16,0,0,0.221825,0,0,0,0.519197,0.760261,1.32062,0,0,0,2.8219,0,0,0,0,0.0436122,0,0,0.0356628,0,0,0.079275,0,0,0,0,0,0,0,0,0,0,0,22.1455,309.205,0,4.57745e-005,0.004509,
10,10,17,0,0,0.221825,0,0,0,0.736923,0.791698,1.59075,0,0,0,3.3412,0,0,0,0,0.0152442,0,0,0.0429574,0,0,0.0582016,0,0,0,0,0,0,0,0,0,0,0,25.9639,309.205,0,0.000179964,0.004509,
10,10,18,0,0,0.221825,0,0,0,1.40685,0.809163,1.74082,0,0,0,4.17866,0,0,0,0,0.289188,0,0,0.04701,0,0,0.336198,0,0,0,0,0,0,0,0,0,0,0,27.4142,309.205,0,0.000233261,0.004509,
10,10,19,0,0,0.221825,0,0,0,1.9763,0.816149,1.80085,0,0,0,4.81512,0,0,0,0,0.128485,0,0,0.0486311,0,0,0.177116,0,0,0,0,0,0,0,0,0,0,0,27.415,309.205,0,0.000233142,0.004509,
10,10,20,0,0,0.221825,0,0,0,1.89255,0.823135,1.86088,0.382647,0,0,5.18104,0,0,0,0,0.136192,0,0,0.0502522,0,0,0.186444,0,0,0,0,0,0,0,0,0,0,0,27.4191,309.205,0,0.00023313,0.004509,
10,10,21,0,0,0.221825,0,0,0,1.60783,0.816149,1.80085,0.382647,0,0,4.8293,0,0,0,0,0.233425,0,0,0.0486311,0,0,0.282056,0,0,0,0,0,0,0,0,0,0,0,27.4135,309.205,0,0.000232988,0.004509,
10,10,22,0,0,0.221825,0,0,0,1.05514,0.788205,1.56074,0.382647,0,0,4.00855,0,0,0,0,0.126832,0,0,0.042147,0,0,0.168979,0,0,0,0,0,0,0,0,0,0,0,27.4137,309.205,0,0.000233098,0.004509,
10,10,23,0,0,0.221825,0,0,0,0.636433,0.763754,1.35064,0.382647,0,0,3.3553,0,0,0,0,0.0923226,0,0,0.0364733,0,0,0.128796,0,0,0,0,0,0,0,0,0,0,0,27.4151,309.205,0,0.000233117,0.004509,
10,10,24,0,0,0.221825,0,0,0,0.385211,0.735811,1.11052,0,0,0,2.45337,0,0,0,0,0.00537485,0,0,0.0299892,0,0,0.0353641,0,0,0,0,0,0,0,0,0,0,0,27.383,309.205,0,0.000232685,0.004509,
10,11,1,0,0,0.221825,0,0,0,0.318218,0.728825,1.0505,0,0,0,2.31936,0,0,0,0,0.000405703,0,0,0.0283681,0,0,0.0287738,0,0,0,0,0,0,0,0,0,0,0,27.3384,309.205,0,0.000235684,0.004509,
10,11,2,0,0,0.221825,0,0,0,0.251224,0.725332,1.02048,0,0,0,2.21886,0,0,0,0,0.00992026,0,0,0.0275576,0,0,0.0374779,0,0,0,0,0,0,0,0,0,0,0,27.3171,309.205,0,0.000235393,0.004509,
10,11,3,0,0,0.221825,0,0,0,0.28472,0.725332,1.02048,0,0,0,2.25236,0,0,0,0,0,0,0,0.0275576,0,0,0.0275576,0,0,0,0,0,0,0,0,0,0,0,27.3166,309.205,0,0.00023624,0.004509,
10,11,4,0,0,0.221825,0,0,0,0.351715,0.718346,0.960451,0,0,0,2.25234,0,0,0,0,0,0,0,0.0259366,0,0,0.0259366,0,0,0,0,0,0,0,0,0,0,0,27.4375,309.205,0,0.000239374,0.004509,
10,11,5,0,0,0.221825,0,0,0,0.519197,0.732318,1.08051,0,0,0,2.55385,0,0,0,0,0,0,0,0.0291787,0,0,0.0291787,0,0,0,0,0,0,0,0,0,0,0,27.4866,309.205,0,0.00023943,0.004509,
10,11,6,0,0,0.221825,0,0,0,0.703426,0.753275,1.26059,0,0,0,2.93912,0,0,0,0,0.0133347,0,0,0.0340418,0,0,0.0473765,0,0,0,0,0,0,0,0,0,0,0,27.4875,309.205,0,0.000239526,0.004509,
10,11,7,0,0,0.221825,0,0,0,0.686679,0.760261,1.32062,0,0,0,2.98939,0,0,0,0,0.164687,0,0,0.0356628,0,0,0.20035,0,0,0,0,0,0,0,0,0,0,0,27.4866,309.205,0,0.000239719,0.004509,
10,11,8,0,0,0.221825,0,0,0,0.56944,0.735811,1.11052,0,0,0,2.6376,0,0,0,0,0.0353306,0,0,0.0299892,0,0,0.0653198,0,0,0,0,0,0,0,0,0,0,0,24.5756,309.205,0,0.000152062,0.004509,
10,11,9,0,0,0.221825,0,0,0,0.4857,0.718346,0.960451,0,0,0,2.38632,0,0,0,0,0.277547,0,0,0.0259366,0,0,0.303484,0,0,0,0,0,0,0,0,0,0,0,21.4373,309.205,0,3.4672e-005,0.004509,
10,11,10,0,0,0.221825,0,0,0,0.452204,0.721839,0.990466,0,0,0,2.38633,0,0,0,0,0.438027,0,0,0.0267471,0,0,0.464774,0,0,0,0,0,0,0,0,0,0,0,20.9353,309.205,0,2.19015e-005,0.004509,
10,11,11,0,0,0.221825,0,0,0,0.418708,0.721839,0.990466,0,0,0,2.35284,0,0,0,0,0.482597,0,0,0.0267471,0,0,0.509344,0,0,0,0,0,0,0,0,0,0,0,20.8777,309.205,0,2.22419e-005,0.004509,
10,11,12,0,0,0.221825,0,0,0,0.351715,0.718346,0.960451,0,0,0,2.25234,0,0,0,0,0.112142,0,0,0.0259366,0,0,0.138079,0,0,0,0,0,0,0,0,0,0,0,20.847,309.205,0,2.15098e-005,0.004509,
10,11,13,0,0,0.221825,0,0,0,0.351715,0.721839,0.990466,0,0,0,2.28584,0,0,0,0,0.248769,0,0,0.0267471,0,0,0.275516,0,0,0,0,0,0,0,0,0,0,0,20.8702,309.205,0,2.14824e-005,0.004509,
10,11,14,0,0,0.221825,0,0,0,0.351715,0.728825,1.0505,0,0,0,2.35286,0,0,0,0,0.079378,0,0,0.0283681,0,0,0.107746,0,0,0,0,0,0,0,0,0,0,0,20.8783,309.205,0,2.22183e-005,0.004509,
10,11,15,0,0,0.221825,0,0,0,0.435454,0.735811,1.11052,0,0,0,2.50361,0,0,0,0,0.0633279,0,0,0.0299892,0,0,0.0933171,0,0,0,0,0,0,0,0,0,0,0,20.9026,309.205,0,2.33139e-005,0.004509,
10,11,16,0,0,0.221825,0,0,0,0.519197,0.760261,1.32062,0,0,0,2.8219,0,0,0,0,0.148166,0,0,0.0356628,0,0,0.183829,0,0,0,0,0,0,0,0,0,0,0,21.5581,309.205,0,4.12683e-005,0.004509,
10,11,17,0,0,0.221825,0,0,0,0.736923,0.791698,1.59075,0,0,0,3.3412,0,0,0,0,0.161908,0,0,0.0429574,0,0,0.204865,0,0,0,0,0,0,0,0,0,0,0,24.8814,309.205,0,0.000156738,0.004509,
10,11,18,0,0,0.221825,0,0,0,1.40685,0.809163,1.74082,0,0,0,4.17866,0,0,0,0,0.13308,0,0,0.04701,0,0,0.18009,0,0,0,0,0,0,0,0,0,0,0,27.4108,309.205,0,0.000239871,0.004509,
10,11,19,0,0,0.221825,0,0,0,1.9763,0.816149,1.80085,0,0,0,4.81512,0,0,0,0,0.0907894,0,0,0.0486311,0,0,0.13942,0,0,0,0,0,0,0,0,0,0,0,27.4119,309.205,0,0.000239807,0.004509,
10,11,20,0,0,0.221825,0,0,0,1.89255,0.823135,1.86088,0.382647,0,0,5.18104,0,0,0,0,0.0941024,0,0,0.0502522,0,0,0.144355,0,0,0,0,0,0,0,0,0,0,0,27.4134,309.205,0,0.000239772,0.004509,
10,11,21,0,0,0.221825,0,0,0,1.60783,0.816149,1.80085,0.382647,0,0,4.8293,0,0,0,0,0.200555,0,0,0.0486311,0,0,0.249186,0,0,0,0,0,0,0,0,0,0,0,27.4119,309.205,0,0.000239816,0.004509,
10,11,22,0,0,0.221825,0,0,0,1.05514,0.788205,1.56074,0.382647,0,0,4.00855,0,0,0,0,0.0259841,0,0,0.042147,0,0,0.0681311,0,0,0,0,0,0,0,0,0,0,0,27.4103,309.205,0,0.000239773,0.004509,
10,11,23,0,0,0.221825,0,0,0,0.636433,0.763754,1.35064,0.382647,0,0,3.3553,0,0,0,0,0.0164204,0,0,0.0364733,0,0,0.0528937,0,0,0,0,0,0,0,0,0,0,0,27.3949,309.205,0,0.00023912,0.004509,
10,11,24,0,0,0.221825,0,0,0,0.385211,0.735811,1.11052,0,0,0,2.45337,0,0,0,0,0.0572458,0,0,0.0299892,0,0,0.087235,0,0,0,0,0,0,0,0,0,0,0,27.353,309.205,0,0.000237934,0.004509,
10,12,1,0,0,0.221825,0,0,0,0.318218,0.728825,1.0505,0,0,0,2.31936,0,0,0,0,0.0300232,0,0,0.0283681,0,0,0.0583913,0,0,0,0,0,0,0,0,0,0,0,27.026,309.205,0,0.000228369,0.004509,
10,12,2,0,0,0.221825,0,0,0,0.251224,0.725332,1.02048,0,0,0,2.21886,0,0,0,0,0.0153905,0,0,0.0275576,0,0,0.0429481,0,0,0,0,0,0,0,0,0,0,0,27.016,309.205,0,0.000228482,0.004509,
10,12,3,0,0,0.221825,0,0,0,0.28472,0.725332,1.02048,0,0,0,2.25236,0,0,0,0,0.00109363,0,0,0.0275576,0,0,0.0286512,0,0,0,0,0,0,0,0,0,0,0,27.0354,309.205,0,0.00022837,0.004509,
10,12,4,0,0,0.221825,0,0,0,0.351715,0.718346,0.960451,0,0,0,2.25234,0,0,0,0,0.000729951,0,0,0.0259366,0,0,0.0266666,0,0,0,0,0,0,0,0,0,0,0,27.1656,309.205,0,0.000234918,0.004509,
10,12,5,0,0,0.221825,0,0,0,0.519197,0.732318,1.08051,0,0,0,2.55385,0,0,0,0,0.06174,0,0,0.0291787,0,0,0.0909187,0,0,0,0,0,0,0,0,0,0,0,27.4411,309.205,0,0.000242086,0.004509,
10,12,6,0,0,0.221825,0,0,0,0.703426,0.753275,1.26059,0,0,0,2.93912,0,0,0,0,0.0355519,0,0,0.0340418,0,0,0.0695937,0,0,0,0,0,0,0,0,0,0,0,27.5075,309.205,0,0.000244659,0.004509,
10,12,7,0,0,0.221825,0,0,0,0.686679,0.760261,1.32062,0,0,0,2.98939,0,0,0,0,0.138309,0,0,0.0356628,0,0,0.173972,0,0,0,0,0,0,0,0,0,0,0,27.4285,309.205,0,0.000241534,0.004509,
10,12,8,0,0,0.221825,0,0,0,0.56944,0.735811,1.11052,0,0,0,2.6376,0,0,0,0,0.0152092,0,0,0.0299892,0,0,0.0451984,0,0,0,0,0,0,0,0,0,0,0,24.5541,309.205,0,0.000169576,0.004509,
10,12,9,0,0,0.221825,0,0,0,0.4857,0.718346,0.960451,0,0,0,2.38632,0,0,0,0,0.445425,0,0,0.0259366,0,0,0.471362,0,0,0,0,0,0,0,0,0,0,0,24.0774,309.205,0,0.000148337,0.004509,
10,12,10,0,0,0.221825,0,0,0,0.452204,0.721839,0.990466,0,0,0,2.38633,0,0,0,0,0.230648,0,0,0.0267471,0,0,0.257395,0,0,0,0,0,0,0,0,0,0,0,24.0693,309.205,0,0.000145682,0.004509,
10,12,11,0,0,0.221825,0,0,0,0.418708,0.721839,0.990466,0,0,0,2.35284,0,0,0,0,0.306499,0,0,0.0267471,0,0,0.333246,0,0,0,0,0,0,0,0,0,0,0,24.0784,309.205,0,0.000143557,0.004509,
10,12,12,0,0,0.221825,0,0,0,0.351715,0.718346,0.960451,0,0,0,2.25234,0,0,0,0,0.184597,0,0,0.0259366,0,0,0.210534,0,0,0,0,0,0,0,0,0,0,0,24.0759,309.205,0,0.000144647,0.004509,
10,12,13,0,0,0.221825,0,0,0,0.351715,0.721839,0.990466,0,0,0,2.28584,0,0,0,0,0.034087,0,0,0.0267471,0,0,0.0608341,0,0,0,0,0,0,0,0,0,0,0,24.0685,309.205,0,0.000147423,0.004509,
10,12,14,0,0,0.221825,0,0,0,0.351715,0.728825,1.0505,0,0,0,2.35286,0,0,0,0,0.0989172,0,0,0.0283681,0,0,0.127285,0,0,0,0,0,0,0,0,0,0,0,24.0621,309.205,0,0.000157294,0.004509,
10,12,15,0,0,0.221825,0,0,0,0.435454,0.735811,1.11052,0,0,0,2.50361,0,0,0,0,0.0422949,0,0,0.0299892,0,0,0.0722841,0,0,0,0,0,0,0,0,0,0,0,24.1226,309.205,0,0.000150763,0.004509,
10,12,16,0,0,0.221825,0,0,0,0.519197,0.760261,1.32062,0,0,0,2.8219,0,0,0,0,0.123766,0,0,0.0356628,0,0,0.159429,0,0,0,0,0,0,0,0,0,0,0,24.3857,309.205,0,0.00015244,0.004509,
10,12,17,0,0,0.221825,0,0,0,0.736923,0.791698,1.59075,0,0,0,3.3412,0,0,0,0,0.0128542,0,0,0.0429574,0,0,0.0558116,0,0,0,0,0,0,0,0,0,0,0,26.2323,309.205,0,0.000206202,0.004509,
10,12,18,0,0,0.221825,0,0,0,1.40685,0.809163,1.74082,0,0,0,4.17866,0,0,0,0,0.19905,0,0,0.04701,0,0,0.24606,0,0,0,0,0,0,0,0,0,0,0,27.5079,309.205,0,0.000245551,0.004509,
10,12,19,0,0,0.221825,0,0,0,1.9763,0.816149,1.80085,0,0,0,4.81512,0,0,0,0,0.106118,0,0,0.0486311,0,0,0.154749,0,0,0,0,0,0,0,0,0,0,0,27.5089,309.205,0,0.000245547,0.004509,
10,12,20,0,0,0.221825,0,0,0,1.89255,0.823135,1.86088,0.382647,0,0,5.18104,0,0,0,0,0.0317369,0,0,0.0502522,0,0,0.0819891,0,0,0,0,0,0,0,0,0,0,0,27.5104,309.205,0,0.000245627,0.004509,
10,12,21,0,0,0.221825,0,0,0,1.60783,0.816149,1.80085,0.382647,0,0,4.8293,0,0,0,0,0.192307,0,0,0.0486311,0,0,0.240938,0,0,0,0,0,0,0,0,0,0,0,27.511,309.205,0,0.00024568,0.004509,
10,12,22,0,0,0.221825,0,0,0,1.05514,0.788205,1.56074,0.382647,0,0,4.00855,0,0,0,0,0.212713,0,0,0.042147,0,0,0.25486,0,0,0,0,0,0,0,0,0,0,0,27.4736,309.205,0,0.000244355,0.004509,
10,12,23,0,0,0.221825,0,0,0,0.636433,0.763754,1.35064,0.382647,0,0,3.3553,0,0,0,0,0.079132,0,0,0.0364733,0,0,0.115605,0,0,0,0,0,0,0,0,0,0,0,27.4623,309.205,0,0.000243399,0.004509,
10,12,24,0,0,0.221825,0,0,0,0.385211,0.735811,1.11052,0,0,0,2.45337,0,0,0,0,0.00156097,0,0,0.0299892,0,0,0.0315502,0,0,0,0,0,0,0,0,0,0,0,27.4486,309.205,0,0.000242097,0.004509,
10,13,1,0,0,0.221825,0,0,0,0.318218,0.728825,1.0505,0,0,0,2.31936,0,0,0,0,0.000343002,0,0,0.0283681,0,0,0.0287111,0,0,0,0,0,0,0,0,0,0,0,26.5985,309.205,0,0.000212839,0.004509,
10,13,2,0,0,0.221825,0,0,0,0.251224,0.725332,1.02048,0,0,0,2.21886,0,0,0,0,0.0101106,0,0,0.0275576,0,0,0.0376682,0,0,0,0,0,0,0,0,0,0,0,26.4105,309.205,0,0.000207403,0.004509,
10,13,3,0,0,0.221825,0,0,0,0.28472,0.725332,1.02048,0,0,0,2.25236,0,0,0,0,0,0,0,0.0275576,0,0,0.0275576,0,0,0,0,0,0,0,0,0,0,0,26.3423,309.205,0,0.000205755,0.004509,
10,13,4,0,0,0.221825,0,0,0,0.351715,0.718346,0.960451,0,0,0,2.25234,0,0,0,0,0.000381139,0,0,0.0259366,0,0,0.0263177,0,0,0,0,0,0,0,0,0,0,0,26.5199,309.205,0,0.000209104,0.004509,
10,13,5,0,0,0.221825,0,0,0,0.519197,0.732318,1.08051,0,0,0,2.55385,0,0,0,0,0.0553151,0,0,0.0291787,0,0,0.0844938,0,0,0,0,0,0,0,0,0,0,0,26.7384,309.205,0,0.000216618,0.004509,
10,13,6,0,0,0.221825,0,0,0,0.703426,0.753275,1.26059,0,0,0,2.93912,0,0,0,0,0.0983991,0,0,0.0340418,0,0,0.132441,0,0,0,0,0,0,0,0,0,0,0,26.8239,309.205,0,0.000217422,0.004509,
10,13,7,0,0,0.221825,0,0,0,0.686679,0.760261,1.32062,0,0,0,2.98939,0,0,0,0,0.127815,0,0,0.0356628,0,0,0.163478,0,0,0,0,0,0,0,0,0,0,0,26.8212,309.205,0,0.000217109,0.004509,
10,13,8,0,0,0.221825,0,0,0,0.56944,0.735811,1.11052,0,0,0,2.6376,0,0,0,0,0.0554473,0,0,0.0299892,0,0,0.0854365,0,0,0,0,0,0,0,0,0,0,0,24.0919,309.205,0,0.000157558,0.004509,
10,13,9,0,0,0.221825,0,0,0,0.4857,0.718346,0.960451,0,0,0,2.38632,0,0,0,0,0.493758,0,0,0.0259366,0,0,0.519695,0,0,0,0,0,0,0,0,0,0,0,23.0902,309.205,0,0.000114982,0.004509,
10,13,10,0,0,0.221825,0,0,0,0.452204,0.721839,0.990466,0,0,0,2.38633,0,0,0,0,0.141789,0,0,0.0267471,0,0,0.168536,0,0,0,0,0,0,0,0,0,0,0,22.9111,309.205,0,9.76592e-005,0.004509,
10,13,11,0,0,0.221825,0,0,0,0.418708,0.721839,0.990466,0,0,0,2.35284,0,0,0,0,0.0330605,0,0,0.0267471,0,0,0.0598076,0,0,0,0,0,0,0,0,0,0,0,22.9047,309.205,0,9.53632e-005,0.004509,
10,13,12,0,0,0.221825,0,0,0,0.351715,0.718346,0.960451,0,0,0,2.25234,0,0,0,0,0.0395878,0,0,0.0259366,0,0,0.0655244,0,0,0,0,0,0,0,0,0,0,0,22.8914,309.205,0,9.59901e-005,0.004509,
10,13,13,0,0,0.221825,0,0,0,0.351715,0.721839,0.990466,0,0,0,2.28584,0,0,0,0,0.0119801,0,0,0.0267471,0,0,0.0387272,0,0,0,0,0,0,0,0,0,0,0,22.8898,309.205,0,9.61735e-005,0.004509,
10,13,14,0,0,0.221825,0,0,0,0.351715,0.728825,1.0505,0,0,0,2.35286,0,0,0,0,0.0149613,0,0,0.0283681,0,0,0.0433294,0,0,0,0,0,0,0,0,0,0,0,22.9255,309.205,0,9.72154e-005,0.004509,
10,13,15,0,0,0.221825,0,0,0,0.435454,0.735811,1.11052,0,0,0,2.50361,0,0,0,0,0.00752643,0,0,0.0299892,0,0,0.0375156,0,0,0,0,0,0,0,0,0,0,0,23.0356,309.205,0,9.87015e-005,0.004509,
10,13,16,0,0,0.221825,0,0,0,0.519197,0.760261,1.32062,0,0,0,2.8219,0,0,0,0,0.0634612,0,0,0.0356628,0,0,0.099124,0,0,0,0,0,0,0,0,0,0,0,23.492,309.205,0,0.000113745,0.004509,
10,13,17,0,0,0.221825,0,0,0,0.736923,0.791698,1.59075,0,0,0,3.3412,0,0,0,0,0.0114386,0,0,0.0429574,0,0,0.054396,0,0,0,0,0,0,0,0,0,0,0,25.8861,309.205,0,0.00020718,0.004509,
10,13,18,0,0,0.221825,0,0,0,1.40685,0.809163,1.74082,0,0,0,4.17866,0,0,0,0,0.0635331,0,0,0.04701,0,0,0.110543,0,0,0,0,0,0,0,0,0,0,0,26.9008,309.205,0,0.000222182,0.004509,
10,13,19,0,0,0.221825,0,0,0,1.9763,0.816149,1.80085,0,0,0,4.81512,0,0,0,0,0.00752846,0,0,0.0486311,0,0,0.0561596,0,0,0,0,0,0,0,0,0,0,0,26.9027,309.205,0,0.000222156,0.004509,
10,13,20,0,0,0.221825,0,0,0,1.89255,0.823135,1.86088,0.382647,0,0,5.18104,0,0,0,0,0.0555858,0,0,0.0502522,0,0,0.105838,0,0,0,0,0,0,0,0,0,0,0,26.8825,309.205,0,0.000221024,0.004509,
10,13,21,0,0,0.221825,0,0,0,1.60783,0.816149,1.80085,0.382647,0,0,4.8293,0,0,0,0,0.0726437,0,0,0.0486311,0,0,0.121275,0,0,0,0,0,0,0,0,0,0,0,26.8851,309.205,0,0.000221205,0.004509,
10,13,22,0,0,0.221825,0,0,0,1.05514,0.788205,1.56074,0.382647,0,0,4.00855,0,0,0,0,0.0319923,0,0,0.042147,0,0,0.0741393,0,0,0,0,0,0,0,0,0,0,0,26.8562,309.205,0,0.000219797,0.004509,
10,13,23,0,0,0.221825,0,0,0,0.636433,0.763754,1.35064,0.382647,0,0,3.3553,0,0,0,0,0.0315982,0,0,0.0364733,0,0,0.0680715,0,0,0,0,0,0,0,0,0,0,0,26.8544,309.205,0,0.000217746,0.004509,
10,13,24,0,0,0.221825,0,0,0,0.385211,0.735811,1.11052,0,0,0,2.45337,0,0,0,0,0.0015749,0,0,0.0299892,0,0,0.0315641,0,0,0,0,0,0,0,0,0,0,0,26.8468,309.205,0,0.000217396,0.004509,
10,14,1,0,0,0.221825,0,0,0,0.318218,0.728825,1.0505,0,0,0,2.31936,0,0,0,0,0.000755745,0,0,0.0283681,0,0,0.0291238,0,0,0,0,0,0,0,0,0,0,0,26.7678,309.205,0,0.000215003,0.004509,
10,14,2,0,0,0.221825,0,0,0,0.251224,0.725332,1.02048,0,0,0,2.21886,0,0,0,0,0.010043,0,0,0.0275576,0,0,0.0376006,0,0,0,0,0,0,0,0,0,0,0,26.7705,309.205,0,0.000215199,0.004509,
10,14,3,0,0,0.221825,0,0,0,0.28472,0.725332,1.02048,0,0,0,2.25236,0,0,0,0,0,0,0,0.0275576,0,0,0.0275576,0,0,0,0,0,0,0,0,0,0,0,26.7813,309.205,0,0.000215462,0.004509,
10,14,4,0,0,0.221825,0,0,0,0.351715,0.718346,0.960451,0,0,0,2.25234,0,0,0,0,0,0,0,0.0259366,0,0,0.0259366,0,0,0,0,0,0,0,0,0,0,0,26.8138,309.205,0,0.000215589,0.004509,
10,14,5,0,0,0.221825,0,0,0,0.519197,0.732318,1.08051,0,0,0,2.55385,0,0,0,0,0,0,0,0.0291787,0,0,0.0291787,0,0,0,0,0,0,0,0,0,0,0,26.8349,309.205,0,0.000215939,0.004509,
10,14,6,0,0,0.221825,0,0,0,0.703426,0.753275,1.26059,0,0,0,2.93912,0,0,0,0,0.104085,0,0,0.0340418,0,0,0.138127,0,0,0,0,0,0,0,0,0,0,0,26.929,309.205,0,0.000217857,0.004509,
10,14,7,0,0,0.221825,0,0,0,0.686679,0.760261,1.32062,0,0,0,2.98939,0,0,0,0,0.157772,0,0,0.0356628,0,0,0.193435,0,0,0,0,0,0,0,0,0,0,0,26.9184,309.205,0,0.000218046,0.004509,
10,14,8,0,0,0.221825,0,0,0,0.56944,0.735811,1.11052,0,0,0,2.6376,0,0,0,0,0.234076,0,0,0.0299892,0,0,0.264065,0,0,0,0,0,0,0,0,0,0,0,23.839,309.205,0,0.000115937,0.004509,
10,14,9,0,0,0.221825,0,0,0,0.4857,0.718346,0.960451,0,0,0,2.38632,0,0,0,0,0.354538,0,0,0.0259366,0,0,0.380475,0,0,0,0,0,0,0,0,0,0,0,18.8265,309.205,0,2.34535e-006,0.004509,
10,14,10,0,0,0.221825,0,0,0,0.452204,0.721839,0.990466,0,0,0,2.38633,0,0,0,0,0.104724,0,0,0.0267471,0,0,0.131471,0,0,0,0,0,0,0,0,0,0,0,18.4725,309.205,0,0,0.004509,
10,14,11,0,0,0.221825,0,0,0,0.418708,0.721839,0.990466,0,0,0,2.35284,0,0,0,0,0.0859454,0,0,0.0267471,0,0,0.112693,0,0,0,0,0,0,0,0,0,0,0,18.4161,309.205,0,0,0.004509,
10,14,12,0,0,0.221825,0,0,0,0.351715,0.718346,0.960451,0,0,0,2.25234,0,0,0,0,0.0124004,0,0,0.0259366,0,0,0.038337,0,0,0,0,0,0,0,0,0,0,0,18.681,309.205,0,0,0.004509,
10,14,13,0,0,0.221825,0,0,0,0.351715,0.721839,0.990466,0,0,0,2.28584,0,0,0,0,0.0223584,0,0,0.0267471,0,0,0.0491055,0,0,0,0,0,0,0,0,0,0,0,18.4687,309.205,0,0,0.004509,
10,14,14,0,0,0.221825,0,0,0,0.351715,0.728825,1.0505,0,0,0,2.35286,0,0,0,0,0.030663,0,0,0.0283681,0,0,0.0590311,0,0,0,0,0,0,0,0,0,0,0,18.4443,309.205,0,0,0.004509,
10,14,15,0,0,0.221825,0,0,0,0.435454,0.735811,1.11052,0,0,0,2.50361,0,0,0,0,0.017532,0,0,0.0299892,0,0,0.0475212,0,0,0,0,0,0,0,0,0,0,0,18.4587,309.205,0,0,0.004509,
10,14,16,0,0,0.221825,0,0,0,0.519197,0.760261,1.32062,0,0,0,2.8219,0,0,0,0,0.149318,0,0,0.0356628,0,0,0.184981,0,0,0,0,0,0,0,0,0,0,0,19.1382,309.205,0,6.00639e-006,0.004509,
10,14,17,0,0,0.221825,0,0,0,0.736923,0.791698,1.59075,0,0,0,3.3412,0,0,0,0,0.00688074,0,0,0.0429574,0,0,0.0498381,0,0,0,0,0,0,0,0,0,0,0,24.2775,309.205,0,0.000119699,0.004509,
10,14,18,0,0,0.221825,0,0,0,1.40685,0.809163,1.74082,0,0,0,4.17866,0,0,0,0,0.167314,0,0,0.04701,0,0,0.214324,0,0,0,0,0,0,0,0,0,0,0,27.0032,309.205,0,0.00022195,0.004509,
10,14,19,0,0,0.221825,0,0,0,1.9763,0.816149,1.80085,0,0,0,4.81512,0,0,0,0,0.0255586,0,0,0.0486311,0,0,0.0741897,0,0,0,0,0,0,0,0,0,0,0,27.0043,309.205,0,0.000221871,0.004509,
10,14,20,0,0,0.221825,0,0,0,1.89255,0.823135,1.86088,0.382647,0,0,5.18104,0,0,0,0,0.141966,0,0,0.0502522,0,0,0.192218,0,0,0,0,0,0,0,0,0,0,0,26.987,309.205,0,0.000220883,0.004509,
10,14,21,0,0,0.221825,0,0,0,1.60783,0.816149,1.80085,0.382647,0,0,4.8293,0,0,0,0,0.0669223,0,0,0.0486311,0,0,0.115553,0,0,0,0,0,0,0,0,0,0,0,26.9852,309.205,0,0.00022063,0.004509,
10,14,22,0,0,0.221825,0,0,0,1.05514,0.788205,1.56074,0.382647,0,0,4.00855,0,0,0,0,0.00702256,0,0,0.042147,0,0,0.0491696,0,0,0,0,0,0,0,0,0,0,0,26.9553,309.205,0,0.000219291,0.004509,
10,14,23,0,0,0.221825,0,0,0,0.636433,0.763754,1.35064,0.382647,0,0,3.3553,0,0,0,0,0.0259906,0,0,0.0364733,0,0,0.0624639,0,0,0,0,0,0,0,0,0,0,0,26.8977,309.205,0,0.00021732,0.004509,
10,14,24,0,0,0.221825,0,0,0,0.385211,0.735811,1.11052,0,0,0,2.45337,0,0,0,0,0.00214091,0,0,0.0299892,0,0,0.0321301,0,0,0,0,0,0,0,0,0,0,0,26.7856,309.205,0,0.000214288,0.004509,
10,15,1,0,0,0.221825,0,0,0,0.318218,0.728825,1.0505,0,0,0,2.31936,0,0,0,0,0.0273057,0,0,0.0283681,0,0,0.0556738,0,0,0,0,0,0,0,0,0,0,0,26.7998,309.205,0,0.000217787,0.004509,
10,15,2,0,0,0.221825,0,0,0,0.251224,0.725332,1.02048,0,0,0,2.21886,0,0,0,0,0.0142145,0,0,0.0275576,0,0,0.0417721,0,0,0,0,0,0,0,0,0,0,0,26.7537,309.205,0,0.000216665,0.004509,
10,15,3,0,0,0.221825,0,0,0,0.28472,0.725332,1.02048,0,0,0,2.25236,0,0,0,0,0.000358256,0,0,0.0275576,0,0,0.0279159,0,0,0,0,0,0,0,0,0,0,0,26.6823,309.205,0,0.000215854,0.004509,
10,15,4,0,0,0.221825,0,0,0,0.351715,0.718346,0.960451,0,0,0,2.25234,0,0,0,0,0,0,0,0.0259366,0,0,0.0259366,0,0,0,0,0,0,0,0,0,0,0,26.683,309.205,0,0.000215767,0.004509,
10,15,5,0,0,0.221825,0,0,0,0.519197,0.732318,1.08051,0,0,0,2.55385,0,0,0,0,0.00299469,0,0,0.0291787,0,0,0.0321734,0,0,0,0,0,0,0,0,0,0,0,26.7172,309.205,0,0.000216751,0.004509,
10,15,6,0,0,0.221825,0,0,0,0.703426,0.753275,1.26059,0,0,0,2.93912,0,0,0,0,0.0160479,0,0,0.0340418,0,0,0.0500897,0,0,0,0,0,0,0,0,0,0,0,26.7935,309.205,0,0.000219017,0.004509,
10,15,7,0,0,0.221825,0,0,0,0.686679,0.760261,1.32062,0,0,0,2.98939,0,0,0,0,0.43671,0,0,0.0356628,0,0,0.472373,0,0,0,0,0,0,0,0,0,0,0,26.8318,309.205,0,0.000220419,0.004509,
10,15,8,0,0,0.221825,0,0,0,0.56944,0.735811,1.11052,0,0,0,2.6376,0,0,0,0,0.720742,0,0,0.0299892,0,0,0.750731,0,0,0,0,0,0,0,0,0,0,0,23.8792,309.205,0,0.00012264,0.004509,
10,15,9,0,0,0.221825,0,0,0,0.4857,0.718346,0.960451,0,0,0,2.38632,0,0,0,0,0.0414825,0,0,0.0259366,0,0,0.0674191,0,0,0,0,0,0,0,0,0,0,0,19.8309,309.205,0,6.06544e-006,0.004509,
10,15,10,0,0,0.221825,0,0,0,0.452204,0.721839,0.990466,0,0,0,2.38633,0,0,0,0,0.0814038,0,0,0.0267471,0,0,0.108151,0,0,0,0,0,0,0,0,0,0,0,19.6042,309.205,0,3.56088e-007,0.004509,
10,15,11,0,0,0.221825,0,0,0,0.418708,0.721839,0.990466,0,0,0,2.35284,0,0,0,0,0.144898,0,0,0.0267471,0,0,0.171645,0,0,0,0,0,0,0,0,0,0,0,19.5267,309.205,0,3.33473e-007,0.004509,
10,15,12,0,0,0.221825,0,0,0,0.351715,0.718346,0.960451,0,0,0,2.25234,0,0,0,0,0.0472841,0,0,0.0259366,0,0,0.0732207,0,0,0,0,0,0,0,0,0,0,0,19.4923,309.205,0,3.44118e-007,0.004509,
10,15,13,0,0,0.221825,0,0,0,0.351715,0.721839,0.990466,0,0,0,2.28584,0,0,0,0,0.0539127,0,0,0.0267471,0,0,0.0806598,0,0,0,0,0,0,0,0,0,0,0,19.4378,309.205,0,3.49425e-007,0.004509,
10,15,14,0,0,0.221825,0,0,0,0.351715,0.728825,1.0505,0,0,0,2.35286,0,0,0,0,0.0658177,0,0,0.0283681,0,0,0.0941858,0,0,0,0,0,0,0,0,0,0,0,19.4459,309.205,0,6.60045e-007,0.004509,
10,15,15,0,0,0.221825,0,0,0,0.435454,0.735811,1.11052,0,0,0,2.50361,0,0,0,0,0.0554226,0,0,0.0299892,0,0,0.0854118,0,0,0,0,0,0,0,0,0,0,0,19.6182,309.205,0,5.56516e-006,0.004509,
10,15,16,0,0,0.221825,0,0,0,0.519197,0.760261,1.32062,0,0,0,2.8219,0,0,0,0,0.0549907,0,0,0.0356628,0,0,0.0906535,0,0,0,0,0,0,0,0,0,0,0,20.2814,309.205,0,2.80371e-005,0.004509,
10,15,17,0,0,0.221825,0,0,0,0.736923,0.791698,1.59075,0,0,0,3.3412,0,0,0,0,0.0584399,0,0,0.0429574,0,0,0.101397,0,0,0,0,0,0,0,0,0,0,0,26.6314,309.205,0,0.000209918,0.004509,
10,15,18,0,0,0.221825,0,0,0,1.40685,0.809163,1.74082,0,0,0,4.17866,0,0,0,0,0.0959274,0,0,0.04701,0,0,0.142937,0,0,0,0,0,0,0,0,0,0,0,27.0776,309.205,0,0.000227681,0.004509,
10,15,19,0,0.079177,0.221825,0,0,0,1.9763,0.816149,1.80085,0,0,0,4.8943,0,0,0,0,0.0269235,0,0,0.0486311,0,0,0.0755546,0,0,0,0,0,0,0,0,0,0,0,27.0769,309.205,0,0.000227344,0.004509,
10,15,20,0,0.0240091,0.221825,0,0,0,1.89255,0.823135,1.86088,0.382647,0,0,5.20504,0,0,0,0,0.0891771,0,0,0.0502522,0,0,0.139429,0,0,0,0,0,0,0,0,0,0,0,28.028,309.205,0,0.000226375,0.004509,
10,15,21,0,0,0.221825,0,0,0,1.60783,0.816149,1.80085,0.382647,0,0,4.8293,0,0,0,0,0.2165,0,0,0.0486311,0,0,0.265131,0,0,0,0,0,0,0,0,0,0,0,29.3945,309.205,0,0.000225957,0.004509,
10,15,22,0,0,0.221825,0,0,0,1.05514,0.788205,1.56074,0.382647,0,0,4.00855,0,0,0,0,0.234032,0,0,0.042147,0,0,0.276179,0,0,0,0,0,0,0,0,0,0,0,31.5991,309.205,0,0.00022284,0.004509,
10,15,23,0,0,0.221825,0,0,0,0.636433,0.763754,1.35064,0.382647,0,0,3.3553,0,0,0,0,0.027951,0,0,0.0364733,0,0,0.0644243,0,0,0,0,0,0,0,0,0,0,0,26.9258,309.205,0,0.000222028,0.004509,
10,15,24,0,0,0.221825,0,0,0,0.385211,0.735811,1.11052,0,0,0,2.45337,0,0,0,0,0.011566,0,0,0.0299892,0,0,0.0415552,0,0,0,0,0,0,0,0,0,0,0,26.8501,309.205,0,0.000219474,0.004509,
10,16,1,0,0,0.221825,0,0,0,0.318218,0.728825,1.0505,0,0,0,2.31936,0,0,0,0,0.0307615,0,0,0.0283681,0,0,0.0591296,0,0,0,0,0,0,0,0,0,0,0,26.7436,309.205,0,0.000215749,0.004509,
10,16,2,0,0,0.221825,0,0,0,0.251224,0.725332,1.02048,0,0,0,2.21886,0,0,0,0,0.0156471,0,0,0.0275576,0,0,0.0432047,0,0,0,0,0,0,0,0,0,0,0,26.6809,309.205,0,0.000213813,0.004509,
10,16,3,0,0,0.221825,0,0,0,0.28472,0.725332,1.02048,0,0,0,2.25236,0,0,0,0,0.00450729,0,0,0.0275576,0,0,0.0320649,0,0,0,0,0,0,0,0,0,0,0,26.589,309.205,0,0.000211475,0.004509,
10,16,4,0,0,0.221825,0,0,0,0.351715,0.718346,0.960451,0,0,0,2.25234,0,0,0,0,0.00038772,0,0,0.0259366,0,0,0.0263243,0,0,0,0,0,0,0,0,0,0,0,26.6225,309.205,0,0.000211503,0.004509,
10,16,5,0,0,0.221825,0,0,0,0.519197,0.732318,1.08051,0,0,0,2.55385,0,0,0,0,0.0695991,0,0,0.0291787,0,0,0.0987778,0,0,0,0,0,0,0,0,0,0,0,26.6652,309.205,0,0.000213195,0.004509,
10,16,6,0,0,0.221825,0,0,0,0.703426,0.753275,1.26059,0,0,0,2.93912,0,0,0,0,0.239538,0,0,0.0340418,0,0,0.27358,0,0,0,0,0,0,0,0,0,0,0,26.7322,309.205,0,0.000216266,0.004509,
10,16,7,0,0,0.221825,0,0,0,0.686679,0.760261,1.32062,0,0,0,2.98939,0,0,0,0,0.403498,0,0,0.0356628,0,0,0.439161,0,0,0,0,0,0,0,0,0,0,0,26.7862,309.205,0,0.000216594,0.004509,
10,16,8,0,0,0.221825,0,0,0,0.56944,0.735811,1.11052,0,0,0,2.6376,0,0,0,0,0.224674,0,0,0.0299892,0,0,0.254663,0,0,0,0,0,0,0,0,0,0,0,23.566,309.205,0,0.000114069,0.004509,
10,16,9,0,0,0.221825,0,0,0,0.4857,0.718346,0.960451,0,0,0,2.38632,0,0,0,0,0.349501,0,0,0.0259366,0,0,0.375438,0,0,0,0,0,0,0,0,0,0,0,20.8499,309.205,0,1.53813e-005,0.004509,
10,16,10,0,0,0.221825,0,0,0,0.452204,0.721839,0.990466,0,0,0,2.38633,0,0,0,0,0.144591,0,0,0.0267471,0,0,0.171338,0,0,0,0,0,0,0,0,0,0,0,20.444,309.205,0,7.70007e-006,0.004509,
10,16,11,0,0,0.221825,0,0,0,0.418708,0.721839,0.990466,0,0,0,2.35284,0,0,0,0,0.0104673,0,0,0.0267471,0,0,0.0372144,0,0,0,0,0,0,0,0,0,0,0,20.3627,309.205,0,5.48696e-006,0.004509,
10,16,12,0,0,0.221825,0,0,0,0.351715,0.718346,0.960451,0,0,0,2.25234,0,0,0,0,0.157358,0,0,0.0259366,0,0,0.183295,0,0,0,0,0,0,0,0,0,0,0,20.3343,309.205,0,7.15758e-006,0.004509,
10,16,13,0,0,0.221825,0,0,0,0.351715,0.721839,0.990466,0,0,0,2.28584,0,0,0,0,0.060139,0,0,0.0267471,0,0,0.0868861,0,0,0,0,0,0,0,0,0,0,0,20.3244,309.205,0,7.38427e-006,0.004509,
10,16,14,0,0,0.221825,0,0,0,0.351715,0.728825,1.0505,0,0,0,2.35286,0,0,0,0,0.12964,0,0,0.0283681,0,0,0.158008,0,0,0,0,0,0,0,0,0,0,0,20.4499,309.205,0,7.44018e-006,0.004509,
10,16,15,0,0.972536,0.221825,0,0,0,0.435454,0.735811,1.11052,0,0,0,3.47615,0,0,0,0,0.12141,0,0,0.0299892,0,0,0.151399,0,0,0,0,0,0,0,0,0,0,0,20.7593,309.205,0,1.60218e-005,0.004509,
10,16,16,0,1.9849,0.221825,0,0,0,0.519197,0.760261,1.32062,0,0,0,4.8068,0,0,0,0,0.0789315,0,0,0.0356628,0,0,0.114594,0,0,0,0,0,0,0,0,0,0,0,21.5698,309.205,0,4.21856e-005,0.004509,
10,16,17,0,2.1654,0.221825,0,0,0,0.736923,0.791698,1.59075,0,0,0,5.5066,0,0,0,0,0.0516965,0,0,0.0429574,0,0,0.0946539,0,0,0,0,0,0,0,0,0,0,0,26.8021,309.205,0,0.000220411,0.004509,
10,16,18,0,1.74603,0.221825,0,0,0,1.40685,0.809163,1.74082,0,0,0,5.92469,0,0,0,0,0.236239,0,0,0.04701,0,0,0.283249,0,0,0,0,0,0,0,0,0,0,0,27.2886,309.205,0,0.000232679,0.004509,
10,16,19,0,1.57819,0.221825,0,0,0,1.9763,0.816149,1.80085,0,0,0,6.39331,0,0,0,0,0.0705343,0,0,0.0486311,0,0,0.119165,0,0,0,0,0,0,0,0,0,0,0,37.8364,309.205,0,0.000232431,0.004509,
10,16,20,0,1.27107,0.221825,0,0,0,1.89255,0.823135,1.86088,0.382647,0,0,6.45211,0,0,0,0,0.161083,0,0,0.0502522,0,0,0.211335,0,0,0,0,0,0,0,0,0,0,0,46.0128,309.205,0,0.000230764,0.004509,
10,16,21,0,0.913769,0.221825,0,0,0,1.60783,0.816149,1.80085,0.382647,0,0,5.74307,0,0,0,0,0.0858815,0,0,0.0486311,0,0,0.134513,0,0,0,0,0,0,0,0,0,0,0,49.8792,309.205,0,0.000230405,0.004509,
10,16,22,0,0.143019,0.221825,0,0,0,1.05514,0.788205,1.56074,0.382647,0,0,4.15157,0,0,0,0,0.185186,0,0,0.042147,0,0,0.227333,0,0,0,0,0,0,0,0,0,0,0,50.7488,309.205,0,0.000225875,0.004509,
10,16,23,0,0,0.221825,0,0,0,0.636433,0.763754,1.35064,0.382647,0,0,3.3553,0,0,0,0,0.031767,0,0,0.0364733,0,0,0.0682403,0,0,0,0,0,0,0,0,0,0,0,29.8795,309.205,0,0.000216448,0.004509,
10,16,24,0,0,0.221825,0,0,0,0.385211,0.735811,1.11052,0,0,0,2.45337,0,0,0,0,0.00225121,0,0,0.0299892,0,0,0.0322404,0,0,0,0,0,0,0,0,0,0,0,26.668,309.205,0,0.000213846,0.004509,
10,17,1,0,0,0.221825,0,0,0,0.318218,0.728825,1.0505,0,0,0,2.31936,0,0,0,0,0,0,0,0.0283681,0,0,0.0283681,0,0,0,0,0,0,0,0,0,0,0,27.1012,309.205,0,0.000228363,0.004509,
10,17,2,0,0,0.221825,0,0,0,0.251224,0.725332,1.02048,0,0,0,2.21886,0,0,0,0,0.0504617,0,0,0.0275576,0,0,0.0780193,0,0,0,0,0,0,0,0,0,0,0,26.7484,309.205,0,0.00022202,0.004509,
10,17,3,0,0,0.221825,0,0,0,0.28472,0.725332,1.02048,0,0,0,2.25236,0,0,0,0,0.0341395,0,0,0.0275576,0,0,0.0616971,0,0,0,0,0,0,0,0,0,0,0,26.5721,309.205,0,0.000217925,0.004509,
10,17,4,0,0,0.221825,0,0,0,0.351715,0.718346,0.960451,0,0,0,2.25234,0,0,0,0,0,0,0,0.0259366,0,0,0.0259366,0,0,0,0,0,0,0,0,0,0,0,26.3626,309.205,0,0.000215451,0.004509,
10,17,5,0,0,0.221825,0,0,0,0.519197,0.732318,1.08051,0,0,0,2.55385,0,0,0,0,0.0221653,0,0,0.0291787,0,0,0.051344,0,0,0,0,0,0,0,0,0,0,0,26.6542,309.205,0,0.000218507,0.004509,
10,17,6,0,0,0.221825,0,0,0,0.703426,0.753275,1.26059,0,0,0,2.93912,0,0,0,0,0.0401631,0,0,0.0340418,0,0,0.0742049,0,0,0,0,0,0,0,0,0,0,0,27.0549,309.205,0,0.000227183,0.004509,
10,17,7,0,0,0.221825,0,0,0,0.686679,0.760261,1.32062,0,0,0,2.98939,0,0,0,0,0.0743976,0,0,0.0356628,0,0,0.11006,0,0,0,0,0,0,0,0,0,0,0,27.072,309.205,0,0.00022729,0.004509,
10,17,8,0,0,0.221825,0,0,0,0.56944,0.735811,1.11052,0,0,0,2.6376,0,0,0,0,0.0604089,0,0,0.0299892,0,0,0.0903981,0,0,0,0,0,0,0,0,0,0,0,22.8224,309.205,0,8.53166e-005,0.004509,
10,17,9,0,0,0.221825,0,0,0,0.4857,0.718346,0.960451,0,0,0,2.38632,0,0,0,0,0.361326,0,0,0.0259366,0,0,0.387263,0,0,0,0,0,0,0,0,0,0,0,20.2773,309.205,0,8.74235e-006,0.004509,
10,17,10,0,0,0.221825,0,0,0,0.452204,0.721839,0.990466,0,0,0,2.38633,0,0,0,0,0.186487,0,0,0.0267471,0,0,0.213234,0,0,0,0,0,0,0,0,0,0,0,20.1536,309.205,0,7.43731e-006,0.004509,
10,17,11,0,0,0.221825,0,0,0,0.418708,0.721839,0.990466,0,0,0,2.35284,0,0,0,0,0.065911,0,0,0.0267471,0,0,0.0926581,0,0,0,0,0,0,0,0,0,0,0,20.1159,309.205,0,6.58932e-006,0.004509,
10,17,12,0,0,0.221825,0,0,0,0.351715,0.718346,0.960451,0,0,0,2.25234,0,0,0,0,0.281885,0,0,0.0259366,0,0,0.307822,0,0,0,0,0,0,0,0,0,0,0,20.0737,309.205,0,7.85265e-006,0.004509,
10,17,13,0,0.0640571,0.221825,0,0,0,0.351715,0.721839,0.990466,0,0,0,2.3499,0,0,0,0,0.0594823,0,0,0.0267471,0,0,0.0862294,0,0,0,0,0,0,0,0,0,0,0,20.0562,309.205,0,7.65561e-006,0.004509,
10,17,14,0,1.39674,0.221825,0,0,0,0.351715,0.728825,1.0505,0,0,0,3.7496,0,0,0,0,0.180437,0,0,0.0283681,0,0,0.208805,0,0,0,0,0,0,0,0,0,0,0,20.1083,309.205,0,9.44383e-006,0.004509,
10,17,15,0,2.33962,0.221825,0,0,0,0.435454,0.735811,1.11052,0,0,0,4.84323,0,0,0,0,0.0341986,0,0,0.0299892,0,0,0.0641878,0,0,0,0,0,0,0,0,0,0,0,20.3916,309.205,0,1.72876e-005,0.004509,
10,17,16,0,3.60411,0.221825,0,0,0,0.519197,0.760261,1.32062,0,0,0,6.42602,0,0,0,0,0.140028,0,0,0.0356628,0,0,0.175691,0,0,0,0,0,0,0,0,0,0,0,21.1215,309.205,0,4.21027e-005,0.004509,
10,17,17,0,3.94943,0.221825,0,0,0,0.736923,0.791698,1.59075,0,0,0,7.29062,0,0,0,0,0.07877,0,0,0.0429574,0,0,0.121727,0,0,0,0,0,0,0,0,0,0,0,26.8477,309.205,0,0.000213011,0.004509,
10,17,18,0,3.21891,0.221825,0,0,0,1.40685,0.809163,1.74082,0,0,0,7.39757,0,0,0,0,0.0817643,0,0,0.04701,0,0,0.128774,0,0,0,0,0,0,0,0,0,0,0,39.4337,309.205,0,0.000235612,0.004509,
10,17,19,0,2.60748,0.221825,0,0,0,1.9763,0.816149,1.80085,0,0,0,7.4226,0,0,0,0,0.115017,0,0,0.0486311,0,0,0.163648,0,0,0,0,0,0,0,0,0,0,0,64.0097,309.205,0,0.000235125,0.004509,
10,17,20,0,1.66224,0.221825,0,0,0,1.89255,0.823135,1.86088,0.382647,0,0,6.84328,0,0,0,0,0.106604,0,0,0.0502522,0,0,0.156856,0,0,0,0,0,0,0,0,0,0,0,70.9262,309.205,0,0.000235106,0.004509,
10,17,21,0,0.910825,0.221825,0,0,0,1.60783,0.816149,1.80085,0.382647,0,0,5.74013,0,0,0,0,0.0324764,0,0,0.0486311,0,0,0.0811075,0,0,0,0,0,0,0,0,0,0,0,75.8518,309.205,0,0.00023495,0.004509,
10,17,22,0,0,0.221825,0,0,0,1.05514,0.788205,1.56074,0.382647,0,0,4.00855,0,0,0,0,0.0327219,0,0,0.042147,0,0,0.0748689,0,0,0,0,0,0,0,0,0,0,0,80.1063,309.205,0,0.000234774,0.004509,
10,17,23,0,0,0.221825,0,0,0,0.636433,0.763754,1.35064,0.382647,0,0,3.3553,0,0,0,0,0.00492427,0,0,0.0364733,0,0,0.0413976,0,0,0,0,0,0,0,0,0,0,0,51.8202,309.205,0,0.000233204,0.004509,
10,17,24,0,0,0.221825,0,0,0,0.385211,0.735811,1.11052,0,0,0,2.45337,0,0,0,0,0.00511667,0,0,0.0299892,0,0,0.0351059,0,0,0,0,0,0,0,0,0,0,0,44.5683,309.205,0,0.000231656,0.004509,
10,18,1,0,0,0.221825,0,0,0,0.318218,0.728825,1.0505,0,0,0,2.31936,0,0,0,0,0.000386706,0,0,0.0283681,0,0,0.0287548,0,0,0,0,0,0,0,0,0,0,0,38.6273,309.205,0,0.000218818,0.004509,
10,18,2,0,0,0.221825,0,0,0,0.251224,0.725332,1.02048,0,0,0,2.21886,0,0,0,0,0,0,0,0.0275576,0,0,0.0275576,0,0,0,0,0,0,0,0,0,0,0,26.815,309.205,0,0.000216519,0.004509,
10,18,3,0,0,0.221825,0,0,0,0.28472,0.725332,1.02048,0,0,0,2.25236,0,0,0,0,0,0,0,0.0275576,0,0,0.0275576,0,0,0,0,0,0,0,0,0,0,0,26.7808,309.205,0,0.000214132,0.004509,
10,18,4,0,0,0.221825,0,0,0,0.351715,0.718346,0.960451,0,0,0,2.25234,0,0,0,0,0,0,0,0.0259366,0,0,0.0259366,0,0,0,0,0,0,0,0,0,0,0,26.9483,309.205,0,0.000217373,0.004509,
10,18,5,0,0,0.221825,0,0,0,0.519197,0.732318,1.08051,0,0,0,2.55385,0,0,0,0,0.00515757,0,0,0.0291787,0,0,0.0343363,0,0,0,0,0,0,0,0,0,0,0,37.4733,309.205,0,0.000219031,0.004509,
10,18,6,0,0,0.221825,0,0,0,0.703426,0.753275,1.26059,0,0,0,2.93912,0,0,0,0,0.000911752,0,0,0.0340418,0,0,0.0349536,0,0,0,0,0,0,0,0,0,0,0,49.7547,309.205,0,0.000219846,0.004509,
10,18,7,0,0,0.221825,0,0,0,0.686679,0.760261,1.32062,0,0,0,2.98939,0,0,0,0,0.187169,0,0,0.0356628,0,0,0.222832,0,0,0,0,0,0,0,0,0,0,0,51.0736,309.205,0,0.000218894,0.004509,
10,18,8,0,0,0.221825,0,0,0,0.56944,0.735811,1.11052,0,0,0,2.6376,0,0,0,0,0.206382,0,0,0.0299892,0,0,0.236371,0,0,0,0,0,0,0,0,0,0,0,24.0352,309.205,0,0.000118867,0.004509,
10,18,9,0,0,0.221825,0,0,0,0.4857,0.718346,0.960451,0,0,0,2.38632,0,0,0,0,0.483248,0,0,0.0259366,0,0,0.509185,0,0,0,0,0,0,0,0,0,0,0,21.4162,309.205,0,4.31245e-005,0.004509,
10,18,10,0,0,0.221825,0,0,0,0.452204,0.721839,0.990466,0,0,0,2.38633,0,0,0,0,0.362578,0,0,0.0267471,0,0,0.389325,0,0,0,0,0,0,0,0,0,0,0,21.2763,309.205,0,4.01708e-005,0.004509,
10,18,11,0,0,0.221825,0,0,0,0.418708,0.721839,0.990466,0,0,0,2.35284,0,0,0,0,0.206622,0,0,0.0267471,0,0,0.233369,0,0,0,0,0,0,0,0,0,0,0,21.2331,309.205,0,3.8926e-005,0.004509,
10,18,12,0,0,0.221825,0,0,0,0.351715,0.718346,0.960451,0,0,0,2.25234,0,0,0,0,0.106963,0,0,0.0259366,0,0,0.1329,0,0,0,0,0,0,0,0,0,0,0,21.2318,309.205,0,3.85323e-005,0.004509,
10,18,13,0,0,0.221825,0,0,0,0.351715,0.721839,0.990466,0,0,0,2.28584,0,0,0,0,0.257753,0,0,0.0267471,0,0,0.2845,0,0,0,0,0,0,0,0,0,0,0,21.2319,309.205,0,3.90189e-005,0.004509,
10,18,14,0,1.00167,0.221825,0,0,0,0.351715,0.728825,1.0505,0,0,0,3.35453,0,0,0,0,0.0141964,0,0,0.0283681,0,0,0.0425645,0,0,0,0,0,0,0,0,0,0,0,21.2847,309.205,0,4.15558e-005,0.004509,
10,18,15,0,2.07385,0.221825,0,0,0,0.435454,0.735811,1.11052,0,0,0,4.57747,0,0,0,0,0.0094626,0,0,0.0299892,0,0,0.0394518,0,0,0,0,0,0,0,0,0,0,0,21.5786,309.205,0,5.38338e-005,0.004509,
10,18,16,0,3.37994,0.221825,0,0,0,0.519197,0.760261,1.32062,0,0,0,6.20184,0,0,0,0,0.0272145,0,0,0.0356628,0,0,0.0628773,0,0,0,0,0,0,0,0,0,0,0,21.9504,309.205,0,8.0248e-005,0.004509,
10,18,17,0,3.3596,0.221825,0,0,0,0.736923,0.791698,1.59075,0,0,0,6.7008,0,0,0,0,0.190874,0,0,0.0429574,0,0,0.233831,0,0,0,0,0,0,0,0,0,0,0,26.5141,309.205,0,0.000200172,0.004509,
10,18,18,0,2.50887,0.221825,0,0,0,1.40685,0.809163,1.74082,0,0,0,6.68754,0,0,0,0,0.13019,0,0,0.04701,0,0,0.1772,0,0,0,0,0,0,0,0,0,0,0,27.9112,309.205,0,0.000225378,0.004509,
10,18,19,0,2.08239,0.221825,0,0,0,1.9763,0.816149,1.80085,0,0,0,6.89751,0,0,0,0,0.0452782,0,0,0.0486311,0,0,0.0939093,0,0,0,0,0,0,0,0,0,0,0,53.64,309.205,0,0.000224992,0.004509,
10,18,20,0,1.47183,0.221825,0,0,0,1.89255,0.823135,1.86088,0.382647,0,0,6.65286,0,0,0,0,0.0977219,0,0,0.0502522,0,0,0.147974,0,0,0,0,0,0,0,0,0,0,0,64.4496,309.205,0,0.000224975,0.004509,
10,18,21,0,0.852399,0.221825,0,0,0,1.60783,0.816149,1.80085,0.382647,0,0,5.6817,0,0,0,0,0.164034,0,0,0.0486311,0,0,0.212665,0,0,0,0,0,0,0,0,0,0,0,71.0873,309.205,0,0.000223385,0.004509,
10,18,22,0,0,0.221825,0,0,0,1.05514,0.788205,1.56074,0.382647,0,0,4.00855,0,0,0,0,0.0162281,0,0,0.042147,0,0,0.0583751,0,0,0,0,0,0,0,0,0,0,0,77.6357,309.205,0,0.000222787,0.004509,
10,18,23,0,0,0.221825,0,0,0,0.636433,0.763754,1.35064,0.382647,0,0,3.3553,0,0,0,0,0.0177061,0,0,0.0364733,0,0,0.0541794,0,0,0,0,0,0,0,0,0,0,0,54.7004,309.205,0,0.000221447,0.004509,
10,18,24,0,0,0.221825,0,0,0,0.385211,0.735811,1.11052,0,0,0,2.45337,0,0,0,0,0,0,0,0.0299892,0,0,0.0299892,0,0,0,0,0,0,0,0,0,0,0,45.0318,309.205,0,0.00022097,0.004509,
10,19,1,0,0,0.221825,0,0,0,0.318218,0.728825,1.0505,0,0,0,2.31936,0,0,0,0,0.0305798,0,0,0.0283681,0,0,0.0589479,0,0,0,0,0,0,0,0,0,0,0,36.6536,309.205,0,0.000207941,0.004509,
10,19,2,0,0,0.221825,0,0,0,0.251224,0.725332,1.02048,0,0,0,2.21886,0,0,0,0,0.0231887,0,0,0.0275576,0,0,0.0507463,0,0,0,0,0,0,0,0,0,0,0,27.3016,309.205,0,0.000207275,0.004509,
10,19,3,0,0,0.221825,0,0,0,0.28472,0.725332,1.02048,0,0,0,2.25236,0,0,0,0,0,0,0,0.0275576,0,0,0.0275576,0,0,0,0,0,0,0,0,0,0,0,26.5675,309.205,0,0.000205558,0.004509,
10,19,4,0,0,0.221825,0,0,0,0.351715,0.718346,0.960451,0,0,0,2.25234,0,0,0,0,0,0,0,0.0259366,0,0,0.0259366,0,0,0,0,0,0,0,0,0,0,0,26.5784,309.205,0,0.000206486,0.004509,
10,19,5,0,0,0.221825,0,0,0,0.519197,0.732318,1.08051,0,0,0,2.55385,0,0,0,0,0.00274339,0,0,0.0291787,0,0,0.0319221,0,0,0,0,0,0,0,0,0,0,0,26.6151,309.205,0,0.000206952,0.004509,
10,19,6,0,0,0.221825,0,0,0,0.703426,0.753275,1.26059,0,0,0,2.93912,0,0,0,0,0.282188,0,0,0.0340418,0,0,0.31623,0,0,0,0,0,0,0,0,0,0,0,41.4994,309.205,0,0.000208292,0.004509,
10,19,7,0,0,0.221825,0,0,0,0.686679,0.760261,1.32062,0,0,0,2.98939,0,0,0,0,0.164379,0,0,0.0356628,0,0,0.200042,0,0,0,0,0,0,0,0,0,0,0,45.8616,309.205,0,0.000207755,0.004509,
10,19,8,0,0,0.221825,0,0,0,0.56944,0.735811,1.11052,0,0,0,2.6376,0,0,0,0,0.31094,0,0,0.0299892,0,0,0.340929,0,0,0,0,0,0,0,0,0,0,0,24.1407,309.205,0,0.000121079,0.004509,
10,19,9,0,0,0.221825,0,0,0,0.4857,0.718346,0.960451,0,0,0,2.38632,0,0,0,0,0.17214,0,0,0.0259366,0,0,0.198077,0,0,0,0,0,0,0,0,0,0,0,20.5469,309.205,0,6.35612e-006,0.004509,
10,19,10,0,0,0.221825,0,0,0,0.452204,0.721839,0.990466,0,0,0,2.38633,0,0,0,0,0.0358827,0,0,0.0267471,0,0,0.0626298,0,0,0,0,0,0,0,0,0,0,0,20.095,309.205,0,1.75446e-006,0.004509,
10,19,11,0,0,0.221825,0,0,0,0.418708,0.721839,0.990466,0,0,0,2.35284,0,0,0,0,0.123703,0,0,0.0267471,0,0,0.15045,0,0,0,0,0,0,0,0,0,0,0,20.0252,309.205,0,2.00389e-007,0.004509,
10,19,12,0,0,0.221825,0,0,0,0.351715,0.718346,0.960451,0,0,0,2.25234,0,0,0,0,0.0587924,0,0,0.0259366,0,0,0.084729,0,0,0,0,0,0,0,0,0,0,0,20.016,309.205,0,1.89641e-007,0.004509,
10,19,13,0,0.227324,0.221825,0,0,0,0.351715,0.721839,0.990466,0,0,0,2.51317,0,0,0,0,0.0828687,0,0,0.0267471,0,0,0.109616,0,0,0,0,0,0,0,0,0,0,0,19.9779,309.205,0,2.13792e-007,0.004509,
10,19,14,0,1.41632,0.221825,0,0,0,0.351715,0.728825,1.0505,0,0,0,3.76918,0,0,0,0,0.0277015,0,0,0.0283681,0,0,0.0560696,0,0,0,0,0,0,0,0,0,0,0,20.0544,309.205,0,2.26094e-007,0.004509,
10,19,15,0,2.62003,0.221825,0,0,0,0.435454,0.735811,1.11052,0,0,0,5.12365,0,0,0,0,0.0828683,0,0,0.0299892,0,0,0.112858,0,0,0,0,0,0,0,0,0,0,0,20.2748,309.205,0,5.41134e-006,0.004509,
10,19,16,0,3.81494,0.221825,0,0,0,0.519197,0.760261,1.32062,0,0,0,6.63685,0,0,0,0,0.213889,0,0,0.0356628,0,0,0.249552,0,0,0,0,0,0,0,0,0,0,0,21.3677,309.205,0,3.23913e-005,0.004509,
10,19,17,0,3.67475,0.221825,0,0,0,0.736923,0.791698,1.59075,0,0,0,7.01594,0,0,0,0,0.0681792,0,0,0.0429574,0,0,0.111137,0,0,0,0,0,0,0,0,0,0,0,26.5713,309.205,0,0.000210204,0.004509,
10,19,18,0,2.86225,0.221825,0,0,0,1.40685,0.809163,1.74082,0,0,0,7.04091,0,0,0,0,0.098412,0,0,0.04701,0,0,0.145422,0,0,0,0,0,0,0,0,0,0,0,26.7823,309.205,0,0.000213516,0.004509,
10,19,19,0,2.33703,0.221825,0,0,0,1.9763,0.816149,1.80085,0,0,0,7.15215,0,0,0,0,0.0857087,0,0,0.0486311,0,0,0.13434,0,0,0,0,0,0,0,0,0,0,0,26.7746,309.205,0,0.000213263,0.004509,
10,19,20,0,1.51046,0.221825,0,0,0,1.89255,0.823135,1.86088,0.382647,0,0,6.6915,0,0,0,0,0.231815,0,0,0.0502522,0,0,0.282067,0,0,0,0,0,0,0,0,0,0,0,28.2475,309.205,0,0.000211769,0.004509,
10,19,21,0,0.880079,0.221825,0,0,0,1.60783,0.816149,1.80085,0.382647,0,0,5.70938,0,0,0,0,0.104614,0,0,0.0486311,0,0,0.153245,0,0,0,0,0,0,0,0,0,0,0,29.5195,309.205,0,0.000211499,0.004509,
10,19,22,0,0,0.221825,0,0,0,1.05514,0.788205,1.56074,0.382647,0,0,4.00855,0,0,0,0,0.148724,0,0,0.042147,0,0,0.190871,0,0,0,0,0,0,0,0,0,0,0,31.7048,309.205,0,0.000209199,0.004509,
10,19,23,0,0,0.221825,0,0,0,0.636433,0.763754,1.35064,0.382647,0,0,3.3553,0,0,0,0,0.0150367,0,0,0.0364733,0,0,0.05151,0,0,0,0,0,0,0,0,0,0,0,27.1569,309.205,0,0.000207017,0.004509,
10,19,24,0,0,0.221825,0,0,0,0.385211,0.735811,1.11052,0,0,0,2.45337,0,0,0,0,0,0,0,0.0299892,0,0,0.0299892,0,0,0,0,0,0,0,0,0,0,0,26.5104,309.205,0,0.000206284,0.004509,
10,20,1,0,0,0.221825,0,0,0,0.318218,0.728825,1.0505,0,0,0,2.31936,0,0,0,0,0.00222631,0,0,0.0283681,0,0,0.0305944,0,0,0,0,0,0,0,0,0,0,0,25.4547,309.205,0,0.000189224,0.004509,
10,20,2,0,0,0.221825,0,0,0,0.251224,0.725332,1.02048,0,0,0,2.21886,0,0,0,0,0.00314111,0,0,0.0275576,0,0,0.0306987,0,0,0,0,0,0,0,0,0,0,0,25.3008,309.205,0,0.000184269,0.004509,
10,20,3,0,0,0.221825,0,0,0,0.28472,0.725332,1.02048,0,0,0,2.25236,0,0,0,0,0,0,0,0.0275576,0,0,0.0275576,0,0,0,0,0,0,0,0,0,0,0,25.254,309.205,0,0.000183022,0.004509,
10,20,4,0,0,0.221825,0,0,0,0.351715,0.718346,0.960451,0,0,0,2.25234,0,0,0,0,0.000210025,0,0,0.0259366,0,0,0.0261466,0,0,0,0,0,0,0,0,0,0,0,25.2591,309.205,0,0.000183162,0.004509,
10,20,5,0,0,0.221825,0,0,0,0.519197,0.732318,1.08051,0,0,0,2.55385,0,0,0,0,0.0171143,0,0,0.0291787,0,0,0.046293,0,0,0,0,0,0,0,0,0,0,0,25.3419,309.205,0,0.000184847,0.004509,
10,20,6,0,0,0.221825,0,0,0,0.703426,0.753275,1.26059,0,0,0,2.93912,0,0,0,0,0.092185,0,0,0.0340418,0,0,0.126227,0,0,0,0,0,0,0,0,0,0,0,25.5707,309.205,0,0.00019077,0.004509,
10,20,7,0,0,0.221825,0,0,0,0.686679,0.760261,1.32062,0,0,0,2.98939,0,0,0,0,0.446624,0,0,0.0356628,0,0,0.482287,0,0,0,0,0,0,0,0,0,0,0,25.5697,309.205,0,0.000190613,0.004509,
10,20,8,0,0,0.221825,0,0,0,0.56944,0.735811,1.11052,0,0,0,2.6376,0,0,0,0,0.389871,0,0,0.0299892,0,0,0.41986,0,0,0,0,0,0,0,0,0,0,0,22.0466,309.205,0,7.95413e-005,0.004509,
10,20,9,0,0,0.221825,0,0,0,0.4857,0.718346,0.960451,0,0,0,2.38632,0,0,0,0,0.0565667,0,0,0.0259366,0,0,0.0825033,0,0,0,0,0,0,0,0,0,0,0,18.9059,309.205,0,7.471e-006,0.004509,
10,20,10,0,0,0.221825,0,0,0,0.452204,0.721839,0.990466,0,0,0,2.38633,0,0,0,0,0.0407077,0,0,0.0267471,0,0,0.0674548,0,0,0,0,0,0,0,0,0,0,0,18.7483,309.205,0,0,0.004509,
10,20,11,0,0,0.221825,0,0,0,0.418708,0.721839,0.990466,0,0,0,2.35284,0,0,0,0,0.0254723,0,0,0.0267471,0,0,0.0522194,0,0,0,0,0,0,0,0,0,0,0,18.9411,309.205,0,8.85517e-007,0.004509,
10,20,12,0,0,0.221825,0,0,0,0.351715,0.718346,0.960451,0,0,0,2.25234,0,0,0,0,0.0641431,0,0,0.0259366,0,0,0.0900797,0,0,0,0,0,0,0,0,0,0,0,18.9512,309.205,0,6.456e-007,0.004509,
10,20,13,0,0.460848,0.221825,0,0,0,0.351715,0.721839,0.990466,0,0,0,2.74669,0,0,0,0,0.0946271,0,0,0.0267471,0,0,0.121374,0,0,0,0,0,0,0,0,0,0,0,18.4062,309.205,0,0,0.004509,
10,20,14,0,0.904144,0.221825,0,0,0,0.351715,0.728825,1.0505,0,0,0,3.257,0,0,0,0,0.0746502,0,0,0.0283681,0,0,0.103018,0,0,0,0,0,0,0,0,0,0,0,18.5092,309.205,0,0,0.004509,
10,20,15,0,1.24752,0.221825,0,0,0,0.435454,0.735811,1.11052,0,0,0,3.75114,0,0,0,0,0.233719,0,0,0.0299892,0,0,0.263708,0,0,0,0,0,0,0,0,0,0,0,18.6517,309.205,0,0,0.004509,
10,20,16,0,0.970631,0.221825,0,0,0,0.519197,0.760261,1.32062,0,0,0,3.79254,0,0,0,0,0.08746,0,0,0.0356628,0,0,0.123123,0,0,0,0,0,0,0,0,0,0,0,18.9773,309.205,0,6.92366e-006,0.004509,
10,20,17,0,0,0.221825,0,0,0,0.736923,0.791698,1.59075,0,0,0,3.3412,0,0,0,0,0.0654441,0,0,0.0429574,0,0,0.108402,0,0,0,0,0,0,0,0,0,0,0,23.132,309.205,0,0.00013439,0.004509,
10,20,18,0,0,0.221825,0,0,0,1.40685,0.809163,1.74082,0,0,0,4.17866,0,0,0,0,0.0897908,0,0,0.04701,0,0,0.136801,0,0,0,0,0,0,0,0,0,0,0,25.9399,309.205,0,0.000202273,0.004509,
10,20,19,0,0,0.221825,0,0,0,1.9763,0.816149,1.80085,0,0,0,4.81512,0,0,0,0,0.126656,0,0,0.0486311,0,0,0.175287,0,0,0,0,0,0,0,0,0,0,0,25.9398,309.205,0,0.000202174,0.004509,
10,20,20,0,0,0.221825,0,0,0,1.89255,0.823135,1.86088,0.382647,0,0,5.18104,0,0,0,0,0.0777865,0,0,0.0502522,0,0,0.128039,0,0,0,0,0,0,0,0,0,0,0,25.9227,309.205,0,0.000201027,0.004509,
10,20,21,0,0,0.221825,0,0,0,1.60783,0.816149,1.80085,0.382647,0,0,4.8293,0,0,0,0,0.0339749,0,0,0.0486311,0,0,0.082606,0,0,0,0,0,0,0,0,0,0,0,25.9194,309.205,0,0.000201057,0.004509,
10,20,22,0,0,0.221825,0,0,0,1.05514,0.788205,1.56074,0.382647,0,0,4.00855,0,0,0,0,0.0161977,0,0,0.042147,0,0,0.0583447,0,0,0,0,0,0,0,0,0,0,0,25.8656,309.205,0,0.000198911,0.004509,
10,20,23,0,0,0.221825,0,0,0,0.636433,0.763754,1.35064,0.382647,0,0,3.3553,0,0,0,0,0.00988038,0,0,0.0364733,0,0,0.0463537,0,0,0,0,0,0,0,0,0,0,0,25.7334,309.205,0,0.00019596,0.004509,
10,20,24,0,0,0.221825,0,0,0,0.385211,0.735811,1.11052,0,0,0,2.45337,0,0,0,0,0.0454009,0,0,0.0299892,0,0,0.0753901,0,0,0,0,0,0,0,0,0,0,0,25.7112,309.205,0,0.000194998,0.004509,
10,21,1,0,0,0.221825,0,0,0,0.318218,0.728825,1.0505,0,0,0,2.31936,0,0,0,0,0.000651203,0,0,0.0283681,0,0,0.0290193,0,0,0,0,0,0,0,0,0,0,0,25.7092,309.205,0,0.000199259,0.004509,
10,21,2,0,0,0.221825,0,0,0,0.251224,0.725332,1.02048,0,0,0,2.21886,0,0,0,0,0.000421294,0,0,0.0275576,0,0,0.0279789,0,0,0,0,0,0,0,0,0,0,0,25.5634,309.205,0,0.000196166,0.004509,
10,21,3,0,0,0.221825,0,0,0,0.28472,0.725332,1.02048,0,0,0,2.25236,0,0,0,0,0.00457328,0,0,0.0275576,0,0,0.0321309,0,0,0,0,0,0,0,0,0,0,0,25.5275,309.205,0,0.000195819,0.004509,
10,21,4,0,0,0.221825,0,0,0,0.351715,0.718346,0.960451,0,0,0,2.25234,0,0,0,0,0.000210647,0,0,0.0259366,0,0,0.0261472,0,0,0,0,0,0,0,0,0,0,0,25.6138,309.205,0,0.000195828,0.004509,
10,21,5,0,0,0.221825,0,0,0,0.519197,0.732318,1.08051,0,0,0,2.55385,0,0,0,0,0.107856,0,0,0.0291787,0,0,0.137035,0,0,0,0,0,0,0,0,0,0,0,25.6857,309.205,0,0.000198723,0.004509,
10,21,6,0,0,0.221825,0,0,0,0.703426,0.753275,1.26059,0,0,0,2.93912,0,0,0,0,0.0970808,0,0,0.0340418,0,0,0.131123,0,0,0,0,0,0,0,0,0,0,0,26.1202,309.205,0,0.00020449,0.004509,
10,21,7,0,0,0.221825,0,0,0,0.686679,0.760261,1.32062,0,0,0,2.98939,0,0,0,0,0.666443,0,0,0.0356628,0,0,0.702106,0,0,0,0,0,0,0,0,0,0,0,26.1361,309.205,0,0.000206096,0.004509,
10,21,8,0,0,0.221825,0,0,0,0.56944,0.735811,1.11052,0,0,0,2.6376,0,0,0,0,0.120645,0,0,0.0299892,0,0,0.150634,0,0,0,0,0,0,0,0,0,0,0,22.2336,309.205,0,8.74196e-005,0.004509,
10,21,9,0,0,0.221825,0,0,0,0.4857,0.718346,0.960451,0,0,0,2.38632,0,0,0,0,0.0526109,0,0,0.0259366,0,0,0.0785475,0,0,0,0,0,0,0,0,0,0,0,18.954,309.205,0,4.74084e-006,0.004509,
10,21,10,0,0,0.221825,0,0,0,0.452204,0.721839,0.990466,0,0,0,2.38633,0,0,0,0,0.182573,0,0,0.0267471,0,0,0.20932,0,0,0,0,0,0,0,0,0,0,0,18.7955,309.205,0,0,0.004509,
10,21,11,0,0,0.221825,0,0,0,0.418708,0.721839,0.990466,0,0,0,2.35284,0,0,0,0,0.0964223,0,0,0.0267471,0,0,0.123169,0,0,0,0,0,0,0,0,0,0,0,18.7241,309.205,0,0,0.004509,
10,21,12,0,0,0.221825,0,0,0,0.351715,0.718346,0.960451,0,0,0,2.25234,0,0,0,0,0.0480501,0,0,0.0259366,0,0,0.0739867,0,0,0,0,0,0,0,0,0,0,0,18.7312,309.205,0,0,0.004509,
10,21,13,0,0,0.221825,0,0,0,0.351715,0.721839,0.990466,0,0,0,2.28584,0,0,0,0,0.0114233,0,0,0.0267471,0,0,0.0381704,0,0,0,0,0,0,0,0,0,0,0,18.719,309.205,0,0,0.004509,
10,21,14,0,0,0.221825,0,0,0,0.351715,0.728825,1.0505,0,0,0,2.35286,0,0,0,0,0.0723535,0,0,0.0283681,0,0,0.100722,0,0,0,0,0,0,0,0,0,0,0,18.6833,309.205,0,0,0.004509,
10,21,15,0,0,0.221825,0,0,0,0.435454,0.735811,1.11052,0,0,0,2.50361,0,0,0,0,0.141724,0,0,0.0299892,0,0,0.171713,0,0,0,0,0,0,0,0,0,0,0,18.7399,309.205,0,1.19232e-007,0.004509,
10,21,16,0,0,0.221825,0,0,0,0.519197,0.760261,1.32062,0,0,0,2.8219,0,0,0,0,0.129888,0,0,0.0356628,0,0,0.165551,0,0,0,0,0,0,0,0,0,0,0,18.9396,309.205,0,2.46747e-006,0.004509,
10,21,17,0,0,0.221825,0,0,0,0.736923,0.791698,1.59075,0,0,0,3.3412,0,0,0,0,0.0118245,0,0,0.0429574,0,0,0.0547819,0,0,0,0,0,0,0,0,0,0,0,23.2938,309.205,0,0.000119522,0.004509,
10,21,18,0,0,0.221825,0,0,0,1.40685,0.809163,1.74082,0,0,0,4.17866,0,0,0,0,0.162982,0,0,0.04701,0,0,0.209992,0,0,0,0,0,0,0,0,0,0,0,26.7277,309.205,0,0.000214695,0.004509,
10,21,19,0,0,0.221825,0,0,0,1.9763,0.816149,1.80085,0,0,0,4.81512,0,0,0,0,0.199991,0,0,0.0486311,0,0,0.248622,0,0,0,0,0,0,0,0,0,0,0,26.7271,309.205,0,0.000214532,0.004509,
10,21,20,0,0,0.221825,0,0,0,1.89255,0.823135,1.86088,0.382647,0,0,5.18104,0,0,0,0,0.0873075,0,0,0.0502522,0,0,0.13756,0,0,0,0,0,0,0,0,0,0,0,26.7029,309.205,0,0.000213382,0.004509,
10,21,21,0,0,0.221825,0,0,0,1.60783,0.816149,1.80085,0.382647,0,0,4.8293,0,0,0,0,0.0755506,0,0,0.0486311,0,0,0.124182,0,0,0,0,0,0,0,0,0,0,0,26.6988,309.205,0,0.000213441,0.004509,
10,21,22,0,0,0.221825,0,0,0,1.05514,0.788205,1.56074,0.382647,0,0,4.00855,0,0,0,0,0.000210647,0,0,0.042147,0,0,0.0423576,0,0,0,0,0,0,0,0,0,0,0,26.666,309.205,0,0.000212022,0.004509,
10,21,23,0,0,0.221825,0,0,0,0.636433,0.763754,1.35064,0.382647,0,0,3.3553,0,0,0,0,0.0406444,0,0,0.0364733,0,0,0.0771177,0,0,0,0,0,0,0,0,0,0,0,26.659,309.205,0,0.000211632,0.004509,
10,21,24,0,0,0.221825,0,0,0,0.385211,0.735811,1.11052,0,0,0,2.45337,0,0,0,0,0.0389244,0,0,0.0299892,0,0,0.0689136,0,0,0,0,0,0,0,0,0,0,0,26.5079,309.205,0,0.000209241,0.004509,
10,22,1,0,0,0.221825,0,0,0,0.318218,0.728825,1.0505,0,0,0,2.31936,0,0,0,0,0,0,0,0.0283681,0,0,0.0283681,0,0,0,0,0,0,0,0,0,0,0,26.9467,309.205,0,0.00022975,0.004509,
10,22,2,0,0,0.221825,0,0,0,0.251224,0.725332,1.02048,0,0,0,2.21886,0,0,0,0,0.00142786,0,0,0.0275576,0,0,0.0289855,0,0,0,0,0,0,0,0,0,0,0,26.791,309.205,0,0.000227694,0.004509,
10,22,3,0,0,0.221825,0,0,0,0.28472,0.725332,1.02048,0,0,0,2.25236,0,0,0,0,0,0,0,0.0275576,0,0,0.0275576,0,0,0,0,0,0,0,0,0,0,0,26.6501,309.205,0,0.000225213,0.004509,
10,22,4,0,0,0.221825,0,0,0,0.351715,0.718346,0.960451,0,0,0,2.25234,0,0,0,0,0,0,0,0.0259366,0,0,0.0259366,0,0,0,0,0,0,0,0,0,0,0,26.5704,309.205,0,0.000218333,0.004509,
10,22,5,0,0,0.221825,0,0,0,0.519197,0.732318,1.08051,0,0,0,2.55385,0,0,0,0,0.00231093,0,0,0.0291787,0,0,0.0314896,0,0,0,0,0,0,0,0,0,0,0,26.6682,309.205,0,0.000226488,0.004509,
10,22,6,0,0,0.221825,0,0,0,0.703426,0.753275,1.26059,0,0,0,2.93912,0,0,0,0,0.260144,0,0,0.0340418,0,0,0.294186,0,0,0,0,0,0,0,0,0,0,0,26.9418,309.205,0,0.000229897,0.004509,
10,22,7,0,0,0.221825,0,0,0,0.686679,0.760261,1.32062,0,0,0,2.98939,0,0,0,0,0.143096,0,0,0.0356628,0,0,0.178759,0,0,0,0,0,0,0,0,0,0,0,26.9446,309.205,0,0.00023005,0.004509,
10,22,8,0,0,0.221825,0,0,0,0.56944,0.735811,1.11052,0,0,0,2.6376,0,0,0,0,0.358338,0,0,0.0299892,0,0,0.388327,0,0,0,0,0,0,0,0,0,0,0,23.4438,309.205,0,0.000141269,0.004509,
10,22,9,0,0,0.221825,0,0,0,0.4857,0.718346,0.960451,0,0,0,2.38632,0,0,0,0,0.173218,0,0,0.0259366,0,0,0.199155,0,0,0,0,0,0,0,0,0,0,0,21.7653,309.205,0,7.0084e-005,0.004509,
10,22,10,0,0,0.221825,0,0,0,0.452204,0.721839,0.990466,0,0,0,2.38633,0,0,0,0,0.170409,0,0,0.0267471,0,0,0.197156,0,0,0,0,0,0,0,0,0,0,0,21.5565,309.205,0,5.65789e-005,0.004509,
10,22,11,0,0,0.221825,0,0,0,0.418708,0.721839,0.990466,0,0,0,2.35284,0,0,0,0,0.0163436,0,0,0.0267471,0,0,0.0430907,0,0,0,0,0,0,0,0,0,0,0,21.5582,309.205,0,5.41113e-005,0.004509,
10,22,12,0,0,0.221825,0,0,0,0.351715,0.718346,0.960451,0,0,0,2.25234,0,0,0,0,0.0405715,0,0,0.0259366,0,0,0.0665081,0,0,0,0,0,0,0,0,0,0,0,21.5618,309.205,0,5.3996e-005,0.004509,
10,22,13,0,0,0.221825,0,0,0,0.351715,0.721839,0.990466,0,0,0,2.28584,0,0,0,0,0.0377427,0,0,0.0267471,0,0,0.0644898,0,0,0,0,0,0,0,0,0,0,0,21.5451,309.205,0,5.36941e-005,0.004509,
10,22,14,0,0,0.221825,0,0,0,0.351715,0.728825,1.0505,0,0,0,2.35286,0,0,0,0,0.665288,0,0,0.0283681,0,0,0.693656,0,0,0,0,0,0,0,0,0,0,0,21.5734,309.205,0,5.39639e-005,0.004509,
10,22,15,0,0,0.221825,0,0,0,0.435454,0.735811,1.11052,0,0,0,2.50361,0,0,0,0,0.14865,0,0,0.0299892,0,0,0.178639,0,0,0,0,0,0,0,0,0,0,0,21.5712,309.205,0,5.35847e-005,0.004509,
10,22,16,0,0,0.221825,0,0,0,0.519197,0.760261,1.32062,0,0,0,2.8219,0,0,0,0,0.190704,0,0,0.0356628,0,0,0.226367,0,0,0,0,0,0,0,0,0,0,0,21.8181,309.205,0,6.40663e-005,0.004509,
10,22,17,0,0,0.221825,0,0,0,0.736923,0.791698,1.59075,0,0,0,3.3412,0,0,0,0,0.201384,0,0,0.0429574,0,0,0.244341,0,0,0,0,0,0,0,0,0,0,0,24.95,309.205,0,0.000170325,0.004509,
10,22,18,0,0,0.221825,0,0,0,1.40685,0.809163,1.74082,0,0,0,4.17866,0,0,0,0,0.110531,0,0,0.04701,0,0,0.157541,0,0,0,0,0,0,0,0,0,0,0,27.1534,309.205,0,0.00023339,0.004509,
10,22,19,0,0,0.221825,0,0,0,1.9763,0.816149,1.80085,0,0,0,4.81512,0,0,0,0,0.2093,0,0,0.0486311,0,0,0.257931,0,0,0,0,0,0,0,0,0,0,0,27.1564,309.205,0,0.000233426,0.004509,
10,22,20,0,0,0.221825,0,0,0,1.89255,0.823135,1.86088,0.382647,0,0,5.18104,0,0,0,0,0.292049,0,0,0.0502522,0,0,0.342301,0,0,0,0,0,0,0,0,0,0,0,27.1328,309.205,0,0.000232166,0.004509,
10,22,21,0,0,0.221825,0,0,0,1.60783,0.816149,1.80085,0.382647,0,0,4.8293,0,0,0,0,0.0642803,0,0,0.0486311,0,0,0.112911,0,0,0,0,0,0,0,0,0,0,0,27.132,309.205,0,0.000232249,0.004509,
10,22,22,0,0,0.221825,0,0,0,1.05514,0.788205,1.56074,0.382647,0,0,4.00855,0,0,0,0,0.0849156,0,0,0.042147,0,0,0.127063,0,0,0,0,0,0,0,0,0,0,0,27.0881,309.205,0,0.000230062,0.004509,
10,22,23,0,0,0.221825,0,0,0,0.636433,0.763754,1.35064,0.382647,0,0,3.3553,0,0,0,0,0.0617315,0,0,0.0364733,0,0,0.0982048,0,0,0,0,0,0,0,0,0,0,0,27.0743,309.205,0,0.000229717,0.004509,
10,22,24,0,0,0.221825,0,0,0,0.385211,0.735811,1.11052,0,0,0,2.45337,0,0,0,0,0.0130085,0,0,0.0299892,0,0,0.0429977,0,0,0,0,0,0,0,0,0,0,0,27.0195,309.205,0,0.000228862,0.004509,
10,23,1,0,0,0.221825,0,0,0,0.318218,0.728825,1.0505,0,0,0,2.31936,0,0,0,0,0.000284621,0,0,0.0283681,0,0,0.0286527,0,0,0,0,0,0,0,0,0,0,0,26.8794,309.205,0,0.000230408,0.004509,
10,23,2,0,0,0.221825,0,0,0,0.251224,0.725332,1.02048,0,0,0,2.21886,0,0,0,0,0.0103571,0,0,0.0275576,0,0,0.0379147,0,0,0,0,0,0,0,0,0,0,0,26.8081,309.205,0,0.000228005,0.004509,
10,23,3,0,0,0.221825,0,0,0,0.28472,0.725332,1.02048,0,0,0,2.25236,0,0,0,0,0.000995863,0,0,0.0275576,0,0,0.0285535,0,0,0,0,0,0,0,0,0,0,0,26.8156,309.205,0,0.000227721,0.004509,
10,23,4,0,0,0.221825,0,0,0,0.351715,0.718346,0.960451,0,0,0,2.25234,0,0,0,0,0.000853862,0,0,0.0259366,0,0,0.0267905,0,0,0,0,0,0,0,0,0,0,0,26.8341,309.205,0,0.000227837,0.004509,
10,23,5,0,0,0.221825,0,0,0,0.519197,0.732318,1.08051,0,0,0,2.55385,0,0,0,0,0,0,0,0.0291787,0,0,0.0291787,0,0,0,0,0,0,0,0,0,0,0,27.0697,309.205,0,0.000232266,0.004509,
10,23,6,0,0,0.221825,0,0,0,0.703426,0.753275,1.26059,0,0,0,2.93912,0,0,0,0,0.0109176,0,0,0.0340418,0,0,0.0449594,0,0,0,0,0,0,0,0,0,0,0,27.3008,309.205,0,0.000238913,0.004509,
10,23,7,0,0,0.221825,0,0,0,0.686679,0.760261,1.32062,0,0,0,2.98939,0,0,0,0,0.068236,0,0,0.0356628,0,0,0.103899,0,0,0,0,0,0,0,0,0,0,0,27.3192,309.205,0,0.000239423,0.004509,
10,23,8,0,0,0.221825,0,0,0,0.56944,0.735811,1.11052,0,0,0,2.6376,0,0,0,0,0.29977,0,0,0.0299892,0,0,0.329759,0,0,0,0,0,0,0,0,0,0,0,24.675,309.205,0,0.000184596,0.004509,
10,23,9,0,0,0.221825,0,0,0,0.4857,0.718346,0.960451,0,0,0,2.38632,0,0,0,0,0.480909,0,0,0.0259366,0,0,0.506846,0,0,0,0,0,0,0,0,0,0,0,22.7192,309.205,0,0.00013053,0.004509,
10,23,10,0,0,0.221825,0,0,0,0.452204,0.721839,0.990466,0,0,0,2.38633,0,0,0,0,0.16373,0,0,0.0267471,0,0,0.190477,0,0,0,0,0,0,0,0,0,0,0,22.265,309.205,0,0.000105633,0.004509,
10,23,11,0,0,0.221825,0,0,0,0.418708,0.721839,0.990466,0,0,0,2.35284,0,0,0,0,0.0265389,0,0,0.0267471,0,0,0.053286,0,0,0,0,0,0,0,0,0,0,0,22.2623,309.205,0,7.83938e-005,0.004509,
10,23,12,0,0,0.221825,0,0,0,0.351715,0.718346,0.960451,0,0,0,2.25234,0,0,0,0,0.100862,0,0,0.0259366,0,0,0.126799,0,0,0,0,0,0,0,0,0,0,0,22.2668,309.205,0,7.40172e-005,0.004509,
10,23,13,0,0,0.221825,0,0,0,0.351715,0.721839,0.990466,0,0,0,2.28584,0,0,0,0,0.0347477,0,0,0.0267471,0,0,0.0614948,0,0,0,0,0,0,0,0,0,0,0,22.2694,309.205,0,7.12652e-005,0.004509,
10,23,14,0,0,0.221825,0,0,0,0.351715,0.728825,1.0505,0,0,0,2.35286,0,0,0,0,0.141913,0,0,0.0283681,0,0,0.170281,0,0,0,0,0,0,0,0,0,0,0,22.2941,309.205,0,7.19751e-005,0.004509,
10,23,15,0,0,0.221825,0,0,0,0.435454,0.735811,1.11052,0,0,0,2.50361,0,0,0,0,0.0789853,0,0,0.0299892,0,0,0.108975,0,0,0,0,0,0,0,0,0,0,0,22.2906,309.205,0,7.16928e-005,0.004509,
10,23,16,0,0,0.221825,0,0,0,0.519197,0.760261,1.32062,0,0,0,2.8219,0,0,0,0,0.150712,0,0,0.0356628,0,0,0.186375,0,0,0,0,0,0,0,0,0,0,0,23.0322,309.205,0,9.10345e-005,0.004509,
10,23,17,0,0,0.221825,0,0,0,0.736923,0.791698,1.59075,0,0,0,3.3412,0,0,0,0,0.174788,0,0,0.0429574,0,0,0.217745,0,0,0,0,0,0,0,0,0,0,0,26.4134,309.205,0,0.000212948,0.004509,
10,23,18,0,0,0.221825,0,0,0,1.40685,0.809163,1.74082,0,0,0,4.17866,0,0,0,0,0.204986,0,0,0.04701,0,0,0.251996,0,0,0,0,0,0,0,0,0,0,0,27.3667,309.205,0,0.000242037,0.004509,
10,23,19,0,0,0.221825,0,0,0,1.9763,0.816149,1.80085,0,0,0,4.81512,0,0,0,0,0.164236,0,0,0.0486311,0,0,0.212867,0,0,0,0,0,0,0,0,0,0,0,27.3672,309.205,0,0.000242069,0.004509,
10,23,20,0,0,0.221825,0,0,0,1.89255,0.823135,1.86088,0.382647,0,0,5.18104,0,0,0,0,0.103291,0,0,0.0502522,0,0,0.153543,0,0,0,0,0,0,0,0,0,0,0,27.3448,309.205,0,0.000240773,0.004509,
10,23,21,0,0,0.221825,0,0,0,1.60783,0.816149,1.80085,0.382647,0,0,4.8293,0,0,0,0,0.194718,0,0,0.0486311,0,0,0.243349,0,0,0,0,0,0,0,0,0,0,0,27.338,309.205,0,0.000240832,0.004509,
10,23,22,0,0,0.221825,0,0,0,1.05514,0.788205,1.56074,0.382647,0,0,4.00855,0,0,0,0,0.0432352,0,0,0.042147,0,0,0.0853822,0,0,0,0,0,0,0,0,0,0,0,27.3103,309.205,0,0.00023915,0.004509,
10,23,23,0,0,0.221825,0,0,0,0.636433,0.763754,1.35064,0.382647,0,0,3.3553,0,0,0,0,0.0292793,0,0,0.0364733,0,0,0.0657526,0,0,0,0,0,0,0,0,0,0,0,27.3069,309.205,0,0.000238965,0.004509,
10,23,24,0,0,0.221825,0,0,0,0.385211,0.735811,1.11052,0,0,0,2.45337,0,0,0,0,0,0,0,0.0299892,0,0,0.0299892,0,0,0,0,0,0,0,0,0,0,0,27.2729,309.205,0,0.000238446,0.004509,
10,24,1,0,0,0.221825,0,0,0,0.318218,0.728825,1.0505,0,0,0,2.31936,0,0,0,0,0,0,0,0.0283681,0,0,0.0283681,0,0,0,0,0,0,0,0,0,0,0,26.8097,309.205,0,0.000224525,0.004509,
10,24,2,0,0,0.221825,0,0,0,0.251224,0.725332,1.02048,0,0,0,2.21886,0,0,0,0,0,0,0,0.0275576,0,0,0.0275576,0,0,0,0,0,0,0,0,0,0,0,26.565,309.205,0,0.000220044,0.004509,
10,24,3,0,0,0.221825,0,0,0,0.28472,0.725332,1.02048,0,0,0,2.25236,0,0,0,0,0,0,0,0.0275576,0,0,0.0275576,0,0,0,0,0,0,0,0,0,0,0,26.55,309.205,0,0.000219071,0.004509,
10,24,4,0,0,0.221825,0,0,0,0.351715,0.718346,0.960451,0,0,0,2.25234,0,0,0,0,0,0,0,0.0259366,0,0,0.0259366,0,0,0,0,0,0,0,0,0,0,0,26.5933,309.205,0,0.000218588,0.004509,
10,24,5,0,0,0.221825,0,0,0,0.519197,0.732318,1.08051,0,0,0,2.55385,0,0,0,0,0.004215,0,0,0.0291787,0,0,0.0333937,0,0,0,0,0,0,0,0,0,0,0,26.758,309.205,0,0.000224231,0.004509,
10,24,6,0,0,0.221825,0,0,0,0.703426,0.753275,1.26059,0,0,0,2.93912,0,0,0,0,0.377368,0,0,0.0340418,0,0,0.41141,0,0,0,0,0,0,0,0,0,0,0,27.0138,309.205,0,0.000227923,0.004509,
10,24,7,0,0,0.221825,0,0,0,0.686679,0.760261,1.32062,0,0,0,2.98939,0,0,0,0,0.341699,0,0,0.0356628,0,0,0.377362,0,0,0,0,0,0,0,0,0,0,0,27.0258,309.205,0,0.000228285,0.004509,
10,24,8,0,0,0.221825,0,0,0,0.56944,0.735811,1.11052,0,0,0,2.6376,0,0,0,0,0.0408663,0,0,0.0299892,0,0,0.0708555,0,0,0,0,0,0,0,0,0,0,0,22.5307,309.205,0,0.000131559,0.004509,
10,24,9,0,0,0.221825,0,0,0,0.4857,0.718346,0.960451,0,0,0,2.38632,0,0,0,0,0.320554,0,0,0.0259366,0,0,0.346491,0,0,0,0,0,0,0,0,0,0,0,20.5026,309.205,0,2.74731e-005,0.004509,
10,24,10,0,0,0.221825,0,0,0,0.452204,0.721839,0.990466,0,0,0,2.38633,0,0,0,0,0.114317,0,0,0.0267471,0,0,0.141064,0,0,0,0,0,0,0,0,0,0,0,20.2508,309.205,0,1.27403e-005,0.004509,
10,24,11,0,0,0.221825,0,0,0,0.418708,0.721839,0.990466,0,0,0,2.35284,0,0,0,0,0.162796,0,0,0.0267471,0,0,0.189543,0,0,0,0,0,0,0,0,0,0,0,20.1981,309.205,0,1.04761e-005,0.004509,
10,24,12,0,0,0.221825,0,0,0,0.351715,0.718346,0.960451,0,0,0,2.25234,0,0,0,0,0.258617,0,0,0.0259366,0,0,0.284554,0,0,0,0,0,0,0,0,0,0,0,20.1542,309.205,0,9.8789e-006,0.004509,
10,24,13,0,0,0.221825,0,0,0,0.351715,0.721839,0.990466,0,0,0,2.28584,0,0,0,0,0.0565837,0,0,0.0267471,0,0,0.0833308,0,0,0,0,0,0,0,0,0,0,0,20.1795,309.205,0,9.82541e-006,0.004509,
10,24,14,0,0,0.221825,0,0,0,0.351715,0.728825,1.0505,0,0,0,2.35286,0,0,0,0,0.109042,0,0,0.0283681,0,0,0.13741,0,0,0,0,0,0,0,0,0,0,0,20.1883,309.205,0,9.92915e-006,0.004509,
10,24,15,0,0,0.221825,0,0,0,0.435454,0.735811,1.11052,0,0,0,2.50361,0,0,0,0,0.0314932,0,0,0.0299892,0,0,0.0614824,0,0,0,0,0,0,0,0,0,0,0,20.23,309.205,0,1.03828e-005,0.004509,
10,24,16,0,0,0.221825,0,0,0,0.519197,0.760261,1.32062,0,0,0,2.8219,0,0,0,0,0.0479428,0,0,0.0356628,0,0,0.0836056,0,0,0,0,0,0,0,0,0,0,0,20.681,309.205,0,1.97036e-005,0.004509,
10,24,17,0,0,0.221825,0,0,0,0.736923,0.791698,1.59075,0,0,0,3.3412,0,0,0,0,0.129935,0,0,0.0429574,0,0,0.172892,0,0,0,0,0,0,0,0,0,0,0,25.5397,309.205,0,0.000188547,0.004509,
10,24,18,0,0,0.221825,0,0,0,1.40685,0.809163,1.74082,0,0,0,4.17866,0,0,0,0,0.149401,0,0,0.04701,0,0,0.196411,0,0,0,0,0,0,0,0,0,0,0,27.3377,309.205,0,0.000230553,0.004509,
10,24,19,0,0,0.221825,0,0,0,1.9763,0.816149,1.80085,0,0,0,4.81512,0,0,0,0,0.235924,0,0,0.0486311,0,0,0.284555,0,0,0,0,0,0,0,0,0,0,0,27.3416,309.205,0,0.000230663,0.004509,
10,24,20,0,0,0.221825,0,0,0,1.89255,0.823135,1.86088,0.382647,0,0,5.18104,0,0,0,0,0.136168,0,0,0.0502522,0,0,0.18642,0,0,0,0,0,0,0,0,0,0,0,27.3443,309.205,0,0.000230534,0.004509,
10,24,21,0,0,0.221825,0,0,0,1.60783,0.816149,1.80085,0.382647,0,0,4.8293,0,0,0,0,0.133335,0,0,0.0486311,0,0,0.181966,0,0,0,0,0,0,0,0,0,0,0,27.3449,309.205,0,0.000230558,0.004509,
10,24,22,0,0,0.221825,0,0,0,1.05514,0.788205,1.56074,0.382647,0,0,4.00855,0,0,0,0,0.188856,0,0,0.042147,0,0,0.231003,0,0,0,0,0,0,0,0,0,0,0,27.3449,309.205,0,0.000230544,0.004509,
10,24,23,0,0,0.221825,0,0,0,0.636433,0.763754,1.35064,0.382647,0,0,3.3553,0,0,0,0,0.00393229,0,0,0.0364733,0,0,0.0404056,0,0,0,0,0,0,0,0,0,0,0,27.348,309.205,0,0.000230639,0.004509,
10,24,24,0,0,0.221825,0,0,0,0.385211,0.735811,1.11052,0,0,0,2.45337,0,0,0,0,0.0806562,0,0,0.0299892,0,0,0.110645,0,0,0,0,0,0,0,0,0,0,0,27.3407,309.205,0,0.000230468,0.004509,
10,25,1,0,0,0.221825,0,0,0,0.318218,0.728825,1.0505,0,0,0,2.31936,0,0,0,0,0.00525766,0,0,0.0283681,0,0,0.0336258,0,0,0,0,0,0,0,0,0,0,0,27.3481,309.205,0,0.000226466,0.004509,
10,25,2,0,0,0.221825,0,0,0,0.251224,0.725332,1.02048,0,0,0,2.21886,0,0,0,0,0,0,0,0.0275576,0,0,0.0275576,0,0,0,0,0,0,0,0,0,0,0,27.2289,309.205,0,0.000224616,0.004509,
10,25,3,0,0,0.221825,0,0,0,0.28472,0.725332,1.02048,0,0,0,2.25236,0,0,0,0,0.000233824,0,0,0.0275576,0,0,0.0277914,0,0,0,0,0,0,0,0,0,0,0,27.3424,309.205,0,0.00022642,0.004509,
10,25,4,0,0,0.221825,0,0,0,0.351715,0.718346,0.960451,0,0,0,2.25234,0,0,0,0,0.000501597,0,0,0.0259366,0,0,0.0264382,0,0,0,0,0,0,0,0,0,0,0,27.3981,309.205,0,0.000227721,0.004509,
10,25,5,0,0,0.221825,0,0,0,0.519197,0.732318,1.08051,0,0,0,2.55385,0,0,0,0,0.00172438,0,0,0.0291787,0,0,0.0309031,0,0,0,0,0,0,0,0,0,0,0,27.4158,309.205,0,0.000228094,0.004509,
10,25,6,0,0,0.221825,0,0,0,0.703426,0.753275,1.26059,0,0,0,2.93912,0,0,0,0,0.115708,0,0,0.0340418,0,0,0.14975,0,0,0,0,0,0,0,0,0,0,0,27.4189,309.205,0,0.000228134,0.004509,
10,25,7,0,0,0.221825,0,0,0,0.686679,0.760261,1.32062,0,0,0,2.98939,0,0,0,0,0.123131,0,0,0.0356628,0,0,0.158794,0,0,0,0,0,0,0,0,0,0,0,27.4115,309.205,0,0.000228063,0.004509,
10,25,8,0,0,0.221825,0,0,0,0.56944,0.735811,1.11052,0,0,0,2.6376,0,0,0,0,0.0439101,0,0,0.0299892,0,0,0.0738993,0,0,0,0,0,0,0,0,0,0,0,22.9957,309.205,0,0.000133033,0.004509,
10,25,9,0,0,0.221825,0,0,0,0.4857,0.718346,0.960451,0,0,0,2.38632,0,0,0,0,0.487182,0,0,0.0259366,0,0,0.513119,0,0,0,0,0,0,0,0,0,0,0,19.3944,309.205,0,2.4889e-005,0.004509,
10,25,10,0,0,0.221825,0,0,0,0.452204,0.721839,0.990466,0,0,0,2.38633,0,0,0,0,0.233797,0,0,0.0267471,0,0,0.260544,0,0,0,0,0,0,0,0,0,0,0,19.2314,309.205,0,5.07466e-006,0.004509,
10,25,11,0,0,0.221825,0,0,0,0.418708,0.721839,0.990466,0,0,0,2.35284,0,0,0,0,0.0357609,0,0,0.0267471,0,0,0.062508,0,0,0,0,0,0,0,0,0,0,0,19.2046,309.205,0,2.46916e-006,0.004509,
10,25,12,0,0,0.221825,0,0,0,0.351715,0.718346,0.960451,0,0,0,2.25234,0,0,0,0,0.148718,0,0,0.0259366,0,0,0.174655,0,0,0,0,0,0,0,0,0,0,0,19.1821,309.205,0,0,0.004509,
10,25,13,0,0,0.221825,0,0,0,0.351715,0.721839,0.990466,0,0,0,2.28584,0,0,0,0,0.00814358,0,0,0.0267471,0,0,0.0348907,0,0,0,0,0,0,0,0,0,0,0,19.2319,309.205,0,0,0.004509,
10,25,14,0,0,0.221825,0,0,0,0.351715,0.728825,1.0505,0,0,0,2.35286,0,0,0,0,0.194197,0,0,0.0283681,0,0,0.222565,0,0,0,0,0,0,0,0,0,0,0,19.2222,309.205,0,0,0.004509,
10,25,15,0,0,0.221825,0,0,0,0.435454,0.735811,1.11052,0,0,0,2.50361,0,0,0,0,0.0770858,0,0,0.0299892,0,0,0.107075,0,0,0,0,0,0,0,0,0,0,0,19.2115,309.205,0,0,0.004509,
10,25,16,0,0,0.221825,0,0,0,0.519197,0.760261,1.32062,0,0,0,2.8219,0,0,0,0,0.0920293,0,0,0.0356628,0,0,0.127692,0,0,0,0,0,0,0,0,0,0,0,19.4122,309.205,0,6.24452e-006,0.004509,
10,25,17,0,0,0.221825,0,0,0,0.736923,0.791698,1.59075,0,0,0,3.3412,0,0,0,0,0.0774403,0,0,0.0429574,0,0,0.120398,0,0,0,0,0,0,0,0,0,0,0,25.3128,309.205,0,0.000172937,0.004509,
10,25,18,0,0,0.221825,0,0,0,1.40685,0.809163,1.74082,0,0,0,4.17866,0,0,0,0,0.277992,0,0,0.04701,0,0,0.325002,0,0,0,0,0,0,0,0,0,0,0,27.3621,309.205,0,0.000227465,0.004509,
10,25,19,0,0,0.221825,0,0,0,1.9763,0.816149,1.80085,0,0,0,4.81512,0,0,0,0,0.0353663,0,0,0.0486311,0,0,0.0839974,0,0,0,0,0,0,0,0,0,0,0,27.3669,309.205,0,0.000227714,0.004509,
10,25,20,0,0,0.221825,0,0,0,1.89255,0.823135,1.86088,0.382647,0,0,5.18104,0,0,0,0,0.0760335,0,0,0.0502522,0,0,0.126286,0,0,0,0,0,0,0,0,0,0,0,27.3671,309.205,0,0.000227664,0.004509,
10,25,21,0,0,0.221825,0,0,0,1.60783,0.816149,1.80085,0.382647,0,0,4.8293,0,0,0,0,0.180765,0,0,0.0486311,0,0,0.229396,0,0,0,0,0,0,0,0,0,0,0,29.0767,309.205,0,0.000227744,0.004509,
10,25,22,0,0,0.221825,0,0,0,1.05514,0.788205,1.56074,0.382647,0,0,4.00855,0,0,0,0,0.0581522,0,0,0.042147,0,0,0.100299,0,0,0,0,0,0,0,0,0,0,0,29.9911,309.205,0,0.000227744,0.004509,
10,25,23,0,0,0.221825,0,0,0,0.636433,0.763754,1.35064,0.382647,0,0,3.3553,0,0,0,0,0.00300505,0,0,0.0364733,0,0,0.0394784,0,0,0,0,0,0,0,0,0,0,0,29.6825,309.205,0,0.000227813,0.004509,
10,25,24,0,0,0.221825,0,0,0,0.385211,0.735811,1.11052,0,0,0,2.45337,0,0,0,0,0,0,0,0.0299892,0,0,0.0299892,0,0,0,0,0,0,0,0,0,0,0,27.3759,309.205,0,0.000227844,0.004509,
10,26,1,0,0,0.221825,0,0,0,0.318218,0.728825,1.0505,0,0,0,2.31936,0,0,0,0,0,0,0,0.0283681,0,0,0.0283681,0,0,0,0,0,0,0,0,0,0,0,26.7725,309.205,0,0.000211401,0.004509,
10,26,2,0,0,0.221825,0,0,0,0.251224,0.725332,1.02048,0,0,0,2.21886,0,0,0,0,0,0,0,0.0275576,0,0,0.0275576,0,0,0,0,0,0,0,0,0,0,0,26.6263,309.205,0,0.000207844,0.004509,
10,26,3,0,0,0.221825,0,0,0,0.28472,0.725332,1.02048,0,0,0,2.25236,0,0,0,0,0,0,0,0.0275576,0,0,0.0275576,0,0,0,0,0,0,0,0,0,0,0,26.5908,309.205,0,0.000207224,0.004509,
10,26,4,0,0,0.221825,0,0,0,0.351715,0.718346,0.960451,0,0,0,2.25234,0,0,0,0,0.000366553,0,0,0.0259366,0,0,0.0263032,0,0,0,0,0,0,0,0,0,0,0,26.6082,309.205,0,0.000207088,0.004509,
10,26,5,0,0,0.221825,0,0,0,0.519197,0.732318,1.08051,0,0,0,2.55385,0,0,0,0,0.00203425,0,0,0.0291787,0,0,0.031213,0,0,0,0,0,0,0,0,0,0,0,26.7838,309.205,0,0.000210818,0.004509,
10,26,6,0,0,0.221825,0,0,0,0.703426,0.753275,1.26059,0,0,0,2.93912,0,0,0,0,0.000595549,0,0,0.0340418,0,0,0.0346373,0,0,0,0,0,0,0,0,0,0,0,27.5105,309.205,0,0.000213592,0.004509,
10,26,7,0,0,0.221825,0,0,0,0.686679,0.760261,1.32062,0,0,0,2.98939,0,0,0,0,0.0199732,0,0,0.0356628,0,0,0.055636,0,0,0,0,0,0,0,0,0,0,0,36.8706,309.205,0,0.000213668,0.004509,
10,26,8,0,0,0.221825,0,0,0,0.56944,0.735811,1.11052,0,0,0,2.6376,0,0,0,0,0.0130508,0,0,0.0299892,0,0,0.04304,0,0,0,0,0,0,0,0,0,0,0,22.6903,309.205,0,0.00010836,0.004509,
10,26,9,0,0,0.221825,0,0,0,0.4857,0.718346,0.960451,0,0,0,2.38632,0,0,0,0,0.213279,0,0,0.0259366,0,0,0.239216,0,0,0,0,0,0,0,0,0,0,0,18.9344,309.205,0,4.34286e-006,0.004509,
10,26,10,0,0,0.221825,0,0,0,0.452204,0.721839,0.990466,0,0,0,2.38633,0,0,0,0,0.115622,0,0,0.0267471,0,0,0.142369,0,0,0,0,0,0,0,0,0,0,0,18.8671,309.205,0,0,0.004509,
10,26,11,0,0,0.221825,0,0,0,0.418708,0.721839,0.990466,0,0,0,2.35284,0,0,0,0,0.000637259,0,0,0.0267471,0,0,0.0273844,0,0,0,0,0,0,0,0,0,0,0,18.8741,309.205,0,0,0.004509,
10,26,12,0,0,0.221825,0,0,0,0.351715,0.718346,0.960451,0,0,0,2.25234,0,0,0,0,0.0248268,0,0,0.0259366,0,0,0.0507634,0,0,0,0,0,0,0,0,0,0,0,18.7508,309.205,0,0,0.004509,
10,26,13,0,0,0.221825,0,0,0,0.351715,0.721839,0.990466,0,0,0,2.28584,0,0,0,0,0.00556369,0,0,0.0267471,0,0,0.0323108,0,0,0,0,0,0,0,0,0,0,0,18.7224,309.205,0,0,0.004509,
10,26,14,0,0,0.221825,0,0,0,0.351715,0.728825,1.0505,0,0,0,2.35286,0,0,0,0,0.0214461,0,0,0.0283681,0,0,0.0498142,0,0,0,0,0,0,0,0,0,0,0,18.7546,309.205,0,0,0.004509,
10,26,15,0,0,0.221825,0,0,0,0.435454,0.735811,1.11052,0,0,0,2.50361,0,0,0,0,0.0319743,0,0,0.0299892,0,0,0.0619635,0,0,0,0,0,0,0,0,0,0,0,18.7955,309.205,0,0,0.004509,
10,26,16,0,0,0.221825,0,0,0,0.519197,0.760261,1.32062,0,0,0,2.8219,0,0,0,0,0.0028986,0,0,0.0356628,0,0,0.0385614,0,0,0,0,0,0,0,0,0,0,0,19.486,309.205,0,1.22684e-005,0.004509,
10,26,17,0,0,0.221825,0,0,0,0.736923,0.791698,1.59075,0,0,0,3.3412,0,0,0,0,0.00116351,0,0,0.0429574,0,0,0.0441209,0,0,0,0,0,0,0,0,0,0,0,26.5157,309.205,0,0.000205802,0.004509,
10,26,18,0,0,0.221825,0,0,0,1.40685,0.809163,1.74082,0,0,0,4.17866,0,0,0,0,0.0160249,0,0,0.04701,0,0,0.0630349,0,0,0,0,0,0,0,0,0,0,0,27.0879,309.205,0,0.000221406,0.004509,
10,26,19,0,0,0.221825,0,0,0,1.9763,0.816149,1.80085,0,0,0,4.81512,0,0,0,0,0.00255344,0,0,0.0486311,0,0,0.0511845,0,0,0,0,0,0,0,0,0,0,0,27.0987,309.205,0,0.000221844,0.004509,
10,26,20,0,0,0.221825,0,0,0,1.89255,0.823135,1.86088,0.382647,0,0,5.18104,0,0,0,0,0.013812,0,0,0.0502522,0,0,0.0640642,0,0,0,0,0,0,0,0,0,0,0,27.0793,309.205,0,0.000220662,0.004509,
10,26,21,0,0,0.221825,0,0,0,1.60783,0.816149,1.80085,0.382647,0,0,4.8293,0,0,0,0,0.0660675,0,0,0.0486311,0,0,0.114699,0,0,0,0,0,0,0,0,0,0,0,27.083,309.205,0,0.000220442,0.004509,
10,26,22,0,0,0.221825,0,0,0,1.05514,0.788205,1.56074,0.382647,0,0,4.00855,0,0,0,0,0.0738245,0,0,0.042147,0,0,0.115971,0,0,0,0,0,0,0,0,0,0,0,27.0005,309.205,0,0.000214794,0.004509,
10,26,23,0,0,0.221825,0,0,0,0.636433,0.763754,1.35064,0.382647,0,0,3.3553,0,0,0,0,0.0651792,0,0,0.0364733,0,0,0.101653,0,0,0,0,0,0,0,0,0,0,0,26.979,309.205,0,0.000213648,0.004509,
10,26,24,0,0,0.221825,0,0,0,0.385211,0.735811,1.11052,0,0,0,2.45337,0,0,0,0,0,0,0,0.0299892,0,0,0.0299892,0,0,0,0,0,0,0,0,0,0,0,26.9446,309.205,0,0.000213586,0.004509,
10,27,1,0.411196,0,0.221825,0,0,0,0.318218,0.728825,1.0505,0,0,0,2.73056,0.342617,0,0,0,0.0633968,0,0,0.0283681,0,0,0.434382,0,0,0,0,0,0,0,0,0,0,0,26.6201,309.205,0,0.000207724,0.004509,
10,27,2,0.39915,0,0.221825,0,0,0,0.251224,0.725332,1.02048,0,0,0,2.61801,0.332581,0,0,0,0.0310572,0,0,0.0275576,0,0,0.391196,0,0,0,0,0,0,0,0,0,0,0,26.3654,309.205,0,0.000202517,0.004509,
10,27,3,0.474877,0,0.221825,0,0,0,0.28472,0.725332,1.02048,0,0,0,2.72723,0.395679,0,0,0,0,0,0,0.0275576,0,0,0.423237,0,0,0,0,0,0,0,0,0,0,0,26.2854,309.205,0,0.000200389,0.004509,
10,27,4,0.525572,0,0.221825,0,0,0,0.351715,0.718346,0.960451,0,0,0,2.77791,0.43792,0,0,0,0,0,0,0.0259366,0,0,0.463857,0,0,0,0,0,0,0,0,0,0,0,26.2816,309.205,0,0.000200565,0.004509,
10,27,5,0.529071,0,0.221825,0,0,0,0.519197,0.732318,1.08051,0,0,0,3.08292,0.440834,0,0,0,0.045084,0,0,0.0291787,0,0,0.515097,0,0,0,0,0,0,0,0,0,0,0,26.5179,309.205,0,0.000205916,0.004509,
10,27,6,0.532421,0,0.221825,0,0,0,0.703426,0.753275,1.26059,0,0,0,3.47154,0.443627,0,0,0,0.123352,0,0,0.0340418,0,0,0.601021,0,0,0,0,0,0,0,0,0,0,0,26.6656,309.205,0,0.000209407,0.004509,
10,27,7,0.437072,0,0.221825,0,0,0,0.686679,0.760261,1.32062,0,0,0,3.42646,0.364179,0,0,0,0.218338,0,0,0.0356628,0,0,0.61818,0,0,0,0,0,0,0,0,0,0,0,26.69,309.205,0,0.00020951,0.004509,
10,27,8,0.215618,0,0.221825,0,0,0,0.56944,0.735811,1.11052,0,0,0,2.85322,0.179658,0,0,0,0.592996,0,0,0.0299892,0,0,0.802643,0,0,0,0,0,0,0,0,0,0,0,22.2461,309.205,0,7.49202e-005,0.004509,
10,27,9,0.0445443,0,0.221825,0,0,0,0.4857,0.718346,0.960451,0,0,0,2.43087,0.0371154,0,0,0,0.238472,0,0,0.0259366,0,0,0.301524,0,0,0,0,0,0,0,0,0,0,0,18.8305,309.205,0,1.30919e-006,0.004509,
10,27,10,0.000351067,0,0.221825,0,0,0,0.452204,0.721839,0.990466,0,0,0,2.38668,0.000292518,0,0,0,0.119516,0,0,0.0267471,0,0,0.146556,0,0,0,0,0,0,0,0,0,0,0,18.6398,309.205,0,0,0.004509,
10,27,11,0,0,0.221825,0,0,0,0.418708,0.721839,0.990466,0,0,0,2.35284,0,0,0,0,0.114873,0,0,0.0267471,0,0,0.14162,0,0,0,0,0,0,0,0,0,0,0,18.6094,309.205,0,0,0.004509,
10,27,12,0,0,0.221825,0,0,0,0.351715,0.718346,0.960451,0,0,0,2.25234,0,0,0,0,0.110132,0,0,0.0259366,0,0,0.136069,0,0,0,0,0,0,0,0,0,0,0,18.6069,309.205,0,0,0.004509,
10,27,13,0,0,0.221825,0,0,0,0.351715,0.721839,0.990466,0,0,0,2.28584,0,0,0,0,0.0513246,0,0,0.0267471,0,0,0.0780717,0,0,0,0,0,0,0,0,0,0,0,18.6861,309.205,0,0,0.004509,
10,27,14,0,0,0.221825,0,0,0,0.351715,0.728825,1.0505,0,0,0,2.35286,0,0,0,0,0.0895011,0,0,0.0283681,0,0,0.117869,0,0,0,0,0,0,0,0,0,0,0,18.4262,309.205,0,0,0.004509,
10,27,15,0,0,0.221825,0,0,0,0.435454,0.735811,1.11052,0,0,0,2.50361,0,0,0,0,0.120023,0,0,0.0299892,0,0,0.150012,0,0,0,0,0,0,0,0,0,0,0,18.4269,309.205,0,0,0.004509,
10,27,16,0,0,0.221825,0,0,0,0.519197,0.760261,1.32062,0,0,0,2.8219,0,0,0,0,0.172582,0,0,0.0356628,0,0,0.208245,0,0,0,0,0,0,0,0,0,0,0,19.2733,309.205,0,7.5986e-006,0.004509,
10,27,17,0,0,0.221825,0,0,0,0.736923,0.791698,1.59075,0,0,0,3.3412,0,0,0,0,0.229632,0,0,0.0429574,0,0,0.272589,0,0,0,0,0,0,0,0,0,0,0,26.607,309.205,0,0.000207154,0.004509,
10,27,18,0,0,0.221825,0,0,0,1.40685,0.809163,1.74082,0,0,0,4.17866,0,0,0,0,0.299704,0,0,0.04701,0,0,0.346714,0,0,0,0,0,0,0,0,0,0,0,26.779,309.205,0,0.000214741,0.004509,
10,27,19,0,0,0.221825,0,0,0,1.9763,0.816149,1.80085,0,0,0,4.81512,0,0,0,0,0.11602,0,0,0.0486311,0,0,0.164651,0,0,0,0,0,0,0,0,0,0,0,26.7846,309.205,0,0.000215023,0.004509,
10,27,20,0,0,0.221825,0,0,0,1.89255,0.823135,1.86088,0.382647,0,0,5.18104,0,0,0,0,0.128747,0,0,0.0502522,0,0,0.178999,0,0,0,0,0,0,0,0,0,0,0,26.7676,309.205,0,0.000214042,0.004509,
10,27,21,0,0,0.221825,0,0,0,1.60783,0.816149,1.80085,0.382647,0,0,4.8293,0,0,0,0,0.144937,0,0,0.0486311,0,0,0.193568,0,0,0,0,0,0,0,0,0,0,0,26.7693,309.205,0,0.000214124,0.004509,
10,27,22,0,0,0.221825,0,0,0,1.05514,0.788205,1.56074,0.382647,0,0,4.00855,0,0,0,0,0.318234,0,0,0.042147,0,0,0.360381,0,0,0,0,0,0,0,0,0,0,0,26.7265,309.205,0,0.000210489,0.004509,
10,27,23,0,0,0.221825,0,0,0,0.636433,0.763754,1.35064,0.382647,0,0,3.3553,0,0,0,0,0.043353,0,0,0.0364733,0,0,0.0798263,0,0,0,0,0,0,0,0,0,0,0,26.6635,309.205,0,0.000209197,0.004509,
10,27,24,0,0,0.221825,0,0,0,0.385211,0.735811,1.11052,0,0,0,2.45337,0,0,0,0,0,0,0,0.0299892,0,0,0.0299892,0,0,0,0,0,0,0,0,0,0,0,26.6444,309.205,0,0.000209125,0.004509,
10,28,1,0,0,0.221825,0,0,0,0.318218,0.728825,1.0505,0,0,0,2.31936,0,0,0,0,0.00203966,0,0,0.0283681,0,0,0.0304078,0,0,0,0,0,0,0,0,0,0,0,26.6933,309.205,0,0.000192876,0.004509,
10,28,2,0,0,0.221825,0,0,0,0.251224,0.725332,1.02048,0,0,0,2.21886,0,0,0,0,0.0144438,0,0,0.0275576,0,0,0.0420014,0,0,0,0,0,0,0,0,0,0,0,26.7258,309.205,0,0.0001912,0.004509,
10,28,3,0,0,0.221825,0,0,0,0.28472,0.725332,1.02048,0,0,0,2.25236,0,0,0,0,0,0,0,0.0275576,0,0,0.0275576,0,0,0,0,0,0,0,0,0,0,0,26.758,309.205,0,0.000191922,0.004509,
10,28,4,0,0,0.221825,0,0,0,0.351715,0.718346,0.960451,0,0,0,2.25234,0,0,0,0,0.000220163,0,0,0.0259366,0,0,0.0261568,0,0,0,0,0,0,0,0,0,0,0,26.8063,309.205,0,0.000194414,0.004509,
10,28,5,0,0,0.221825,0,0,0,0.519197,0.732318,1.08051,0,0,0,2.55385,0,0,0,0,0.000220163,0,0,0.0291787,0,0,0.0293989,0,0,0,0,0,0,0,0,0,0,0,26.9999,309.205,0,0.000197826,0.004509,
10,28,6,0.0293831,0,0.221825,0,0,0,0.703426,0.753275,1.26059,0,0,0,2.9685,0.0244827,0,0,0,0.141804,0,0,0.0340418,0,0,0.200328,0,0,0,0,0,0,0,0,0,0,0,27.0742,309.205,0,0.000200116,0.004509,
10,28,7,0.140226,0,0.221825,0,0,0,0.686679,0.760261,1.32062,0,0,0,3.12961,0.116839,0,0,0,0.923749,0,0,0.0356628,0,0,1.07625,0,0,0,0,0,0,0,0,0,0,0,27.0939,309.205,0,0.000200354,0.004509,
10,28,8,0.0306852,0,0.221825,0,0,0,0.56944,0.735811,1.11052,0,0,0,2.66829,0.0255676,0,0,0,0.149502,0,0,0.0299892,0,0,0.205059,0,0,0,0,0,0,0,0,0,0,0,22.9808,309.205,0,0.00010177,0.004509,
10,28,9,0,0,0.221825,0,0,0,0.4857,0.718346,0.960451,0,0,0,2.38632,0,0,0,0,0.17963,0,0,0.0259366,0,0,0.205567,0,0,0,0,0,0,0,0,0,0,0,19.1197,309.205,0,1.8712e-006,0.004509,
10,28,10,0,0,0.221825,0,0,0,0.452204,0.721839,0.990466,0,0,0,2.38633,0,0,0,0,0.0284853,0,0,0.0267471,0,0,0.0552324,0,0,0,0,0,0,0,0,0,0,0,18.6831,309.205,0,0,0.004509,
10,28,11,0,0,0.221825,0,0,0,0.418708,0.721839,0.990466,0,0,0,2.35284,0,0,0,0,0.0783396,0,0,0.0267471,0,0,0.105087,0,0,0,0,0,0,0,0,0,0,0,18.672,309.205,0,0,0.004509,
10,28,12,0,0,0.221825,0,0,0,0.351715,0.718346,0.960451,0,0,0,2.25234,0,0,0,0,0.0852141,0,0,0.0259366,0,0,0.111151,0,0,0,0,0,0,0,0,0,0,0,18.786,309.205,0,0,0.004509,
10,28,13,0,0,0.221825,0,0,0,0.351715,0.721839,0.990466,0,0,0,2.28584,0,0,0,0,0.0884427,0,0,0.0267471,0,0,0.11519,0,0,0,0,0,0,0,0,0,0,0,18.6936,309.205,0,0,0.004509,
10,28,14,0,0,0.221825,0,0,0,0.351715,0.728825,1.0505,0,0,0,2.35286,0,0,0,0,0.110563,0,0,0.0283681,0,0,0.138931,0,0,0,0,0,0,0,0,0,0,0,18.7392,309.205,0,0,0.004509,
10,28,15,0,0,0.221825,0,0,0,0.435454,0.735811,1.11052,0,0,0,2.50361,0,0,0,0,0.633907,0,0,0.0299892,0,0,0.663896,0,0,0,0,0,0,0,0,0,0,0,18.7971,309.205,0,0,0.004509,
10,28,16,0,0,0.221825,0,0,0,0.519197,0.760261,1.32062,0,0,0,2.8219,0,0,0,0,0.0244533,0,0,0.0356628,0,0,0.0601161,0,0,0,0,0,0,0,0,0,0,0,19.382,309.205,0,9.53944e-006,0.004509,
10,28,17,0,0,0.221825,0,0,0,0.736923,0.791698,1.59075,0,0,0,3.3412,0,0,0,0,0.0199077,0,0,0.0429574,0,0,0.0628651,0,0,0,0,0,0,0,0,0,0,0,26.2786,309.205,0,0.000199665,0.004509,
10,28,18,0,0,0.221825,0,0,0,1.40685,0.809163,1.74082,0,0,0,4.17866,0,0,0,0,0.0722015,0,0,0.04701,0,0,0.119212,0,0,0,0,0,0,0,0,0,0,0,27.1555,309.205,0,0.000226989,0.004509,
10,28,19,0,0,0.221825,0,0,0,1.9763,0.816149,1.80085,0,0,0,4.81512,0,0,0,0,0.162123,0,0,0.0486311,0,0,0.210754,0,0,0,0,0,0,0,0,0,0,0,27.1551,309.205,0,0.000226844,0.004509,
10,28,20,0,0,0.221825,0,0,0,1.89255,0.823135,1.86088,0.382647,0,0,5.18104,0,0,0,0,0.177249,0,0,0.0502522,0,0,0.227501,0,0,0,0,0,0,0,0,0,0,0,27.1349,309.205,0,0.000225846,0.004509,
10,28,21,0,0,0.221825,0,0,0,1.60783,0.816149,1.80085,0.382647,0,0,4.8293,0,0,0,0,0.166615,0,0,0.0486311,0,0,0.215246,0,0,0,0,0,0,0,0,0,0,0,27.1238,309.205,0,0.000225052,0.004509,
10,28,22,0,0,0.221825,0,0,0,1.05514,0.788205,1.56074,0.382647,0,0,4.00855,0,0,0,0,0.0577932,0,0,0.042147,0,0,0.0999402,0,0,0,0,0,0,0,0,0,0,0,27.0739,309.205,0,0.000222976,0.004509,
10,28,23,0,0,0.221825,0,0,0,0.636433,0.763754,1.35064,0.382647,0,0,3.3553,0,0,0,0,0.000220163,0,0,0.0364733,0,0,0.0366935,0,0,0,0,0,0,0,0,0,0,0,27.0307,309.205,0,0.000221737,0.004509,
10,28,24,0,0,0.221825,0,0,0,0.385211,0.735811,1.11052,0,0,0,2.45337,0,0,0,0,0.000751384,0,0,0.0299892,0,0,0.0307406,0,0,0,0,0,0,0,0,0,0,0,26.8882,309.205,0,0.000220493,0.004509,
10,29,1,0,0,0.221825,0,0,0,0.318218,0.728825,1.0505,0,0,0,2.31936,0,0,0,0,0.0322009,0,0,0.0283681,0,0,0.060569,0,0,0,0,0,0,0,0,0,0,0,27.1768,309.205,0,0.000223413,0.004509,
10,29,2,0,0,0.221825,0,0,0,0.251224,0.725332,1.02048,0,0,0,2.21886,0,0,0,0,0.0160218,0,0,0.0275576,0,0,0.0435794,0,0,0,0,0,0,0,0,0,0,0,27.0789,309.205,0,0.000222549,0.004509,
10,29,3,0,0,0.221825,0,0,0,0.28472,0.725332,1.02048,0,0,0,2.25236,0,0,0,0,0.0137373,0,0,0.0275576,0,0,0.0412949,0,0,0,0,0,0,0,0,0,0,0,27.0741,309.205,0,0.000220795,0.004509,
10,29,4,0,0,0.221825,0,0,0,0.351715,0.718346,0.960451,0,0,0,2.25234,0,0,0,0,0.017138,0,0,0.0259366,0,0,0.0430746,0,0,0,0,0,0,0,0,0,0,0,27.0898,309.205,0,0.000221598,0.004509,
10,29,5,0,0,0.221825,0,0,0,0.519197,0.732318,1.08051,0,0,0,2.55385,0,0,0,0,0.0253904,0,0,0.0291787,0,0,0.0545691,0,0,0,0,0,0,0,0,0,0,0,27.2077,309.205,0,0.000224266,0.004509,
10,29,6,0,0,0.221825,0,0,0,0.703426,0.753275,1.26059,0,0,0,2.93912,0,0,0,0,0.311107,0,0,0.0340418,0,0,0.345149,0,0,0,0,0,0,0,0,0,0,0,27.3025,309.205,0,0.000225583,0.004509,
10,29,7,0,0,0.221825,0,0,0,0.686679,0.760261,1.32062,0,0,0,2.98939,0,0,0,0,0.248847,0,0,0.0356628,0,0,0.28451,0,0,0,0,0,0,0,0,0,0,0,27.3636,309.205,0,0.000226305,0.004509,
10,29,8,0,0,0.221825,0,0,0,0.56944,0.735811,1.11052,0,0,0,2.6376,0,0,0,0,0.271782,0,0,0.0299892,0,0,0.301771,0,0,0,0,0,0,0,0,0,0,0,23.784,309.205,0,0.000135519,0.004509,
10,29,9,0,0,0.221825,0,0,0,0.4857,0.718346,0.960451,0,0,0,2.38632,0,0,0,0,0.115414,0,0,0.0259366,0,0,0.141351,0,0,0,0,0,0,0,0,0,0,0,19.6139,309.205,0,4.01252e-006,0.004509,
10,29,10,0,0,0.221825,0,0,0,0.452204,0.721839,0.990466,0,0,0,2.38633,0,0,0,0,0.177079,0,0,0.0267471,0,0,0.203826,0,0,0,0,0,0,0,0,0,0,0,19.5044,309.205,0,0,0.004509,
10,29,11,0,0,0.221825,0,0,0,0.418708,0.721839,0.990466,0,0,0,2.35284,0,0,0,0,0.121601,0,0,0.0267471,0,0,0.148348,0,0,0,0,0,0,0,0,0,0,0,19.4911,309.205,0,0,0.004509,
10,29,12,0,0,0.221825,0,0,0,0.351715,0.718346,0.960451,0,0,0,2.25234,0,0,0,0,0.136088,0,0,0.0259366,0,0,0.162025,0,0,0,0,0,0,0,0,0,0,0,19.4922,309.205,0,0,0.004509,
10,29,13,0,0,0.221825,0,0,0,0.351715,0.721839,0.990466,0,0,0,2.28584,0,0,0,0,0.174919,0,0,0.0267471,0,0,0.201666,0,0,0,0,0,0,0,0,0,0,0,19.4686,309.205,0,0,0.004509,
10,29,14,0,0,0.221825,0,0,0,0.351715,0.728825,1.0505,0,0,0,2.35286,0,0,0,0,0.0568811,0,0,0.0283681,0,0,0.0852492,0,0,0,0,0,0,0,0,0,0,0,19.4684,309.205,0,3.59343e-009,0.004509,
10,29,15,0,0,0.221825,0,0,0,0.435454,0.735811,1.11052,0,0,0,2.50361,0,0,0,0,0.0306185,0,0,0.0299892,0,0,0.0606077,0,0,0,0,0,0,0,0,0,0,0,19.5401,309.205,0,5.45419e-006,0.004509,
10,29,16,0,0,0.221825,0,0,0,0.519197,0.760261,1.32062,0,0,0,2.8219,0,0,0,0,0.0897629,0,0,0.0356628,0,0,0.125426,0,0,0,0,0,0,0,0,0,0,0,20.3107,309.205,0,2.969e-005,0.004509,
10,29,17,0,0,0.221825,0,0,0,0.736923,0.791698,1.59075,0,0,0,3.3412,0,0,0,0,0.071048,0,0,0.0429574,0,0,0.114005,0,0,0,0,0,0,0,0,0,0,0,27.0135,309.205,0,0.00022831,0.004509,
10,29,18,0,0,0.221825,0,0,0,1.40685,0.809163,1.74082,0,0,0,4.17866,0,0,0,0,0.442241,0,0,0.04701,0,0,0.489251,0,0,0,0,0,0,0,0,0,0,0,27.4426,309.205,0,0.000235182,0.004509,
10,29,19,0,0,0.221825,0,0,0,1.9763,0.816149,1.80085,0,0,0,4.81512,0,0,0,0,0.235352,0,0,0.0486311,0,0,0.283983,0,0,0,0,0,0,0,0,0,0,0,27.4385,309.205,0,0.000234821,0.004509,
10,29,20,0,0,0.221825,0,0,0,1.89255,0.823135,1.86088,0.382647,0,0,5.18104,0,0,0,0,0.213465,0,0,0.0502522,0,0,0.263717,0,0,0,0,0,0,0,0,0,0,0,27.4215,309.205,0,0.000233843,0.004509,
10,29,21,0,0,0.221825,0,0,0,1.60783,0.816149,1.80085,0.382647,0,0,4.8293,0,0,0,0,0.0673892,0,0,0.0486311,0,0,0.11602,0,0,0,0,0,0,0,0,0,0,0,27.4218,309.205,0,0.000233993,0.004509,
10,29,22,0,0,0.221825,0,0,0,1.05514,0.788205,1.56074,0.382647,0,0,4.00855,0,0,0,0,0.219512,0,0,0.042147,0,0,0.261659,0,0,0,0,0,0,0,0,0,0,0,27.6433,309.205,0,0.000232577,0.004509,
10,29,23,0,0,0.221825,0,0,0,0.636433,0.763754,1.35064,0.382647,0,0,3.3553,0,0,0,0,0.471043,0,0,0.0364733,0,0,0.507516,0,0,0,0,0,0,0,0,0,0,0,27.3609,309.205,0,0.000230988,0.004509,
10,29,24,0,0,0.221825,0,0,0,0.385211,0.735811,1.11052,0,0,0,2.45337,0,0,0,0,0.0121179,0,0,0.0299892,0,0,0.0421071,0,0,0,0,0,0,0,0,0,0,0,27.2494,309.205,0,0.000228665,0.004509,
10,30,1,0,0,0.221825,0,0,0,0.318218,0.728825,1.0505,0,0,0,2.31936,0,0,0,0,0.000278324,0,0,0.0283681,0,0,0.0286464,0,0,0,0,0,0,0,0,0,0,0,27.0488,309.205,0,0.000221304,0.004509,
10,30,2,0,0,0.221825,0,0,0,0.251224,0.725332,1.02048,0,0,0,2.21886,0,0,0,0,0.00930582,0,0,0.0275576,0,0,0.0368634,0,0,0,0,0,0,0,0,0,0,0,27.0036,309.205,0,0.000219195,0.004509,
10,30,3,0,0,0.221825,0,0,0,0.28472,0.725332,1.02048,0,0,0,2.25236,0,0,0,0,0.0182667,0,0,0.0275576,0,0,0.0458243,0,0,0,0,0,0,0,0,0,0,0,26.9888,309.205,0,0.000218983,0.004509,
10,30,4,0,0,0.221825,0,0,0,0.351715,0.718346,0.960451,0,0,0,2.25234,0,0,0,0,0.0173451,0,0,0.0259366,0,0,0.0432817,0,0,0,0,0,0,0,0,0,0,0,27.0405,309.205,0,0.000219612,0.004509,
10,30,5,0,0,0.221825,0,0,0,0.519197,0.732318,1.08051,0,0,0,2.55385,0,0,0,0,0.086601,0,0,0.0291787,0,0,0.11578,0,0,0,0,0,0,0,0,0,0,0,27.0833,309.205,0,0.000221756,0.004509,
10,30,6,0,0,0.221825,0,0,0,0.703426,0.753275,1.26059,0,0,0,2.93912,0,0,0,0,0.30871,0,0,0.0340418,0,0,0.342752,0,0,0,0,0,0,0,0,0,0,0,27.1122,309.205,0,0.000224341,0.004509,
10,30,7,0,0,0.221825,0,0,0,0.686679,0.760261,1.32062,0,0,0,2.98939,0,0,0,0,0.246153,0,0,0.0356628,0,0,0.281816,0,0,0,0,0,0,0,0,0,0,0,27.1881,309.205,0,0.000226369,0.004509,
10,30,8,0,0,0.221825,0,0,0,0.56944,0.735811,1.11052,0,0,0,2.6376,0,0,0,0,0.143275,0,0,0.0299892,0,0,0.173264,0,0,0,0,0,0,0,0,0,0,0,24.3906,309.205,0,0.000145409,0.004509,
10,30,9,0,0,0.221825,0,0,0,0.4857,0.718346,0.960451,0,0,0,2.38632,0,0,0,0,0.25525,0,0,0.0259366,0,0,0.281187,0,0,0,0,0,0,0,0,0,0,0,20.0529,309.205,0,1.19029e-005,0.004509,
10,30,10,0,0,0.221825,0,0,0,0.452204,0.721839,0.990466,0,0,0,2.38633,0,0,0,0,0.190805,0,0,0.0267471,0,0,0.217552,0,0,0,0,0,0,0,0,0,0,0,19.6174,309.205,0,5.45985e-008,0.004509,
10,30,11,0,0,0.221825,0,0,0,0.418708,0.721839,0.990466,0,0,0,2.35284,0,0,0,0,0.085442,0,0,0.0267471,0,0,0.112189,0,0,0,0,0,0,0,0,0,0,0,19.5952,309.205,0,2.79813e-008,0.004509,
10,30,12,0,0,0.221825,0,0,0,0.351715,0.718346,0.960451,0,0,0,2.25234,0,0,0,0,0.0591973,0,0,0.0259366,0,0,0.0851339,0,0,0,0,0,0,0,0,0,0,0,19.5798,309.205,0,2.34782e-008,0.004509,
10,30,13,0,0,0.221825,0,0,0,0.351715,0.721839,0.990466,0,0,0,2.28584,0,0,0,0,0.131285,0,0,0.0267471,0,0,0.158032,0,0,0,0,0,0,0,0,0,0,0,19.5821,309.205,0,4.45501e-008,0.004509,
10,30,14,0,0,0.221825,0,0,0,0.351715,0.728825,1.0505,0,0,0,2.35286,0,0,0,0,0.363729,0,0,0.0283681,0,0,0.392097,0,0,0,0,0,0,0,0,0,0,0,19.6453,309.205,0,3.88593e-008,0.004509,
10,30,15,0,0,0.221825,0,0,0,0.435454,0.735811,1.11052,0,0,0,2.50361,0,0,0,0,0.0956974,0,0,0.0299892,0,0,0.125687,0,0,0,0,0,0,0,0,0,0,0,19.9468,309.205,0,9.24609e-006,0.004509,
10,30,16,0,0,0.221825,0,0,0,0.519197,0.760261,1.32062,0,0,0,2.8219,0,0,0,0,0.130071,0,0,0.0356628,0,0,0.165734,0,0,0,0,0,0,0,0,0,0,0,20.7186,309.205,0,2.98432e-005,0.004509,
10,30,17,0,0,0.221825,0,0,0,0.736923,0.791698,1.59075,0,0,0,3.3412,0,0,0,0,0.0986099,0,0,0.0429574,0,0,0.141567,0,0,0,0,0,0,0,0,0,0,0,27.1177,309.205,0,0.000227025,0.004509,
10,30,18,0,0,0.221825,0,0,0,1.40685,0.809163,1.74082,0,0,0,4.17866,0,0,0,0,0.386525,0,0,0.04701,0,0,0.433535,0,0,0,0,0,0,0,0,0,0,0,27.3695,309.205,0,0.000233514,0.004509,
10,30,19,0,0,0.221825,0,0,0,1.9763,0.816149,1.80085,0,0,0,4.81512,0,0,0,0,0.216909,0,0,0.0486311,0,0,0.26554,0,0,0,0,0,0,0,0,0,0,0,27.3686,309.205,0,0.00023347,0.004509,
10,30,20,0,0,0.221825,0,0,0,1.89255,0.823135,1.86088,0.382647,0,0,5.18104,0,0,0,0,0.165955,0,0,0.0502522,0,0,0.216207,0,0,0,0,0,0,0,0,0,0,0,27.3365,309.205,0,0.000232033,0.004509,
10,30,21,0,0,0.221825,0,0,0,1.60783,0.816149,1.80085,0.382647,0,0,4.8293,0,0,0,0,0.0952208,0,0,0.0486311,0,0,0.143852,0,0,0,0,0,0,0,0,0,0,0,27.3387,309.205,0,0.000232193,0.004509,
10,30,22,0,0,0.221825,0,0,0,1.05514,0.788205,1.56074,0.382647,0,0,4.00855,0,0,0,0,0.0305969,0,0,0.042147,0,0,0.0727439,0,0,0,0,0,0,0,0,0,0,0,27.2933,309.205,0,0.000230597,0.004509,
10,30,23,0,0,0.221825,0,0,0,0.636433,0.763754,1.35064,0.382647,0,0,3.3553,0,0,0,0,0.00725181,0,0,0.0364733,0,0,0.0437251,0,0,0,0,0,0,0,0,0,0,0,27.243,309.205,0,0.000228858,0.004509,
10,30,24,0,0,0.221825,0,0,0,0.385211,0.735811,1.11052,0,0,0,2.45337,0,0,0,0,0.00089611,0,0,0.0299892,0,0,0.0308853,0,0,0,0,0,0,0,0,0,0,0,27.1423,309.205,0,0.000226577,0.004509,
10,31,1,0,0,0.221825,0,0,0,0.318218,0.728825,1.0505,0,0,0,2.31936,0,0,0,0,0,0,0,0.0283681,0,0,0.0283681,0,0,0,0,0,0,0,0,0,0,0,27.3133,309.205,0,0.000231924,0.004509,
10,31,2,0,0,0.221825,0,0,0,0.251224,0.725332,1.02048,0,0,0,2.21886,0,0,0,0,0.000483376,0,0,0.0275576,0,0,0.028041,0,0,0,0,0,0,0,0,0,0,0,27.2127,309.205,0,0.000229289,0.004509,
10,31,3,0,0,0.221825,0,0,0,0.28472,0.725332,1.02048,0,0,0,2.25236,0,0,0,0,0,0,0,0.0275576,0,0,0.0275576,0,0,0,0,0,0,0,0,0,0,0,27.2111,309.205,0,0.000228638,0.004509,
10,31,4,0,0,0.221825,0,0,0,0.351715,0.718346,0.960451,0,0,0,2.25234,0,0,0,0,0,0,0,0.0259366,0,0,0.0259366,0,0,0,0,0,0,0,0,0,0,0,27.221,309.205,0,0.000229135,0.004509,
10,31,5,0,0,0.221825,0,0,0,0.519197,0.732318,1.08051,0,0,0,2.55385,0,0,0,0,0.00111648,0,0,0.0291787,0,0,0.0302952,0,0,0,0,0,0,0,0,0,0,0,27.2535,309.205,0,0.000230404,0.004509,
10,31,6,0,0,0.221825,0,0,0,0.703426,0.753275,1.26059,0,0,0,2.93912,0,0,0,0,0.132979,0,0,0.0340418,0,0,0.167021,0,0,0,0,0,0,0,0,0,0,0,27.323,309.205,0,0.000231757,0.004509,
10,31,7,0,0,0.221825,0,0,0,0.686679,0.760261,1.32062,0,0,0,2.98939,0,0,0,0,0.32174,0,0,0.0356628,0,0,0.357403,0,0,0,0,0,0,0,0,0,0,0,27.3593,309.205,0,0.000233067,0.004509,
10,31,8,0,0,0.221825,0,0,0,0.56944,0.735811,1.11052,0,0,0,2.6376,0,0,0,0,0.429592,0,0,0.0299892,0,0,0.459581,0,0,0,0,0,0,0,0,0,0,0,24.0098,309.205,0,0.000140744,0.004509,
10,31,9,0,0,0.221825,0,0,0,0.4857,0.718346,0.960451,0,0,0,2.38632,0,0,0,0,0.339521,0,0,0.0259366,0,0,0.365458,0,0,0,0,0,0,0,0,0,0,0,20.7229,309.205,0,1.35034e-005,0.004509,
10,31,10,0,0,0.221825,0,0,0,0.452204,0.721839,0.990466,0,0,0,2.38633,0,0,0,0,0.220248,0,0,0.0267471,0,0,0.246995,0,0,0,0,0,0,0,0,0,0,0,20.2423,309.205,0,2.04448e-006,0.004509,
10,31,11,0,0,0.221825,0,0,0,0.418708,0.721839,0.990466,0,0,0,2.35284,0,0,0,0,0.128042,0,0,0.0267471,0,0,0.154789,0,0,0,0,0,0,0,0,0,0,0,20.0786,309.205,0,3.4875e-007,0.004509,
10,31,12,0,0,0.221825,0,0,0,0.351715,0.718346,0.960451,0,0,0,2.25234,0,0,0,0,0.0315125,0,0,0.0259366,0,0,0.0574491,0,0,0,0,0,0,0,0,0,0,0,20.1568,309.205,0,3.15776e-007,0.004509,
10,31,13,0,0,0.221825,0,0,0,0.351715,0.721839,0.990466,0,0,0,2.28584,0,0,0,0,0.121701,0,0,0.0267471,0,0,0.148448,0,0,0,0,0,0,0,0,0,0,0,20.0858,309.205,0,3.5436e-007,0.004509,
10,31,14,0,0,0.221825,0,0,0,0.351715,0.728825,1.0505,0,0,0,2.35286,0,0,0,0,0.0200505,0,0,0.0283681,0,0,0.0484186,0,0,0,0,0,0,0,0,0,0,0,20.1695,309.205,0,6.0732e-007,0.004509,
10,31,15,0,0,0.221825,0,0,0,0.435454,0.735811,1.11052,0,0,0,2.50361,0,0,0,0,0.109685,0,0,0.0299892,0,0,0.139674,0,0,0,0,0,0,0,0,0,0,0,20.6056,309.205,0,4.67071e-006,0.004509,
10,31,16,0,0,0.221825,0,0,0,0.519197,0.760261,1.32062,0,0,0,2.8219,0,0,0,0,0.0256195,0,0,0.0356628,0,0,0.0612823,0,0,0,0,0,0,0,0,0,0,0,21.2133,309.205,0,2.5927e-005,0.004509,
10,31,17,0,0,0.221825,0,0,0,0.736923,0.791698,1.59075,0,0,0,3.3412,0,0,0,0,0.0702868,0,0,0.0429574,0,0,0.113244,0,0,0,0,0,0,0,0,0,0,0,27.2712,309.205,0,0.000228506,0.004509,
10,31,18,0,0,0.221825,0,0,0,1.40685,0.809163,1.74082,0,0,0,4.17866,0,0,0,0,0.152822,0,0,0.04701,0,0,0.199832,0,0,0,0,0,0,0,0,0,0,0,27.3891,309.205,0,0.000235502,0.004509,
10,31,19,0,0,0.221825,0,0,0,1.9763,0.816149,1.80085,0,0,0,4.81512,0,0,0,0,0.156184,0,0,0.0486311,0,0,0.204815,0,0,0,0,0,0,0,0,0,0,0,27.391,309.205,0,0.000235457,0.004509,
10,31,20,0,0,0.221825,0,0,0,1.89255,0.823135,1.86088,0.382647,0,0,5.18104,0,0,0,0,0.127147,0,0,0.0502522,0,0,0.177399,0,0,0,0,0,0,0,0,0,0,0,27.3878,309.205,0,0.000235455,0.004509,
10,31,21,0,0,0.221825,0,0,0,1.60783,0.816149,1.80085,0.382647,0,0,4.8293,0,0,0,0,0.156623,0,0,0.0486311,0,0,0.205254,0,0,0,0,0,0,0,0,0,0,0,27.3887,309.205,0,0.000235178,0.004509,
10,31,22,0,0,0.221825,0,0,0,1.05514,0.788205,1.56074,0.382647,0,0,4.00855,0,0,0,0,0.00976678,0,0,0.042147,0,0,0.0519138,0,0,0,0,0,0,0,0,0,0,0,27.3803,309.205,0,0.000235187,0.004509,
10,31,23,0,0,0.221825,0,0,0,0.636433,0.763754,1.35064,0.382647,0,0,3.3553,0,0,0,0,0.000223295,0,0,0.0364733,0,0,0.0366966,0,0,0,0,0,0,0,0,0,0,0,27.3831,309.205,0,0.000235072,0.004509,
10,31,24,0,0,0.221825,0,0,0,0.385211,0.735811,1.11052,0,0,0,2.45337,0,0,0,0,0.000928676,0,0,0.0299892,0,0,0.0309179,0,0,0,0,0,0,0,0,0,0,0,27.3857,309.205,0,0.000234648,0.004509,
11,1,1,0,0,0.221825,0,0,0,0.318218,0.728825,1.0505,0,0,0,2.31936,0,0,0,0,0,0,0,0.0283681,0,0,0.0283681,0,0,0,0,0,0,0,0,0,0,0,27.0592,352.305,0,0.000226058,0.004509,
11,1,2,0,0,0.221825,0,0,0,0.251224,0.725332,1.02048,0,0,0,2.21886,0,0,0,0,0.0253399,0,0,0.0275576,0,0,0.0528975,0,0,0,0,0,0,0,0,0,0,0,27.0388,352.305,0,0.000225311,0.004509,
11,1,3,0,0,0.221825,0,0,0,0.251224,0.725332,1.02048,0,0,0,2.21886,0,0,0,0,0.0253399,0,0,0.0275576,0,0,0.0528975,0,0,0,0,0,0,0,0,0,0,0,27.0034,352.305,0,0.000225136,0.004509,
11,1,4,0,0,0.221825,0,0,0,0.28472,0.725332,1.02048,0,0,0,2.25236,0,0,0,0,0.0171369,0,0,0.0275576,0,0,0.0446945,0,0,0,0,0,0,0,0,0,0,0,27.0144,352.305,0,0.000225622,0.004509,
11,1,5,0,0,0.221825,0,0,0,0.351715,0.718346,0.960451,0,0,0,2.25234,0,0,0,0,0,0,0,0.0259366,0,0,0.0259366,0,0,0,0,0,0,0,0,0,0,0,27.0924,352.305,0,0.000226617,0.004509,
11,1,6,0,0,0.221825,0,0,0,0.519197,0.732318,1.08051,0,0,0,2.55385,0,0,0,0,0.00285867,0,0,0.0291787,0,0,0.0320374,0,0,0,0,0,0,0,0,0,0,0,27.1994,352.305,0,0.00023177,0.004509,
11,1,7,0,0,0.221825,0,0,0,0.703426,0.753275,1.26059,0,0,0,2.93912,0,0,0,0,0.000643709,0,0,0.0340418,0,0,0.0346855,0,0,0,0,0,0,0,0,0,0,0,27.2855,352.305,0,0.000232388,0.004509,
11,1,8,0,0,0.221825,0,0,0,0.686679,0.760261,1.32062,0,0,0,2.98939,0,0,0,0,0.116266,0,0,0.0356628,0,0,0.151929,0,0,0,0,0,0,0,0,0,0,0,24.5544,352.305,0,0.000144185,0.004509,
11,1,9,0,0,0.221825,0,0,0,0.56944,0.735811,1.11052,0,0,0,2.6376,0,0,0,0,0.271479,0,0,0.0299892,0,0,0.301468,0,0,0,0,0,0,0,0,0,0,0,20.6897,352.305,0,1.84393e-005,0.004509,
11,1,10,0,0,0.221825,0,0,0,0.4857,0.718346,0.960451,0,0,0,2.38632,0,0,0,0,0.293662,0,0,0.0259366,0,0,0.319599,0,0,0,0,0,0,0,0,0,0,0,20.4311,352.305,0,7.02041e-006,0.004509,
11,1,11,0,0,0.221825,0,0,0,0.452204,0.721839,0.990466,0,0,0,2.38633,0,0,0,0,0.15162,0,0,0.0267471,0,0,0.178367,0,0,0,0,0,0,0,0,0,0,0,20.3171,352.305,0,3.95315e-006,0.004509,
11,1,12,0,0,0.221825,0,0,0,0.418708,0.721839,0.990466,0,0,0,2.35284,0,0,0,0,0.0698897,0,0,0.0267471,0,0,0.0966368,0,0,0,0,0,0,0,0,0,0,0,20.3424,352.305,0,3.56861e-006,0.004509,
11,1,13,0,0,0.221825,0,0,0,0.351715,0.718346,0.960451,0,0,0,2.25234,0,0,0,0,0.0701277,0,0,0.0259366,0,0,0.0960643,0,0,0,0,0,0,0,0,0,0,0,20.2885,352.305,0,4.47512e-006,0.004509,
11,1,14,0,0,0.221825,0,0,0,0.351715,0.721839,0.990466,0,0,0,2.28584,0,0,0,0,0.0832088,0,0,0.0267471,0,0,0.109956,0,0,0,0,0,0,0,0,0,0,0,20.5653,352.305,0,1.02212e-005,0.004509,
11,1,15,0,0,0.221825,0,0,0,0.351715,0.728825,1.0505,0,0,0,2.35286,0,0,0,0,0.0188468,0,0,0.0283681,0,0,0.0472149,0,0,0,0,0,0,0,0,0,0,0,20.9209,352.305,0,2.06503e-005,0.004509,
11,1,16,0,0,0.221825,0,0,0,0.435454,0.735811,1.11052,0,0,0,2.50361,0,0,0,0,0.00679968,0,0,0.0299892,0,0,0.0367889,0,0,0,0,0,0,0,0,0,0,0,22.47,352.305,0,6.71632e-005,0.004509,
11,1,17,0,0,0.221825,0,0,0,0.519197,0.760261,1.32062,0,0,0,2.8219,0,0,0,0,0.0237773,0,0,0.0356628,0,0,0.0594401,0,0,0,0,0,0,0,0,0,0,0,27.3659,352.305,0,0.000234131,0.004509,
11,1,18,0,0,0.221825,0,0,0,0.736923,0.791698,1.59075,0,0,0,3.3412,0,0,0,0,0.10721,0,0,0.0429574,0,0,0.150167,0,0,0,0,0,0,0,0,0,0,0,27.3774,352.305,0,0.00023465,0.004509,
11,1,19,0,0,0.221825,0,0,0,1.40685,0.809163,1.74082,0,0,0,4.17866,0,0,0,0,0.307167,0,0,0.04701,0,0,0.354177,0,0,0,0,0,0,0,0,0,0,0,27.381,352.305,0,0.000234912,0.004509,
11,1,20,0,0,0.221825,0,0,0,1.9763,0.816149,1.80085,0,0,0,4.81512,0,0,0,0,0.0327242,0,0,0.0486311,0,0,0.0813553,0,0,0,0,0,0,0,0,0,0,0,27.3821,352.305,0,0.000234939,0.004509,
11,1,21,0,0,0.221825,0,0,0,1.89255,0.823135,1.86088,0.382647,0,0,5.18104,0,0,0,0,0.100807,0,0,0.0502522,0,0,0.151059,0,0,0,0,0,0,0,0,0,0,0,27.3923,352.305,0,0.000235087,0.004509,
11,1,22,0,0,0.221825,0,0,0,1.60783,0.816149,1.80085,0.382647,0,0,4.8293,0,0,0,0,0.0929357,0,0,0.0486311,0,0,0.141567,0,0,0,0,0,0,0,0,0,0,0,29.4784,352.305,0,0.000234615,0.004509,
11,1,23,0,0,0.221825,0,0,0,1.05514,0.788205,1.56074,0.382647,0,0,4.00855,0,0,0,0,0.00862534,0,0,0.042147,0,0,0.0507723,0,0,0,0,0,0,0,0,0,0,0,27.3214,352.305,0,0.00023324,0.004509,
11,1,24,0,0,0.221825,0,0,0,0.636433,0.763754,1.35064,0.382647,0,0,3.3553,0,0,0,0,0.00336315,0,0,0.0364733,0,0,0.0398365,0,0,0,0,0,0,0,0,0,0,0,27.2914,352.305,0,0.000232995,0.004509,
11,2,1,0,0,0.221825,0,0,0,0.385211,0.735811,1.11052,0,0,0,2.45337,0,0,0,0,0.0428628,0,0,0.0299892,0,0,0.072852,0,0,0,0,0,0,0,0,0,0,0,26.7501,352.305,0,0.000215593,0.004509,
11,2,2,0,0,0.221825,0,0,0,0.318218,0.728825,1.0505,0,0,0,2.31936,0,0,0,0,0.000407464,0,0,0.0283681,0,0,0.0287756,0,0,0,0,0,0,0,0,0,0,0,26.6643,352.305,0,0.000212504,0.004509,
11,2,3,0,0,0.221825,0,0,0,0.251224,0.725332,1.02048,0,0,0,2.21886,0,0,0,0,0.0109146,0,0,0.0275576,0,0,0.0384722,0,0,0,0,0,0,0,0,0,0,0,26.6331,352.305,0,0.00021023,0.004509,
11,2,4,0,0,0.221825,0,0,0,0.28472,0.725332,1.02048,0,0,0,2.25236,0,0,0,0,0,0,0,0.0275576,0,0,0.0275576,0,0,0,0,0,0,0,0,0,0,0,26.6396,352.305,0,0.000211536,0.004509,
11,2,5,0,0,0.221825,0,0,0,0.351715,0.718346,0.960451,0,0,0,2.25234,0,0,0,0,0,0,0,0.0259366,0,0,0.0259366,0,0,0,0,0,0,0,0,0,0,0,26.6664,352.305,0,0.000212544,0.004509,
11,2,6,0,0,0.221825,0,0,0,0.519197,0.732318,1.08051,0,0,0,2.55385,0,0,0,0,0.0120895,0,0,0.0291787,0,0,0.0412682,0,0,0,0,0,0,0,0,0,0,0,26.7138,352.305,0,0.000213541,0.004509,
11,2,7,0,0,0.221825,0,0,0,0.703426,0.753275,1.26059,0,0,0,2.93912,0,0,0,0,0.114809,0,0,0.0340418,0,0,0.148851,0,0,0,0,0,0,0,0,0,0,0,27.6465,352.305,0,0.000217046,0.004509,
11,2,8,0,0,0.221825,0,0,0,0.686679,0.760261,1.32062,0,0,0,2.98939,0,0,0,0,0.495818,0,0,0.0356628,0,0,0.531481,0,0,0,0,0,0,0,0,0,0,0,25.6364,352.305,0,0.000190886,0.004509,
11,2,9,0,0,0.221825,0,0,0,0.56944,0.735811,1.11052,0,0,0,2.6376,0,0,0,0,0.511846,0,0,0.0299892,0,0,0.541835,0,0,0,0,0,0,0,0,0,0,0,23.6109,352.305,0,0.000130594,0.004509,
11,2,10,0,0,0.221825,0,0,0,0.4857,0.718346,0.960451,0,0,0,2.38632,0,0,0,0,0.23625,0,0,0.0259366,0,0,0.262187,0,0,0,0,0,0,0,0,0,0,0,23.5482,352.305,0,0.000116176,0.004509,
11,2,11,0,0,0.221825,0,0,0,0.452204,0.721839,0.990466,0,0,0,2.38633,0,0,0,0,0.157818,0,0,0.0267471,0,0,0.184565,0,0,0,0,0,0,0,0,0,0,0,23.5481,352.305,0,0.000112232,0.004509,
11,2,12,0,0,0.221825,0,0,0,0.418708,0.721839,0.990466,0,0,0,2.35284,0,0,0,0,0.0172653,0,0,0.0267471,0,0,0.0440124,0,0,0,0,0,0,0,0,0,0,0,23.5427,352.305,0,0.000112695,0.004509,
11,2,13,0,0,0.221825,0,0,0,0.351715,0.718346,0.960451,0,0,0,2.25234,0,0,0,0,0.00711167,0,0,0.0259366,0,0,0.0330483,0,0,0,0,0,0,0,0,0,0,0,23.5124,352.305,0,0.000110039,0.004509,
11,2,14,0,0,0.221825,0,0,0,0.351715,0.721839,0.990466,0,0,0,2.28584,0,0,0,0,0.102327,0,0,0.0267471,0,0,0.129074,0,0,0,0,0,0,0,0,0,0,0,23.5577,352.305,0,0.000112022,0.004509,
11,2,15,0,0,0.221825,0,0,0,0.351715,0.728825,1.0505,0,0,0,2.35286,0,0,0,0,0.192626,0,0,0.0283681,0,0,0.220994,0,0,0,0,0,0,0,0,0,0,0,23.8668,352.305,0,0.000120127,0.004509,
11,2,16,0,0,0.221825,0,0,0,0.435454,0.735811,1.11052,0,0,0,2.50361,0,0,0,0,0.389517,0,0,0.0299892,0,0,0.419506,0,0,0,0,0,0,0,0,0,0,0,24.4797,352.305,0,0.000137426,0.004509,
11,2,17,0,0,0.221825,0,0,0,0.519197,0.760261,1.32062,0,0,0,2.8219,0,0,0,0,0.150025,0,0,0.0356628,0,0,0.185688,0,0,0,0,0,0,0,0,0,0,0,26.9955,352.305,0,0.000222005,0.004509,
11,2,18,0,0,0.221825,0,0,0,0.736923,0.791698,1.59075,0,0,0,3.3412,0,0,0,0,0.118961,0,0,0.0429574,0,0,0.161918,0,0,0,0,0,0,0,0,0,0,0,27.0214,352.305,0,0.000222601,0.004509,
11,2,19,0,0,0.221825,0,0,0,1.40685,0.809163,1.74082,0,0,0,4.17866,0,0,0,0,0.0862969,0,0,0.04701,0,0,0.133307,0,0,0,0,0,0,0,0,0,0,0,27.0238,352.305,0,0.000222679,0.004509,
11,2,20,0,0,0.221825,0,0,0,1.9763,0.816149,1.80085,0,0,0,4.81512,0,0,0,0,0.086161,0,0,0.0486311,0,0,0.134792,0,0,0,0,0,0,0,0,0,0,0,27.0838,352.305,0,0.00022276,0.004509,
11,2,21,0,0,0.221825,0,0,0,1.89255,0.823135,1.86088,0.382647,0,0,5.18104,0,0,0,0,0.0799044,0,0,0.0502522,0,0,0.130157,0,0,0,0,0,0,0,0,0,0,0,27.4995,352.305,0,0.000221644,0.004509,
11,2,22,0,0,0.221825,0,0,0,1.60783,0.816149,1.80085,0.382647,0,0,4.8293,0,0,0,0,0.209614,0,0,0.0486311,0,0,0.258245,0,0,0,0,0,0,0,0,0,0,0,27.4821,352.305,0,0.000220329,0.004509,
11,2,23,0,0,0.221825,0,0,0,1.05514,0.788205,1.56074,0.382647,0,0,4.00855,0,0,0,0,0.0683393,0,0,0.042147,0,0,0.110486,0,0,0,0,0,0,0,0,0,0,0,26.895,352.305,0,0.000218332,0.004509,
11,2,24,0,0,0.221825,0,0,0,0.636433,0.763754,1.35064,0.382647,0,0,3.3553,0,0,0,0,0.0682515,0,0,0.0364733,0,0,0.104725,0,0,0,0,0,0,0,0,0,0,0,26.1336,352.305,0,0.000199413,0.004509,
11,3,1,0,0,0.221825,0,0,0,0.385211,0.735811,1.11052,0,0,0,2.45337,0,0,0,0,0.00157453,0,0,0.0299892,0,0,0.0315637,0,0,0,0,0,0,0,0,0,0,0,25.3787,352.305,0,0.000171411,0.004509,
11,3,2,0,0,0.221825,0,0,0,0.318218,0.728825,1.0505,0,0,0,2.31936,0,0,0,0,0.000860909,0,0,0.0283681,0,0,0.029229,0,0,0,0,0,0,0,0,0,0,0,24.8364,352.305,0,0.00016635,0.004509,
11,3,3,0,0,0.221825,0,0,0,0.251224,0.725332,1.02048,0,0,0,2.21886,0,0,0,0,0.00460315,0,0,0.0275576,0,0,0.0321608,0,0,0,0,0,0,0,0,0,0,0,24.8223,352.305,0,0.000165214,0.004509,
11,3,4,0,0,0.221825,0,0,0,0.28472,0.725332,1.02048,0,0,0,2.25236,0,0,0,0,0.000846415,0,0,0.0275576,0,0,0.028404,0,0,0,0,0,0,0,0,0,0,0,24.8426,352.305,0,0.000165557,0.004509,
11,3,5,0,0,0.221825,0,0,0,0.351715,0.718346,0.960451,0,0,0,2.25234,0,0,0,0,0.00451103,0,0,0.0259366,0,0,0.0304476,0,0,0,0,0,0,0,0,0,0,0,24.954,352.305,0,0.000167382,0.004509,
11,3,6,0,0,0.221825,0,0,0,0.519197,0.732318,1.08051,0,0,0,2.55385,0,0,0,0,0.0222895,0,0,0.0291787,0,0,0.0514682,0,0,0,0,0,0,0,0,0,0,0,25.4223,352.305,0,0.000178261,0.004509,
11,3,7,0,0,0.221825,0,0,0,0.703426,0.753275,1.26059,0,0,0,2.93912,0,0,0,0,0.150927,0,0,0.0340418,0,0,0.184969,0,0,0,0,0,0,0,0,0,0,0,28.9733,352.305,0,0.000181868,0.004509,
11,3,8,0,0,0.221825,0,0,0,0.686679,0.760261,1.32062,0,0,0,2.98939,0,0,0,0,0.644306,0,0,0.0356628,0,0,0.679969,0,0,0,0,0,0,0,0,0,0,0,22.9495,352.305,0,0.000118436,0.004509,
11,3,9,0,0,0.221825,0,0,0,0.56944,0.735811,1.11052,0,0,0,2.6376,0,0,0,0,0.251383,0,0,0.0299892,0,0,0.281372,0,0,0,0,0,0,0,0,0,0,0,19.9316,352.305,0,1.28233e-005,0.004509,
11,3,10,0,0,0.221825,0,0,0,0.4857,0.718346,0.960451,0,0,0,2.38632,0,0,0,0,0.188355,0,0,0.0259366,0,0,0.214292,0,0,0,0,0,0,0,0,0,0,0,19.3664,352.305,0,1.44023e-006,0.004509,
11,3,11,0,0,0.221825,0,0,0,0.452204,0.721839,0.990466,0,0,0,2.38633,0,0,0,0,0.0400918,0,0,0.0267471,0,0,0.0668389,0,0,0,0,0,0,0,0,0,0,0,19.03,352.305,0,0,0.004509,
11,3,12,0,0,0.221825,0,0,0,0.418708,0.721839,0.990466,0,0,0,2.35284,0,0,0,0,0.0101353,0,0,0.0267471,0,0,0.0368824,0,0,0,0,0,0,0,0,0,0,0,19.0776,352.305,0,0,0.004509,
11,3,13,0,0,0.221825,0,0,0,0.351715,0.718346,0.960451,0,0,0,2.25234,0,0,0,0,0.0277084,0,0,0.0259366,0,0,0.053645,0,0,0,0,0,0,0,0,0,0,0,19.1876,352.305,0,0,0.004509,
11,3,14,0,0,0.221825,0,0,0,0.351715,0.721839,0.990466,0,0,0,2.28584,0,0,0,0,0.0329603,0,0,0.0267471,0,0,0.0597074,0,0,0,0,0,0,0,0,0,0,0,19.4988,352.305,0,3.31106e-006,0.004509,
11,3,15,0,0,0.221825,0,0,0,0.351715,0.728825,1.0505,0,0,0,2.35286,0,0,0,0,0.309161,0,0,0.0283681,0,0,0.337529,0,0,0,0,0,0,0,0,0,0,0,19.5279,352.305,0,7.71431e-006,0.004509,
11,3,16,0,0,0.221825,0,0,0,0.435454,0.735811,1.11052,0,0,0,2.50361,0,0,0,0,0.408978,0,0,0.0299892,0,0,0.438967,0,0,0,0,0,0,0,0,0,0,0,20.0315,352.305,0,1.83451e-005,0.004509,
11,3,17,0,0,0.221825,0,0,0,0.519197,0.760261,1.32062,0,0,0,2.8219,0,0,0,0,0.0578646,0,0,0.0356628,0,0,0.0935274,0,0,0,0,0,0,0,0,0,0,0,26.0145,352.305,0,0.000194539,0.004509,
11,3,18,0,0,0.221825,0,0,0,0.736923,0.791698,1.59075,0,0,0,3.3412,0,0,0,0,0.072433,0,0,0.0429574,0,0,0.11539,0,0,0,0,0,0,0,0,0,0,0,26.1468,352.305,0,0.000197172,0.004509,
11,3,19,0,0,0.221825,0,0,0,1.40685,0.809163,1.74082,0,0,0,4.17866,0,0,0,0,0.0888016,0,0,0.04701,0,0,0.135812,0,0,0,0,0,0,0,0,0,0,0,26.1478,352.305,0,0.000197186,0.004509,
11,3,20,0,0,0.221825,0,0,0,1.9763,0.816149,1.80085,0,0,0,4.81512,0,0,0,0,0.101887,0,0,0.0486311,0,0,0.150518,0,0,0,0,0,0,0,0,0,0,0,26.1509,352.305,0,0.000197316,0.004509,
11,3,21,0,0,0.221825,0,0,0,1.89255,0.823135,1.86088,0.382647,0,0,5.18104,0,0,0,0,0.220995,0,0,0.0502522,0,0,0.271247,0,0,0,0,0,0,0,0,0,0,0,26.1187,352.305,0,0.00019634,0.004509,
11,3,22,0,0,0.221825,0,0,0,1.60783,0.816149,1.80085,0.382647,0,0,4.8293,0,0,0,0,0.385575,0,0,0.0486311,0,0,0.434206,0,0,0,0,0,0,0,0,0,0,0,26.1138,352.305,0,0.000196093,0.004509,
11,3,23,0,0,0.221825,0,0,0,1.05514,0.788205,1.56074,0.382647,0,0,4.00855,0,0,0,0,0.0929148,0,0,0.042147,0,0,0.135062,0,0,0,0,0,0,0,0,0,0,0,26.0042,352.305,0,0.000193087,0.004509,
11,3,24,0,0,0.221825,0,0,0,0.636433,0.763754,1.35064,0.382647,0,0,3.3553,0,0,0,0,0.0114487,0,0,0.0364733,0,0,0.047922,0,0,0,0,0,0,0,0,0,0,0,25.6943,352.305,0,0.000183523,0.004509,
11,4,1,0,0,0.221825,0,0,0,0.385211,0.735811,1.11052,0,0,0,2.45337,0,0,0,0,0.000802265,0,0,0.0299892,0,0,0.0307915,0,0,0,0,0,0,0,0,0,0,0,25.5853,352.305,0,0.000191338,0.004509,
11,4,2,0,0,0.221825,0,0,0,0.318218,0.728825,1.0505,0,0,0,2.31936,0,0,0,0,0.0630191,0,0,0.0283681,0,0,0.0913872,0,0,0,0,0,0,0,0,0,0,0,25.3218,352.305,0,0.000182398,0.004509,
11,4,3,0,0,0.221825,0,0,0,0.251224,0.725332,1.02048,0,0,0,2.21886,0,0,0,0,0.0292584,0,0,0.0275576,0,0,0.056816,0,0,0,0,0,0,0,0,0,0,0,25.3052,352.305,0,0.000181201,0.004509,
11,4,4,0,0,0.221825,0,0,0,0.28472,0.725332,1.02048,0,0,0,2.25236,0,0,0,0,0,0,0,0.0275576,0,0,0.0275576,0,0,0,0,0,0,0,0,0,0,0,25.3164,352.305,0,0.000181632,0.004509,
11,4,5,0,0,0.221825,0,0,0,0.351715,0.718346,0.960451,0,0,0,2.25234,0,0,0,0,0,0,0,0.0259366,0,0,0.0259366,0,0,0,0,0,0,0,0,0,0,0,25.6402,352.305,0,0.000190674,0.004509,
11,4,6,0,0,0.221825,0,0,0,0.519197,0.732318,1.08051,0,0,0,2.55385,0,0,0,0,0.00055051,0,0,0.0291787,0,0,0.0297292,0,0,0,0,0,0,0,0,0,0,0,26.1641,352.305,0,0.000197775,0.004509,
11,4,7,0,0,0.221825,0,0,0,0.703426,0.753275,1.26059,0,0,0,2.93912,0,0,0,0,0.2186,0,0,0.0340418,0,0,0.252642,0,0,0,0,0,0,0,0,0,0,0,26.1798,352.305,0,0.000200266,0.004509,
11,4,8,0,0,0.221825,0,0,0,0.686679,0.760261,1.32062,0,0,0,2.98939,0,0,0,0,0.274453,0,0,0.0356628,0,0,0.310116,0,0,0,0,0,0,0,0,0,0,0,22.2327,352.305,0,0.000101889,0.004509,
11,4,9,0,0,0.221825,0,0,0,0.56944,0.735811,1.11052,0,0,0,2.6376,0,0,0,0,0.381113,0,0,0.0299892,0,0,0.411102,0,0,0,0,0,0,0,0,0,0,0,19.553,352.305,0,1.14668e-005,0.004509,
11,4,10,0,0,0.221825,0,0,0,0.4857,0.718346,0.960451,0,0,0,2.38632,0,0,0,0,0.0867951,0,0,0.0259366,0,0,0.112732,0,0,0,0,0,0,0,0,0,0,0,19.1288,352.305,0,0,0.004509,
11,4,11,0,0,0.221825,0,0,0,0.452204,0.721839,0.990466,0,0,0,2.38633,0,0,0,0,0.0810601,0,0,0.0267471,0,0,0.107807,0,0,0,0,0,0,0,0,0,0,0,19.1365,352.305,0,0,0.004509,
11,4,12,0,0,0.221825,0,0,0,0.418708,0.721839,0.990466,0,0,0,2.35284,0,0,0,0,0.113377,0,0,0.0267471,0,0,0.140124,0,0,0,0,0,0,0,0,0,0,0,19.0287,352.305,0,0,0.004509,
11,4,13,0,0,0.221825,0,0,0,0.351715,0.718346,0.960451,0,0,0,2.25234,0,0,0,0,0.128483,0,0,0.0259366,0,0,0.15442,0,0,0,0,0,0,0,0,0,0,0,18.9786,352.305,0,0,0.004509,
11,4,14,0,0,0.221825,0,0,0,0.351715,0.721839,0.990466,0,0,0,2.28584,0,0,0,0,0.0621522,0,0,0.0267471,0,0,0.0888993,0,0,0,0,0,0,0,0,0,0,0,18.9507,352.305,0,0,0.004509,
11,4,15,0,0,0.221825,0,0,0,0.351715,0.728825,1.0505,0,0,0,2.35286,0,0,0,0,0.0785089,0,0,0.0283681,0,0,0.106877,0,0,0,0,0,0,0,0,0,0,0,19.0226,352.305,0,0,0.004509,
11,4,16,0,0,0.221825,0,0,0,0.435454,0.735811,1.11052,0,0,0,2.50361,0,0,0,0,0.0155603,0,0,0.0299892,0,0,0.0455495,0,0,0,0,0,0,0,0,0,0,0,19.2846,352.305,0,2.86873e-006,0.004509,
11,4,17,0,0,0.221825,0,0,0,0.519197,0.760261,1.32062,0,0,0,2.8219,0,0,0,0,0.178707,0,0,0.0356628,0,0,0.21437,0,0,0,0,0,0,0,0,0,0,0,26.1319,352.305,0,0.000194624,0.004509,
11,4,18,0,0,0.221825,0,0,0,0.736923,0.791698,1.59075,0,0,0,3.3412,0,0,0,0,0.0368975,0,0,0.0429574,0,0,0.0798549,0,0,0,0,0,0,0,0,0,0,0,26.7316,352.305,0,0.000216052,0.004509,
11,4,19,0,0,0.221825,0,0,0,1.40685,0.809163,1.74082,0,0,0,4.17866,0,0,0,0,0.286497,0,0,0.04701,0,0,0.333507,0,0,0,0,0,0,0,0,0,0,0,26.7323,352.305,0,0.000216084,0.004509,
11,4,20,0,0,0.221825,0,0,0,1.9763,0.816149,1.80085,0,0,0,4.81512,0,0,0,0,0.062381,0,0,0.0486311,0,0,0.111012,0,0,0,0,0,0,0,0,0,0,0,26.7328,352.305,0,0.000216186,0.004509,
11,4,21,0,0,0.221825,0,0,0,1.89255,0.823135,1.86088,0.382647,0,0,5.18104,0,0,0,0,0.300162,0,0,0.0502522,0,0,0.350414,0,0,0,0,0,0,0,0,0,0,0,26.7141,352.305,0,0.000215152,0.004509,
11,4,22,0,0,0.221825,0,0,0,1.60783,0.816149,1.80085,0.382647,0,0,4.8293,0,0,0,0,0.0242167,0,0,0.0486311,0,0,0.0728478,0,0,0,0,0,0,0,0,0,0,0,26.7112,352.305,0,0.000215153,0.004509,
11,4,23,0,0,0.221825,0,0,0,1.05514,0.788205,1.56074,0.382647,0,0,4.00855,0,0,0,0,0.307819,0,0,0.042147,0,0,0.349966,0,0,0,0,0,0,0,0,0,0,0,26.572,352.305,0,0.000211643,0.004509,
11,4,24,0,0,0.221825,0,0,0,0.636433,0.763754,1.35064,0.382647,0,0,3.3553,0,0,0,0,0.0289263,0,0,0.0364733,0,0,0.0653996,0,0,0,0,0,0,0,0,0,0,0,26.5185,352.305,0,0.000208386,0.004509,
11,5,1,0,0,0.221825,0,0,0,0.385211,0.735811,1.11052,0,0,0,2.45337,0,0,0,0,0.0138123,0,0,0.0299892,0,0,0.0438015,0,0,0,0,0,0,0,0,0,0,0,26.6403,352.305,0,0.000213069,0.004509,
11,5,2,0,0,0.221825,0,0,0,0.318218,0.728825,1.0505,0,0,0,2.31936,0,0,0,0,0.000462432,0,0,0.0283681,0,0,0.0288305,0,0,0,0,0,0,0,0,0,0,0,26.3717,352.305,0,0.000206997,0.004509,
11,5,3,0,0,0.221825,0,0,0,0.251224,0.725332,1.02048,0,0,0,2.21886,0,0,0,0,0.00265541,0,0,0.0275576,0,0,0.030213,0,0,0,0,0,0,0,0,0,0,0,26.3504,352.305,0,0.000205833,0.004509,
11,5,4,0,0,0.221825,0,0,0,0.28472,0.725332,1.02048,0,0,0,2.25236,0,0,0,0,0.000500523,0,0,0.0275576,0,0,0.0280581,0,0,0,0,0,0,0,0,0,0,0,26.3776,352.305,0,0.000206843,0.004509,
11,5,5,0,0,0.221825,0,0,0,0.351715,0.718346,0.960451,0,0,0,2.25234,0,0,0,0,0.00484903,0,0,0.0259366,0,0,0.0307856,0,0,0,0,0,0,0,0,0,0,0,26.4245,352.305,0,0.000208273,0.004509,
11,5,6,0,0,0.221825,0,0,0,0.519197,0.732318,1.08051,0,0,0,2.55385,0,0,0,0,0.0446806,0,0,0.0291787,0,0,0.0738593,0,0,0,0,0,0,0,0,0,0,0,26.771,352.305,0,0.000217268,0.004509,
11,5,7,0,0,0.221825,0,0,0,0.703426,0.753275,1.26059,0,0,0,2.93912,0,0,0,0,0.119358,0,0,0.0340418,0,0,0.1534,0,0,0,0,0,0,0,0,0,0,0,26.9073,352.305,0,0.000223744,0.004509,
11,5,8,0,0,0.221825,0,0,0,0.686679,0.760261,1.32062,0,0,0,2.98939,0,0,0,0,0.798913,0,0,0.0356628,0,0,0.834576,0,0,0,0,0,0,0,0,0,0,0,23.2923,352.305,0,0.000125798,0.004509,
11,5,9,0,0,0.221825,0,0,0,0.56944,0.735811,1.11052,0,0,0,2.6376,0,0,0,0,0.374822,0,0,0.0299892,0,0,0.404811,0,0,0,0,0,0,0,0,0,0,0,18.5225,352.305,0,2.77539e-006,0.004509,
11,5,10,0,0,0.221825,0,0,0,0.4857,0.718346,0.960451,0,0,0,2.38632,0,0,0,0,0.0607377,0,0,0.0259366,0,0,0.0866743,0,0,0,0,0,0,0,0,0,0,0,18.1829,352.305,0,0,0.004509,
11,5,11,0,0,0.221825,0,0,0,0.452204,0.721839,0.990466,0,0,0,2.38633,0,0,0,0,0.0677404,0,0,0.0267471,0,0,0.0944875,0,0,0,0,0,0,0,0,0,0,0,18.121,352.305,0,0,0.004509,
11,5,12,0,0,0.221825,0,0,0,0.418708,0.721839,0.990466,0,0,0,2.35284,0,0,0,0,0.0119367,0,0,0.0267471,0,0,0.0386838,0,0,0,0,0,0,0,0,0,0,0,18.1154,352.305,0,0,0.004509,
11,5,13,0,0,0.221825,0,0,0,0.351715,0.718346,0.960451,0,0,0,2.25234,0,0,0,0,0.0336354,0,0,0.0259366,0,0,0.059572,0,0,0,0,0,0,0,0,0,0,0,18.1038,352.305,0,0,0.004509,
11,5,14,0,0,0.221825,0,0,0,0.351715,0.721839,0.990466,0,0,0,2.28584,0,0,0,0,0.0206991,0,0,0.0267471,0,0,0.0474462,0,0,0,0,0,0,0,0,0,0,0,18.17,352.305,0,0,0.004509,
11,5,15,0,0,0.221825,0,0,0,0.351715,0.728825,1.0505,0,0,0,2.35286,0,0,0,0,0.403638,0,0,0.0283681,0,0,0.432006,0,0,0,0,0,0,0,0,0,0,0,18.2887,352.305,0,0,0.004509,
11,5,16,0,0,0.221825,0,0,0,0.435454,0.735811,1.11052,0,0,0,2.50361,0,0,0,0,0.551847,0,0,0.0299892,0,0,0.581836,0,0,0,0,0,0,0,0,0,0,0,19.3087,352.305,0,5.35697e-006,0.004509,
11,5,17,0,0,0.221825,0,0,0,0.519197,0.760261,1.32062,0,0,0,2.8219,0,0,0,0,0.116795,0,0,0.0356628,0,0,0.152458,0,0,0,0,0,0,0,0,0,0,0,26.7395,352.305,0,0.000214142,0.004509,
11,5,18,0,0,0.221825,0,0,0,0.736923,0.791698,1.59075,0,0,0,3.3412,0,0,0,0,0.0876176,0,0,0.0429574,0,0,0.130575,0,0,0,0,0,0,0,0,0,0,0,27.1013,352.305,0,0.000228376,0.004509,
11,5,19,0,0,0.221825,0,0,0,1.40685,0.809163,1.74082,0,0,0,4.17866,0,0,0,0,0.13621,0,0,0.04701,0,0,0.18322,0,0,0,0,0,0,0,0,0,0,0,27.1061,352.305,0,0.000228376,0.004509,
11,5,20,0,0,0.221825,0,0,0,1.9763,0.816149,1.80085,0,0,0,4.81512,0,0,0,0,0.308935,0,0,0.0486311,0,0,0.357566,0,0,0,0,0,0,0,0,0,0,0,27.1076,352.305,0,0.000228454,0.004509,
11,5,21,0,0,0.221825,0,0,0,1.89255,0.823135,1.86088,0.382647,0,0,5.18104,0,0,0,0,0.202716,0,0,0.0502522,0,0,0.252968,0,0,0,0,0,0,0,0,0,0,0,27.0879,352.305,0,0.000227384,0.004509,
11,5,22,0,0,0.221825,0,0,0,1.60783,0.816149,1.80085,0.382647,0,0,4.8293,0,0,0,0,0.502842,0,0,0.0486311,0,0,0.551473,0,0,0,0,0,0,0,0,0,0,0,27.0703,352.305,0,0.000227315,0.004509,
11,5,23,0,0,0.221825,0,0,0,1.05514,0.788205,1.56074,0.382647,0,0,4.00855,0,0,0,0,0.103407,0,0,0.042147,0,0,0.145554,0,0,0,0,0,0,0,0,0,0,0,26.949,352.305,0,0.000221806,0.004509,
11,5,24,0,0,0.221825,0,0,0,0.636433,0.763754,1.35064,0.382647,0,0,3.3553,0,0,0,0,0.0351749,0,0,0.0364733,0,0,0.0716482,0,0,0,0,0,0,0,0,0,0,0,26.7918,352.305,0,0.000216486,0.004509,
11,6,1,0.405454,0,0.221825,0,0,0,0.385211,0.735811,1.11052,0,0,0,2.85883,0.337834,0,0,0,0,0,0,0.0299892,0,0,0.367823,0,0,0,0,0,0,0,0,0,0,0,26.7568,352.305,0,0.000222137,0.004509,
11,6,2,0.370909,0,0.221825,0,0,0,0.318218,0.728825,1.0505,0,0,0,2.69027,0.309051,0,0,0,0.0673087,0,0,0.0283681,0,0,0.404728,0,0,0,0,0,0,0,0,0,0,0,26.1345,352.305,0,0.000200276,0.004509,
11,6,3,0.458247,0,0.221825,0,0,0,0.251224,0.725332,1.02048,0,0,0,2.67711,0.381822,0,0,0,0.0314289,0,0,0.0275576,0,0,0.440809,0,0,0,0,0,0,0,0,0,0,0,25.5032,352.305,0,0.000189352,0.004509,
11,6,4,0.525539,0,0.221825,0,0,0,0.28472,0.725332,1.02048,0,0,0,2.7779,0.437893,0,0,0,0,0,0,0.0275576,0,0,0.465451,0,0,0,0,0,0,0,0,0,0,0,25.5038,352.305,0,0.000188965,0.004509,
11,6,5,0.554936,0,0.221825,0,0,0,0.351715,0.718346,0.960451,0,0,0,2.80727,0.462385,0,0,0,0,0,0,0.0259366,0,0,0.488322,0,0,0,0,0,0,0,0,0,0,0,26.091,352.305,0,0.000202284,0.004509,
11,6,6,0.533356,0,0.221825,0,0,0,0.519197,0.732318,1.08051,0,0,0,3.08721,0.444404,0,0,0,0.00991924,0,0,0.0291787,0,0,0.483502,0,0,0,0,0,0,0,0,0,0,0,26.4632,352.305,0,0.000210349,0.004509,
11,6,7,0.435193,0,0.221825,0,0,0,0.703426,0.753275,1.26059,0,0,0,3.37432,0.362615,0,0,0,0.573928,0,0,0.0340418,0,0,0.970585,0,0,0,0,0,0,0,0,0,0,0,26.8673,352.305,0,0.000228202,0.004509,
11,6,8,0.325947,0,0.221825,0,0,0,0.686679,0.760261,1.32062,0,0,0,3.31533,0.271588,0,0,0,0.360534,0,0,0.0356628,0,0,0.667785,0,0,0,0,0,0,0,0,0,0,0,24.5363,352.305,0,0.000168846,0.004509,
11,6,9,0.245082,0,0.221825,0,0,0,0.56944,0.735811,1.11052,0,0,0,2.88268,0.204208,0,0,0,0.0933269,0,0,0.0299892,0,0,0.327524,0,0,0,0,0,0,0,0,0,0,0,22.3774,352.305,0,8.05275e-005,0.004509,
11,6,10,0.0602509,0,0.221825,0,0,0,0.4857,0.718346,0.960451,0,0,0,2.44657,0.0502025,0,0,0,0.250591,0,0,0.0259366,0,0,0.32673,0,0,0,0,0,0,0,0,0,0,0,21.8863,352.305,0,6.46379e-005,0.004509,
11,6,11,0,0,0.221825,0,0,0,0.452204,0.721839,0.990466,0,0,0,2.38633,0,0,0,0,0.0597793,0,0,0.0267471,0,0,0.0865264,0,0,0,0,0,0,0,0,0,0,0,21.8742,352.305,0,6.46291e-005,0.004509,
11,6,12,0,0,0.221825,0,0,0,0.418708,0.721839,0.990466,0,0,0,2.35284,0,0,0,0,0.0245658,0,0,0.0267471,0,0,0.0513129,0,0,0,0,0,0,0,0,0,0,0,21.848,352.305,0,6.28587e-005,0.004509,
11,6,13,0,0,0.221825,0,0,0,0.351715,0.718346,0.960451,0,0,0,2.25234,0,0,0,0,0.0314809,0,0,0.0259366,0,0,0.0574175,0,0,0,0,0,0,0,0,0,0,0,21.9537,352.305,0,6.52968e-005,0.004509,
11,6,14,0,0,0.221825,0,0,0,0.351715,0.721839,0.990466,0,0,0,2.28584,0,0,0,0,0.0199425,0,0,0.0267471,0,0,0.0466896,0,0,0,0,0,0,0,0,0,0,0,22.14,352.305,0,6.9445e-005,0.004509,
11,6,15,0,0,0.221825,0,0,0,0.351715,0.728825,1.0505,0,0,0,2.35286,0,0,0,0,0.293677,0,0,0.0283681,0,0,0.322045,0,0,0,0,0,0,0,0,0,0,0,22.5722,352.305,0,8.37823e-005,0.004509,
11,6,16,0,0,0.221825,0,0,0,0.435454,0.735811,1.11052,0,0,0,2.50361,0,0,0,0,0.1669,0,0,0.0299892,0,0,0.196889,0,0,0,0,0,0,0,0,0,0,0,24.3732,352.305,0,0.000144148,0.004509,
11,6,17,0,0,0.221825,0,0,0,0.519197,0.760261,1.32062,0,0,0,2.8219,0,0,0,0,0.0737958,0,0,0.0356628,0,0,0.109459,0,0,0,0,0,0,0,0,0,0,0,26.9918,352.305,0,0.000228828,0.004509,
11,6,18,0,0,0.221825,0,0,0,0.736923,0.791698,1.59075,0,0,0,3.3412,0,0,0,0,0.0986797,0,0,0.0429574,0,0,0.141637,0,0,0,0,0,0,0,0,0,0,0,27.2638,352.305,0,0.000241395,0.004509,
11,6,19,0,0,0.221825,0,0,0,1.40685,0.809163,1.74082,0,0,0,4.17866,0,0,0,0,0.108302,0,0,0.04701,0,0,0.155312,0,0,0,0,0,0,0,0,0,0,0,27.2673,352.305,0,0.0002413,0.004509,
11,6,20,0,0,0.221825,0,0,0,1.9763,0.816149,1.80085,0,0,0,4.81512,0,0,0,0,0.108154,0,0,0.0486311,0,0,0.156785,0,0,0,0,0,0,0,0,0,0,0,27.2664,352.305,0,0.00024135,0.004509,
11,6,21,0,0,0.221825,0,0,0,1.89255,0.823135,1.86088,0.382647,0,0,5.18104,0,0,0,0,0.274006,0,0,0.0502522,0,0,0.324258,0,0,0,0,0,0,0,0,0,0,0,27.2144,352.305,0,0.00023896,0.004509,
11,6,22,0,0,0.221825,0,0,0,1.60783,0.816149,1.80085,0.382647,0,0,4.8293,0,0,0,0,0.0583575,0,0,0.0486311,0,0,0.106989,0,0,0,0,0,0,0,0,0,0,0,27.2123,352.305,0,0.000238754,0.004509,
11,6,23,0,0,0.221825,0,0,0,1.05514,0.788205,1.56074,0.382647,0,0,4.00855,0,0,0,0,0.396182,0,0,0.042147,0,0,0.438329,0,0,0,0,0,0,0,0,0,0,0,27.1581,352.305,0,0.000232086,0.004509,
11,6,24,0,0,0.221825,0,0,0,0.636433,0.763754,1.35064,0.382647,0,0,3.3553,0,0,0,0,0.0297837,0,0,0.0364733,0,0,0.066257,0,0,0,0,0,0,0,0,0,0,0,26.9232,352.305,0,0.000225297,0.004509,
11,7,1,0,0,0.221825,0,0,0,0.385211,0.735811,1.11052,0,0,0,2.45337,0,0,0,0,0.00582674,0,0,0.0299892,0,0,0.0358159,0,0,0,0,0,0,0,0,0,0,0,27.6391,352.305,0,0.000251462,0.004509,
11,7,2,0,0,0.221825,0,0,0,0.318218,0.728825,1.0505,0,0,0,2.31936,0,0,0,0,0,0,0,0.0283681,0,0,0.0283681,0,0,0,0,0,0,0,0,0,0,0,26.8958,352.305,0,0.00022894,0.004509,
11,7,3,0,0,0.221825,0,0,0,0.251224,0.725332,1.02048,0,0,0,2.21886,0,0,0,0,0.0602664,0,0,0.0275576,0,0,0.087824,0,0,0,0,0,0,0,0,0,0,0,26.7021,352.305,0,0.000223144,0.004509,
11,7,4,0,0,0.221825,0,0,0,0.28472,0.725332,1.02048,0,0,0,2.25236,0,0,0,0,0.0404165,0,0,0.0275576,0,0,0.0679741,0,0,0,0,0,0,0,0,0,0,0,26.6883,352.305,0,0.000222278,0.004509,
11,7,5,0,0,0.221825,0,0,0,0.351715,0.718346,0.960451,0,0,0,2.25234,0,0,0,0,0,0,0,0.0259366,0,0,0.0259366,0,0,0,0,0,0,0,0,0,0,0,26.7114,352.305,0,0.000222995,0.004509,
11,7,6,0,0,0.221825,0,0,0,0.519197,0.732318,1.08051,0,0,0,2.55385,0,0,0,0,0.00126375,0,0,0.0291787,0,0,0.0304424,0,0,0,0,0,0,0,0,0,0,0,27.0174,352.305,0,0.000232072,0.004509,
11,7,7,0,0,0.221825,0,0,0,0.703426,0.753275,1.26059,0,0,0,2.93912,0,0,0,0,0.00025275,0,0,0.0340418,0,0,0.0342946,0,0,0,0,0,0,0,0,0,0,0,27.5809,352.305,0,0.000248818,0.004509,
11,7,8,0,0,0.221825,0,0,0,0.686679,0.760261,1.32062,0,0,0,2.98939,0,0,0,0,0.249591,0,0,0.0356628,0,0,0.285254,0,0,0,0,0,0,0,0,0,0,0,24.5635,352.305,0,0.000172344,0.004509,
11,7,9,0,0,0.221825,0,0,0,0.56944,0.735811,1.11052,0,0,0,2.6376,0,0,0,0,0.0639905,0,0,0.0299892,0,0,0.0939797,0,0,0,0,0,0,0,0,0,0,0,23.2711,352.305,0,0.000136776,0.004509,
11,7,10,0,0,0.221825,0,0,0,0.4857,0.718346,0.960451,0,0,0,2.38632,0,0,0,0,0.317063,0,0,0.0259366,0,0,0.343,0,0,0,0,0,0,0,0,0,0,0,23.1799,352.305,0,0.000132617,0.004509,
11,7,11,0,0,0.221825,0,0,0,0.452204,0.721839,0.990466,0,0,0,2.38633,0,0,0,0,0.105426,0,0,0.0267471,0,0,0.132173,0,0,0,0,0,0,0,0,0,0,0,23.1896,352.305,0,0.000132762,0.004509,
11,7,12,0,0,0.221825,0,0,0,0.418708,0.721839,0.990466,0,0,0,2.35284,0,0,0,0,0.343813,0,0,0.0267471,0,0,0.37056,0,0,0,0,0,0,0,0,0,0,0,23.2195,352.305,0,0.000132257,0.004509,
11,7,13,0,0,0.221825,0,0,0,0.351715,0.718346,0.960451,0,0,0,2.25234,0,0,0,0,0.0696173,0,0,0.0259366,0,0,0.0955539,0,0,0,0,0,0,0,0,0,0,0,23.1916,352.305,0,0.000132736,0.004509,
11,7,14,0,0,0.221825,0,0,0,0.351715,0.721839,0.990466,0,0,0,2.28584,0,0,0,0,0.0782386,0,0,0.0267471,0,0,0.104986,0,0,0,0,0,0,0,0,0,0,0,23.296,352.305,0,0.000134537,0.004509,
11,7,15,0,0,0.221825,0,0,0,0.351715,0.728825,1.0505,0,0,0,2.35286,0,0,0,0,0.0145225,0,0,0.0283681,0,0,0.0428906,0,0,0,0,0,0,0,0,0,0,0,23.6519,352.305,0,0.000142333,0.004509,
11,7,16,0,0,0.221825,0,0,0,0.435454,0.735811,1.11052,0,0,0,2.50361,0,0,0,0,0.170802,0,0,0.0299892,0,0,0.200791,0,0,0,0,0,0,0,0,0,0,0,24.6647,352.305,0,0.000173114,0.004509,
11,7,17,0,0,0.221825,0,0,0,0.519197,0.760261,1.32062,0,0,0,2.8219,0,0,0,0,0.0386439,0,0,0.0356628,0,0,0.0743067,0,0,0,0,0,0,0,0,0,0,0,27.6839,352.305,0,0.000251437,0.004509,
11,7,18,0,0,0.221825,0,0,0,0.736923,0.791698,1.59075,0,0,0,3.3412,0,0,0,0,0.0176059,0,0,0.0429574,0,0,0.0605633,0,0,0,0,0,0,0,0,0,0,0,27.6973,352.305,0,0.000251744,0.004509,
11,7,19,0,0,0.221825,0,0,0,1.40685,0.809163,1.74082,0,0,0,4.17866,0,0,0,0,0.338796,0,0,0.04701,0,0,0.385806,0,0,0,0,0,0,0,0,0,0,0,27.6968,352.305,0,0.000251729,0.004509,
11,7,20,0,0,0.221825,0,0,0,1.9763,0.816149,1.80085,0,0,0,4.81512,0,0,0,0,0.240741,0,0,0.0486311,0,0,0.289372,0,0,0,0,0,0,0,0,0,0,0,27.6946,352.305,0,0.000251672,0.004509,
11,7,21,0,0,0.221825,0,0,0,1.89255,0.823135,1.86088,0.382647,0,0,5.18104,0,0,0,0,0.148504,0,0,0.0502522,0,0,0.198756,0,0,0,0,0,0,0,0,0,0,0,27.6939,352.305,0,0.000251743,0.004509,
11,7,22,0,0,0.221825,0,0,0,1.60783,0.816149,1.80085,0.382647,0,0,4.8293,0,0,0,0,0.0581864,0,0,0.0486311,0,0,0.106818,0,0,0,0,0,0,0,0,0,0,0,27.6581,352.305,0,0.00025036,0.004509,
11,7,23,0,0,0.221825,0,0,0,1.05514,0.788205,1.56074,0.382647,0,0,4.00855,0,0,0,0,0.00126845,0,0,0.042147,0,0,0.0434155,0,0,0,0,0,0,0,0,0,0,0,27.6496,352.305,0,0.000249747,0.004509,
11,7,24,0,0,0.221825,0,0,0,0.636433,0.763754,1.35064,0.382647,0,0,3.3553,0,0,0,0,0.00649035,0,0,0.0364733,0,0,0.0429636,0,0,0,0,0,0,0,0,0,0,0,27.5801,352.305,0,0.000246642,0.004509,
11,8,1,0,0,0.221825,0,0,0,0.385211,0.735811,1.11052,0,0,0,2.45337,0,0,0,0,0.0066112,0,0,0.0299892,0,0,0.0366004,0,0,0,0,0,0,0,0,0,0,0,27.5884,352.305,0,0.000246625,0.004509,
11,8,2,0,0,0.221825,0,0,0,0.318218,0.728825,1.0505,0,0,0,2.31936,0,0,0,0,0.00284977,0,0,0.0283681,0,0,0.0312179,0,0,0,0,0,0,0,0,0,0,0,27.3132,352.305,0,0.000235575,0.004509,
11,8,3,0,0,0.221825,0,0,0,0.251224,0.725332,1.02048,0,0,0,2.21886,0,0,0,0,0.0223541,0,0,0.0275576,0,0,0.0499117,0,0,0,0,0,0,0,0,0,0,0,26.4997,352.305,0,0.000216295,0.004509,
11,8,4,0,0,0.221825,0,0,0,0.28472,0.725332,1.02048,0,0,0,2.25236,0,0,0,0,0.00242181,0,0,0.0275576,0,0,0.0299794,0,0,0,0,0,0,0,0,0,0,0,26.3631,352.305,0,0.00021483,0.004509,
11,8,5,0,0,0.221825,0,0,0,0.351715,0.718346,0.960451,0,0,0,2.25234,0,0,0,0,0.00284977,0,0,0.0259366,0,0,0.0287864,0,0,0,0,0,0,0,0,0,0,0,26.632,352.305,0,0.000220514,0.004509,
11,8,6,0,0,0.221825,0,0,0,0.519197,0.732318,1.08051,0,0,0,2.55385,0,0,0,0,0.0011404,0,0,0.0291787,0,0,0.0303191,0,0,0,0,0,0,0,0,0,0,0,27.5289,352.305,0,0.000245441,0.004509,
11,8,7,0,0,0.221825,0,0,0,0.703426,0.753275,1.26059,0,0,0,2.93912,0,0,0,0,0.00472303,0,0,0.0340418,0,0,0.0387648,0,0,0,0,0,0,0,0,0,0,0,27.731,352.305,0,0.000249358,0.004509,
11,8,8,0,0,0.221825,0,0,0,0.686679,0.760261,1.32062,0,0,0,2.98939,0,0,0,0,0.0101472,0,0,0.0356628,0,0,0.04581,0,0,0,0,0,0,0,0,0,0,0,26.107,352.305,0,0.000211644,0.004509,
11,8,9,0,0,0.221825,0,0,0,0.56944,0.735811,1.11052,0,0,0,2.6376,0,0,0,0,0.145436,0,0,0.0299892,0,0,0.175425,0,0,0,0,0,0,0,0,0,0,0,24.7661,352.305,0,0.000170498,0.004509,
11,8,10,0,0,0.221825,0,0,0,0.4857,0.718346,0.960451,0,0,0,2.38632,0,0,0,0,0.0803403,0,0,0.0259366,0,0,0.106277,0,0,0,0,0,0,0,0,0,0,0,24.7377,352.305,0,0.000152054,0.004509,
11,8,11,0,0,0.221825,0,0,0,0.452204,0.721839,0.990466,0,0,0,2.38633,0,0,0,0,0.475712,0,0,0.0267471,0,0,0.502459,0,0,0,0,0,0,0,0,0,0,0,24.735,352.305,0,0.000150603,0.004509,
11,8,12,0,0,0.221825,0,0,0,0.418708,0.721839,0.990466,0,0,0,2.35284,0,0,0,0,0.0367543,0,0,0.0267471,0,0,0.0635014,0,0,0,0,0,0,0,0,0,0,0,24.7372,352.305,0,0.000150897,0.004509,
11,8,13,0,0,0.221825,0,0,0,0.351715,0.718346,0.960451,0,0,0,2.25234,0,0,0,0,0.121204,0,0,0.0259366,0,0,0.147141,0,0,0,0,0,0,0,0,0,0,0,24.7367,352.305,0,0.000150463,0.004509,
11,8,14,0,0,0.221825,0,0,0,0.351715,0.721839,0.990466,0,0,0,2.28584,0,0,0,0,0.086503,0,0,0.0267471,0,0,0.11325,0,0,0,0,0,0,0,0,0,0,0,24.8142,352.305,0,0.000152359,0.004509,
11,8,15,0,0,0.221825,0,0,0,0.351715,0.728825,1.0505,0,0,0,2.35286,0,0,0,0,0.0493055,0,0,0.0283681,0,0,0.0776736,0,0,0,0,0,0,0,0,0,0,0,25.0708,352.305,0,0.000164408,0.004509,
11,8,16,0,0,0.221825,0,0,0,0.435454,0.735811,1.11052,0,0,0,2.50361,0,0,0,0,0.12561,0,0,0.0299892,0,0,0.155599,0,0,0,0,0,0,0,0,0,0,0,27.8988,352.305,0,0.000248566,0.004509,
11,8,17,0,0,0.221825,0,0,0,0.519197,0.760261,1.32062,0,0,0,2.8219,0,0,0,0,0.409421,0,0,0.0356628,0,0,0.445084,0,0,0,0,0,0,0,0,0,0,0,28.0128,352.305,0,0.000252282,0.004509,
11,8,18,0,0,0.221825,0,0,0,0.736923,0.791698,1.59075,0,0,0,3.3412,0,0,0,0,0.758541,0,0,0.0429574,0,0,0.801498,0,0,0,0,0,0,0,0,0,0,0,28.0526,352.305,0,0.000253896,0.004509,
11,8,19,0,0,0.221825,0,0,0,1.40685,0.809163,1.74082,0,0,0,4.17866,0,0,0,0,0.243869,0,0,0.04701,0,0,0.290879,0,0,0,0,0,0,0,0,0,0,0,28.0533,352.305,0,0.000253882,0.004509,
11,8,20,0,0,0.221825,0,0,0,1.9763,0.816149,1.80085,0,0,0,4.81512,0,0,0,0,0.0448332,0,0,0.0486311,0,0,0.0934643,0,0,0,0,0,0,0,0,0,0,0,28.0504,352.305,0,0.000253113,0.004509,
11,8,21,0,0,0.221825,0,0,0,1.89255,0.823135,1.86088,0.382647,0,0,5.18104,0,0,0,0,0.0914944,0,0,0.0502522,0,0,0.141747,0,0,0,0,0,0,0,0,0,0,0,28.0187,352.305,0,0.000252534,0.004509,
11,8,22,0,0,0.221825,0,0,0,1.60783,0.816149,1.80085,0.382647,0,0,4.8293,0,0,0,0,0.281724,0,0,0.0486311,0,0,0.330355,0,0,0,0,0,0,0,0,0,0,0,28.0126,352.305,0,0.000252022,0.004509,
11,8,23,0,0,0.221825,0,0,0,1.05514,0.788205,1.56074,0.382647,0,0,4.00855,0,0,0,0,0.0364494,0,0,0.042147,0,0,0.0785964,0,0,0,0,0,0,0,0,0,0,0,27.974,352.305,0,0.000251268,0.004509,
11,8,24,0,0,0.221825,0,0,0,0.636433,0.763754,1.35064,0.382647,0,0,3.3553,0,0,0,0,0.173977,0,0,0.0364733,0,0,0.21045,0,0,0,0,0,0,0,0,0,0,0,27.9559,352.305,0,0.000249015,0.004509,
11,9,1,0,0,0.221825,0,0,0,0.385211,0.735811,1.11052,0,0,0,2.45337,0,0,0,0,0.00475111,0,0,0.0299892,0,0,0.0347403,0,0,0,0,0,0,0,0,0,0,0,27.7303,352.305,0,0.000249767,0.004509,
11,9,2,0,0,0.221825,0,0,0,0.318218,0.728825,1.0505,0,0,0,2.31936,0,0,0,0,0.030594,0,0,0.0283681,0,0,0.0589621,0,0,0,0,0,0,0,0,0,0,0,27.0076,352.305,0,0.000230697,0.004509,
11,9,3,0,0,0.221825,0,0,0,0.251224,0.725332,1.02048,0,0,0,2.21886,0,0,0,0,0.0141588,0,0,0.0275576,0,0,0.0417164,0,0,0,0,0,0,0,0,0,0,0,26.567,352.305,0,0.000221006,0.004509,
11,9,4,0,0,0.221825,0,0,0,0.28472,0.725332,1.02048,0,0,0,2.25236,0,0,0,0,0.00504022,0,0,0.0275576,0,0,0.0325978,0,0,0,0,0,0,0,0,0,0,0,26.5479,352.305,0,0.000220594,0.004509,
11,9,5,0.0693646,0,0.221825,0,0,0,0.351715,0.718346,0.960451,0,0,0,2.3217,0.0577963,0,0,0,0.000399783,0,0,0.0259366,0,0,0.0841327,0,0,0,0,0,0,0,0,0,0,0,26.6458,352.305,0,0.000227982,0.004509,
11,9,6,0.180334,0,0.221825,0,0,0,0.519197,0.732318,1.08051,0,0,0,2.73418,0.150259,0,0,0,0.0802737,0,0,0.0291787,0,0,0.259711,0,0,0,0,0,0,0,0,0,0,0,27.612,352.305,0,0.000249952,0.004509,
11,9,7,0.186664,0,0.221825,0,0,0,0.703426,0.753275,1.26059,0,0,0,3.12579,0.155533,0,0,0,0.0227259,0,0,0.0340418,0,0,0.212301,0,0,0,0,0,0,0,0,0,0,0,27.8137,352.305,0,0.000254058,0.004509,
11,9,8,0.113516,0,0.221825,0,0,0,0.686679,0.760261,1.32062,0,0,0,3.1029,0.0945843,0,0,0,0.599297,0,0,0.0356628,0,0,0.729544,0,0,0,0,0,0,0,0,0,0,0,26.0151,352.305,0,0.000206753,0.004509,
11,9,9,0.0200205,0,0.221825,0,0,0,0.56944,0.735811,1.11052,0,0,0,2.65762,0.0166816,0,0,0,0.164338,0,0,0.0299892,0,0,0.211009,0,0,0,0,0,0,0,0,0,0,0,24.0842,352.305,0,0.000134083,0.004509,
11,9,10,0,0,0.221825,0,0,0,0.4857,0.718346,0.960451,0,0,0,2.38632,0,0,0,0,0.370892,0,0,0.0259366,0,0,0.396829,0,0,0,0,0,0,0,0,0,0,0,23.9025,352.305,0,0.000121317,0.004509,
11,9,11,0,0,0.221825,0,0,0,0.452204,0.721839,0.990466,0,0,0,2.38633,0,0,0,0,0.221252,0,0,0.0267471,0,0,0.247999,0,0,0,0,0,0,0,0,0,0,0,23.7212,352.305,0,0.000115501,0.004509,
11,9,12,0,0,0.221825,0,0,0,0.418708,0.721839,0.990466,0,0,0,2.35284,0,0,0,0,0.0996121,0,0,0.0267471,0,0,0.126359,0,0,0,0,0,0,0,0,0,0,0,23.521,352.305,0,0.000107049,0.004509,
11,9,13,0,0,0.221825,0,0,0,0.351715,0.718346,0.960451,0,0,0,2.25234,0,0,0,0,0.0957194,0,0,0.0259366,0,0,0.121656,0,0,0,0,0,0,0,0,0,0,0,23.7038,352.305,0,0.000114238,0.004509,
11,9,14,0,0,0.221825,0,0,0,0.351715,0.721839,0.990466,0,0,0,2.28584,0,0,0,0,0.104072,0,0,0.0267471,0,0,0.130819,0,0,0,0,0,0,0,0,0,0,0,23.7133,352.305,0,0.000114659,0.004509,
11,9,15,0,0,0.221825,0,0,0,0.351715,0.728825,1.0505,0,0,0,2.35286,0,0,0,0,0.0395239,0,0,0.0283681,0,0,0.067892,0,0,0,0,0,0,0,0,0,0,0,24.2939,352.305,0,0.000132006,0.004509,
11,9,16,0,0,0.221825,0,0,0,0.435454,0.735811,1.11052,0,0,0,2.50361,0,0,0,0,0.156128,0,0,0.0299892,0,0,0.186117,0,0,0,0,0,0,0,0,0,0,0,25.083,352.305,0,0.000152738,0.004509,
11,9,17,0,0,0.221825,0,0,0,0.519197,0.760261,1.32062,0,0,0,2.8219,0,0,0,0,0.138885,0,0,0.0356628,0,0,0.174548,0,0,0,0,0,0,0,0,0,0,0,28.025,352.305,0,0.00025998,0.004509,
11,9,18,0,0,0.221825,0,0,0,0.736923,0.791698,1.59075,0,0,0,3.3412,0,0,0,0,0.244361,0,0,0.0429574,0,0,0.287318,0,0,0,0,0,0,0,0,0,0,0,28.0369,352.305,0,0.000260582,0.004509,
11,9,19,0,0,0.221825,0,0,0,1.40685,0.809163,1.74082,0,0,0,4.17866,0,0,0,0,0.247379,0,0,0.04701,0,0,0.294389,0,0,0,0,0,0,0,0,0,0,0,28.0433,352.305,0,0.000260564,0.004509,
11,9,20,0,0,0.221825,0,0,0,1.9763,0.816149,1.80085,0,0,0,4.81512,0,0,0,0,0.0434072,0,0,0.0486311,0,0,0.0920383,0,0,0,0,0,0,0,0,0,0,0,28.0365,352.305,0,0.000260559,0.004509,
11,9,21,0,0,0.221825,0,0,0,1.89255,0.823135,1.86088,0.382647,0,0,5.18104,0,0,0,0,0.150957,0,0,0.0502522,0,0,0.201209,0,0,0,0,0,0,0,0,0,0,0,28.0126,352.305,0,0.000259054,0.004509,
11,9,22,0,0,0.221825,0,0,0,1.60783,0.816149,1.80085,0.382647,0,0,4.8293,0,0,0,0,0.129139,0,0,0.0486311,0,0,0.17777,0,0,0,0,0,0,0,0,0,0,0,28.013,352.305,0,0.000258928,0.004509,
11,9,23,0,0,0.221825,0,0,0,1.05514,0.788205,1.56074,0.382647,0,0,4.00855,0,0,0,0,0.188553,0,0,0.042147,0,0,0.2307,0,0,0,0,0,0,0,0,0,0,0,27.9743,352.305,0,0.000256708,0.004509,
11,9,24,0,0,0.221825,0,0,0,0.636433,0.763754,1.35064,0.382647,0,0,3.3553,0,0,0,0,0.102029,0,0,0.0364733,0,0,0.138502,0,0,0,0,0,0,0,0,0,0,0,27.9764,352.305,0,0.000255848,0.004509,
11,10,1,0.0386008,0,0.221825,0,0,0,0.385211,0.735811,1.11052,0,0,0,2.49197,0.0321631,0,0,0,0.0494961,0,0,0.0299892,0,0,0.111648,0,0,0,0,0,0,0,0,0,0,0,27.4099,352.305,0,0.000232063,0.004509,
11,10,2,0.187272,0,0.221825,0,0,0,0.318218,0.728825,1.0505,0,0,0,2.50664,0.15604,0,0,0,0.0301894,0,0,0.0283681,0,0,0.214598,0,0,0,0,0,0,0,0,0,0,0,27.3981,352.305,0,0.0002314,0.004509,
11,10,3,0.281826,0,0.221825,0,0,0,0.251224,0.725332,1.02048,0,0,0,2.50069,0.234825,0,0,0,0.0151695,0,0,0.0275576,0,0,0.277552,0,0,0,0,0,0,0,0,0,0,0,27.3776,352.305,0,0.000230561,0.004509,
11,10,4,0.334628,0,0.221825,0,0,0,0.28472,0.725332,1.02048,0,0,0,2.58699,0.278821,0,0,0,0.000406594,0,0,0.0275576,0,0,0.306785,0,0,0,0,0,0,0,0,0,0,0,27.3629,352.305,0,0.00023038,0.004509,
11,10,5,0.393877,0,0.221825,0,0,0,0.351715,0.718346,0.960451,0,0,0,2.64621,0.328189,0,0,0,0.00123813,0,0,0.0259366,0,0,0.355364,0,0,0,0,0,0,0,0,0,0,0,27.387,352.305,0,0.000231341,0.004509,
11,10,6,0.39558,0,0.221825,0,0,0,0.519197,0.732318,1.08051,0,0,0,2.94943,0.329608,0,0,0,0.00114085,0,0,0.0291787,0,0,0.359928,0,0,0,0,0,0,0,0,0,0,0,27.4117,352.305,0,0.000232161,0.004509,
11,10,7,0.32828,0,0.221825,0,0,0,0.703426,0.753275,1.26059,0,0,0,3.2674,0.273531,0,0,0,0.0099182,0,0,0.0340418,0,0,0.317491,0,0,0,0,0,0,0,0,0,0,0,33.0674,352.305,0,0.000232649,0.004509,
11,10,8,0.302286,0,0.221825,0,0,0,0.686679,0.760261,1.32062,0,0,0,3.29167,0.251871,0,0,0,0.391826,0,0,0.0356628,0,0,0.67936,0,0,0,0,0,0,0,0,0,0,0,27.1647,352.305,0,0.000222542,0.004509,
11,10,9,0.119595,0,0.221825,0,0,0,0.56944,0.735811,1.11052,0,0,0,2.7572,0.0996495,0,0,0,0.14908,0,0,0.0299892,0,0,0.278719,0,0,0,0,0,0,0,0,0,0,0,24.7273,352.305,0,0.000156524,0.004509,
11,10,10,0.0096721,0,0.221825,0,0,0,0.4857,0.718346,0.960451,0,0,0,2.39599,0.00805904,0,0,0,0.569966,0,0,0.0259366,0,0,0.603962,0,0,0,0,0,0,0,0,0,0,0,24.5262,352.305,0,0.000137555,0.004509,
11,10,11,0,0,0.221825,0,0,0,0.452204,0.721839,0.990466,0,0,0,2.38633,0,0,0,0,0.400173,0,0,0.0267471,0,0,0.42692,0,0,0,0,0,0,0,0,0,0,0,24.5205,352.305,0,0.000137337,0.004509,
11,10,12,0,0,0.221825,0,0,0,0.418708,0.721839,0.990466,0,0,0,2.35284,0,0,0,0,0.026554,0,0,0.0267471,0,0,0.0533011,0,0,0,0,0,0,0,0,0,0,0,24.5315,352.305,0,0.000137573,0.004509,
11,10,13,0,0,0.221825,0,0,0,0.351715,0.718346,0.960451,0,0,0,2.25234,0,0,0,0,0.0452337,0,0,0.0259366,0,0,0.0711703,0,0,0,0,0,0,0,0,0,0,0,24.5177,352.305,0,0.000137293,0.004509,
11,10,14,0,0,0.221825,0,0,0,0.351715,0.721839,0.990466,0,0,0,2.28584,0,0,0,0,0.0747605,0,0,0.0267471,0,0,0.101508,0,0,0,0,0,0,0,0,0,0,0,24.5357,352.305,0,0.000139008,0.004509,
11,10,15,0,0,0.221825,0,0,0,0.351715,0.728825,1.0505,0,0,0,2.35286,0,0,0,0,0.206947,0,0,0.0283681,0,0,0.235315,0,0,0,0,0,0,0,0,0,0,0,24.6152,352.305,0,0.000140883,0.004509,
11,10,16,0,0,0.221825,0,0,0,0.435454,0.735811,1.11052,0,0,0,2.50361,0,0,0,0,0.125966,0,0,0.0299892,0,0,0.155955,0,0,0,0,0,0,0,0,0,0,0,24.9104,352.305,0,0.000154021,0.004509,
11,10,17,0,0,0.221825,0,0,0,0.519197,0.760261,1.32062,0,0,0,2.8219,0,0,0,0,0.0846104,0,0,0.0356628,0,0,0.120273,0,0,0,0,0,0,0,0,0,0,0,27.456,352.305,0,0.00023508,0.004509,
11,10,18,0,0,0.221825,0,0,0,0.736923,0.791698,1.59075,0,0,0,3.3412,0,0,0,0,0.0796805,0,0,0.0429574,0,0,0.122638,0,0,0,0,0,0,0,0,0,0,0,27.4688,352.305,0,0.000235612,0.004509,
11,10,19,0,0,0.221825,0,0,0,1.40685,0.809163,1.74082,0,0,0,4.17866,0,0,0,0,0.0900418,0,0,0.04701,0,0,0.137052,0,0,0,0,0,0,0,0,0,0,0,27.4695,352.305,0,0.000235616,0.004509,
11,10,20,0,0,0.221825,0,0,0,1.9763,0.816149,1.80085,0,0,0,4.81512,0,0,0,0,0.0731113,0,0,0.0486311,0,0,0.121742,0,0,0,0,0,0,0,0,0,0,0,27.5052,352.305,0,0.000235663,0.004509,
11,10,21,0,0,0.221825,0,0,0,1.89255,0.823135,1.86088,0.382647,0,0,5.18104,0,0,0,0,0.0510016,0,0,0.0502522,0,0,0.101254,0,0,0,0,0,0,0,0,0,0,0,27.449,352.305,0,0.000234193,0.004509,
11,10,22,0,0,0.221825,0,0,0,1.60783,0.816149,1.80085,0.382647,0,0,4.8293,0,0,0,0,0.0756189,0,0,0.0486311,0,0,0.12425,0,0,0,0,0,0,0,0,0,0,0,27.4465,352.305,0,0.000233921,0.004509,
11,10,23,0,0,0.221825,0,0,0,1.05514,0.788205,1.56074,0.382647,0,0,4.00855,0,0,0,0,0.270382,0,0,0.042147,0,0,0.312529,0,0,0,0,0,0,0,0,0,0,0,27.422,352.305,0,0.000232181,0.004509,
11,10,24,0,0,0.221825,0,0,0,0.636433,0.763754,1.35064,0.382647,0,0,3.3553,0,0,0,0,0.143305,0,0,0.0364733,0,0,0.179778,0,0,0,0,0,0,0,0,0,0,0,27.3939,352.305,0,0.00023162,0.004509,
11,11,1,0,0,0.221825,0,0,0,0.385211,0.735811,1.11052,0,0,0,2.45337,0,0,0,0,0.0048691,0,0,0.0299892,0,0,0.0348583,0,0,0,0,0,0,0,0,0,0,0,26.3986,352.305,0,0.000201362,0.004509,
11,11,2,0,0,0.221825,0,0,0,0.318218,0.728825,1.0505,0,0,0,2.31936,0,0,0,0,0.0146145,0,0,0.0283681,0,0,0.0429826,0,0,0,0,0,0,0,0,0,0,0,26.3004,352.305,0,0.00019946,0.004509,
11,11,3,0.052012,0,0.221825,0,0,0,0.251224,0.725332,1.02048,0,0,0,2.27087,0.0433378,0,0,0,0,0,0,0.0275576,0,0,0.0708954,0,0,0,0,0,0,0,0,0,0,0,26.181,352.305,0,0.000197062,0.004509,
11,11,4,0.105539,0,0.221825,0,0,0,0.28472,0.725332,1.02048,0,0,0,2.3579,0.087938,0,0,0,0,0,0,0.0275576,0,0,0.115496,0,0,0,0,0,0,0,0,0,0,0,26.1029,352.305,0,0.00019609,0.004509,
11,11,5,0.146577,0,0.221825,0,0,0,0.351715,0.718346,0.960451,0,0,0,2.39891,0.122132,0,0,0,0,0,0,0.0259366,0,0,0.148069,0,0,0,0,0,0,0,0,0,0,0,26.2319,352.305,0,0.000197092,0.004509,
11,11,6,0.1406,0,0.221825,0,0,0,0.519197,0.732318,1.08051,0,0,0,2.69445,0.117151,0,0,0,0.0130931,0,0,0.0291787,0,0,0.159423,0,0,0,0,0,0,0,0,0,0,0,26.3463,352.305,0,0.000200076,0.004509,
11,11,7,0.088706,0,0.221825,0,0,0,0.703426,0.753275,1.26059,0,0,0,3.02783,0.073912,0,0,0,0.183668,0,0,0.0340418,0,0,0.291622,0,0,0,0,0,0,0,0,0,0,0,26.4759,352.305,0,0.000203898,0.004509,
11,11,8,0.0105869,0,0.221825,0,0,0,0.686679,0.760261,1.32062,0,0,0,2.99997,0.00882123,0,0,0,0.186176,0,0,0.0356628,0,0,0.23066,0,0,0,0,0,0,0,0,0,0,0,25.6779,352.305,0,0.000186804,0.004509,
11,11,9,0,0,0.221825,0,0,0,0.56944,0.735811,1.11052,0,0,0,2.6376,0,0,0,0,0.388835,0,0,0.0299892,0,0,0.418824,0,0,0,0,0,0,0,0,0,0,0,20.5641,352.305,0,2.23038e-005,0.004509,
11,11,10,0,0,0.221825,0,0,0,0.4857,0.718346,0.960451,0,0,0,2.38632,0,0,0,0,0.250163,0,0,0.0259366,0,0,0.2761,0,0,0,0,0,0,0,0,0,0,0,19.8804,352.305,0,4.1178e-006,0.004509,
11,11,11,0,0,0.221825,0,0,0,0.452204,0.721839,0.990466,0,0,0,2.38633,0,0,0,0,0.2041,0,0,0.0267471,0,0,0.230847,0,0,0,0,0,0,0,0,0,0,0,19.616,352.305,0,1.71884e-006,0.004509,
11,11,12,0,0,0.221825,0,0,0,0.418708,0.721839,0.990466,0,0,0,2.35284,0,0,0,0,0.177627,0,0,0.0267471,0,0,0.204374,0,0,0,0,0,0,0,0,0,0,0,19.5836,352.305,0,0,0.004509,
11,11,13,0,0,0.221825,0,0,0,0.351715,0.718346,0.960451,0,0,0,2.25234,0,0,0,0,0.0841878,0,0,0.0259366,0,0,0.110124,0,0,0,0,0,0,0,0,0,0,0,19.6606,352.305,0,1.55043e-008,0.004509,
11,11,14,0,0,0.221825,0,0,0,0.351715,0.721839,0.990466,0,0,0,2.28584,0,0,0,0,0.0698108,0,0,0.0267471,0,0,0.0965579,0,0,0,0,0,0,0,0,0,0,0,19.7402,352.305,0,0,0.004509,
11,11,15,0,0,0.221825,0,0,0,0.351715,0.728825,1.0505,0,0,0,2.35286,0,0,0,0,0.331602,0,0,0.0283681,0,0,0.35997,0,0,0,0,0,0,0,0,0,0,0,19.8117,352.305,0,4.91636e-007,0.004509,
11,11,16,0,0,0.221825,0,0,0,0.435454,0.735811,1.11052,0,0,0,2.50361,0,0,0,0,0.0272939,0,0,0.0299892,0,0,0.0572831,0,0,0,0,0,0,0,0,0,0,0,20.3105,352.305,0,2.12429e-005,0.004509,
11,11,17,0,0,0.221825,0,0,0,0.519197,0.760261,1.32062,0,0,0,2.8219,0,0,0,0,0.0689419,0,0,0.0356628,0,0,0.104605,0,0,0,0,0,0,0,0,0,0,0,26.4734,352.305,0,0.000204679,0.004509,
11,11,18,0,0,0.221825,0,0,0,0.736923,0.791698,1.59075,0,0,0,3.3412,0,0,0,0,0.157318,0,0,0.0429574,0,0,0.200275,0,0,0,0,0,0,0,0,0,0,0,26.569,352.305,0,0.000206929,0.004509,
11,11,19,0,0,0.221825,0,0,0,1.40685,0.809163,1.74082,0,0,0,4.17866,0,0,0,0,0.147507,0,0,0.04701,0,0,0.194517,0,0,0,0,0,0,0,0,0,0,0,26.5703,352.305,0,0.00020696,0.004509,
11,11,20,0,0,0.221825,0,0,0,1.9763,0.816149,1.80085,0,0,0,4.81512,0,0,0,0,0.172824,0,0,0.0486311,0,0,0.221455,0,0,0,0,0,0,0,0,0,0,0,26.5702,352.305,0,0.000206986,0.004509,
11,11,21,0,0,0.221825,0,0,0,1.89255,0.823135,1.86088,0.382647,0,0,5.18104,0,0,0,0,0.0308372,0,0,0.0502522,0,0,0.0810894,0,0,0,0,0,0,0,0,0,0,0,26.5673,352.305,0,0.000206745,0.004509,
11,11,22,0,0,0.221825,0,0,0,1.60783,0.816149,1.80085,0.382647,0,0,4.8293,0,0,0,0,0.151106,0,0,0.0486311,0,0,0.199737,0,0,0,0,0,0,0,0,0,0,0,26.4954,352.305,0,0.000205711,0.004509,
11,11,23,0,0,0.221825,0,0,0,1.05514,0.788205,1.56074,0.382647,0,0,4.00855,0,0,0,0,0.0765419,0,0,0.042147,0,0,0.118689,0,0,0,0,0,0,0,0,0,0,0,26.445,352.305,0,0.000204158,0.004509,
11,11,24,0,0,0.221825,0,0,0,0.636433,0.763754,1.35064,0.382647,0,0,3.3553,0,0,0,0,0.00885007,0,0,0.0364733,0,0,0.0453234,0,0,0,0,0,0,0,0,0,0,0,25.7267,352.305,0,0.000192291,0.004509,
11,12,1,0.00720489,0,0.221825,0,0,0,0.385211,0.735811,1.11052,0,0,0,2.46058,0.00600331,0,0,0,0.0163488,0,0,0.0299892,0,0,0.0523413,0,0,0,0,0,0,0,0,0,0,0,25.2416,352.305,0,0.00018648,0.004509,
11,12,2,0.151439,0,0.221825,0,0,0,0.318218,0.728825,1.0505,0,0,0,2.4708,0.126183,0,0,0,0.00135302,0,0,0.0283681,0,0,0.155904,0,0,0,0,0,0,0,0,0,0,0,25.3738,352.305,0,0.000188947,0.004509,
11,12,3,0.330322,0,0.221825,0,0,0,0.251224,0.725332,1.02048,0,0,0,2.54918,0.275232,0,0,0,0.00396855,0,0,0.0275576,0,0,0.306758,0,0,0,0,0,0,0,0,0,0,0,25.096,352.305,0,0.000177931,0.004509,
11,12,4,0.432488,0,0.221825,0,0,0,0.28472,0.725332,1.02048,0,0,0,2.68485,0.36036,0,0,0,0,0,0,0.0275576,0,0,0.387918,0,0,0,0,0,0,0,0,0,0,0,25.0134,352.305,0,0.00017643,0.004509,
11,12,5,0.529244,0,0.221825,0,0,0,0.351715,0.718346,0.960451,0,0,0,2.78158,0.44098,0,0,0,0,0,0,0.0259366,0,0,0.466917,0,0,0,0,0,0,0,0,0,0,0,25.0861,352.305,0,0.000183899,0.004509,
11,12,6,0.544648,0,0.221825,0,0,0,0.519197,0.732318,1.08051,0,0,0,3.0985,0.453813,0,0,0,0.000522239,0,0,0.0291787,0,0,0.483514,0,0,0,0,0,0,0,0,0,0,0,25.6135,352.305,0,0.000192935,0.004509,
11,12,7,0.465777,0,0.221825,0,0,0,0.703426,0.753275,1.26059,0,0,0,3.4049,0.388096,0,0,0,0.00637175,0,0,0.0340418,0,0,0.42851,0,0,0,0,0,0,0,0,0,0,0,26.1031,352.305,0,0.00020403,0.004509,
11,12,8,0.225956,0,0.221825,0,0,0,0.686679,0.760261,1.32062,0,0,0,3.21534,0.188272,0,0,0,0.0333579,0,0,0.0356628,0,0,0.257293,0,0,0,0,0,0,0,0,0,0,0,22.5867,352.305,0,0.000119718,0.004509,
11,12,9,0.0340108,0,0.221825,0,0,0,0.56944,0.735811,1.11052,0,0,0,2.67161,0.0283388,0,0,0,0.41481,0,0,0.0299892,0,0,0.473138,0,0,0,0,0,0,0,0,0,0,0,19.8031,352.305,0,8.15646e-006,0.004509,
11,12,10,0,0,0.221825,0,0,0,0.4857,0.718346,0.960451,0,0,0,2.38632,0,0,0,0,0.424656,0,0,0.0259366,0,0,0.450593,0,0,0,0,0,0,0,0,0,0,0,19.5034,352.305,0,1.3737e-006,0.004509,
11,12,11,0,0,0.221825,0,0,0,0.452204,0.721839,0.990466,0,0,0,2.38633,0,0,0,0,0.0809293,0,0,0.0267471,0,0,0.107676,0,0,0,0,0,0,0,0,0,0,0,19.3398,352.305,0,1.91037e-007,0.004509,
11,12,12,0,0,0.221825,0,0,0,0.418708,0.721839,0.990466,0,0,0,2.35284,0,0,0,0,0.0164381,0,0,0.0267471,0,0,0.0431852,0,0,0,0,0,0,0,0,0,0,0,19.5285,352.305,0,1.76726e-006,0.004509,
11,12,13,0,0,0.221825,0,0,0,0.351715,0.718346,0.960451,0,0,0,2.25234,0,0,0,0,0.0539433,0,0,0.0259366,0,0,0.0798799,0,0,0,0,0,0,0,0,0,0,0,19.5266,352.305,0,1.8654e-006,0.004509,
11,12,14,0,0,0.221825,0,0,0,0.351715,0.721839,0.990466,0,0,0,2.28584,0,0,0,0,0.0261743,0,0,0.0267471,0,0,0.0529214,0,0,0,0,0,0,0,0,0,0,0,19.3557,352.305,0,1.12628e-007,0.004509,
11,12,15,0,0,0.221825,0,0,0,0.351715,0.728825,1.0505,0,0,0,2.35286,0,0,0,0,0.397104,0,0,0.0283681,0,0,0.425472,0,0,0,0,0,0,0,0,0,0,0,19.5675,352.305,0,2.88507e-007,0.004509,
11,12,16,0,0,0.221825,0,0,0,0.435454,0.735811,1.11052,0,0,0,2.50361,0,0,0,0,0.0640318,0,0,0.0299892,0,0,0.094021,0,0,0,0,0,0,0,0,0,0,0,20.2827,352.305,0,9.80234e-006,0.004509,
11,12,17,0,0,0.221825,0,0,0,0.519197,0.760261,1.32062,0,0,0,2.8219,0,0,0,0,0.095423,0,0,0.0356628,0,0,0.131086,0,0,0,0,0,0,0,0,0,0,0,26.7878,352.305,0,0.000213852,0.004509,
11,12,18,0,0,0.221825,0,0,0,0.736923,0.791698,1.59075,0,0,0,3.3412,0,0,0,0,0.0688223,0,0,0.0429574,0,0,0.11178,0,0,0,0,0,0,0,0,0,0,0,26.9747,352.305,0,0.000219224,0.004509,
11,12,19,0,0,0.221825,0,0,0,1.40685,0.809163,1.74082,0,0,0,4.17866,0,0,0,0,0.113047,0,0,0.04701,0,0,0.160057,0,0,0,0,0,0,0,0,0,0,0,26.9796,352.305,0,0.000219271,0.004509,
11,12,20,0,0,0.221825,0,0,0,1.9763,0.816149,1.80085,0,0,0,4.81512,0,0,0,0,0.0726853,0,0,0.0486311,0,0,0.121316,0,0,0,0,0,0,0,0,0,0,0,26.9801,352.305,0,0.000219379,0.004509,
11,12,21,0,0,0.221825,0,0,0,1.89255,0.823135,1.86088,0.382647,0,0,5.18104,0,0,0,0,0.033169,0,0,0.0502522,0,0,0.0834212,0,0,0,0,0,0,0,0,0,0,0,26.9514,352.305,0,0.000218232,0.004509,
11,12,22,0,0,0.221825,0,0,0,1.60783,0.816149,1.80085,0.382647,0,0,4.8293,0,0,0,0,0.188287,0,0,0.0486311,0,0,0.236918,0,0,0,0,0,0,0,0,0,0,0,26.8897,352.305,0,0.000216862,0.004509,
11,12,23,0,0,0.221825,0,0,0,1.05514,0.788205,1.56074,0.382647,0,0,4.00855,0,0,0,0,0.0434882,0,0,0.042147,0,0,0.0856352,0,0,0,0,0,0,0,0,0,0,0,26.7825,352.305,0,0.000214913,0.004509,
11,12,24,0,0,0.221825,0,0,0,0.636433,0.763754,1.35064,0.382647,0,0,3.3553,0,0,0,0,0.0101241,0,0,0.0364733,0,0,0.0465974,0,0,0,0,0,0,0,0,0,0,0,26.7299,352.305,0,0.000212428,0.004509,
11,13,1,0.00283228,0,0.221825,0,0,0,0.385211,0.735811,1.11052,0,0,0,2.4562,0.00235993,0,0,0,0.0644191,0,0,0.0299892,0,0,0.0967682,0,0,0,0,0,0,0,0,0,0,0,26.5062,352.305,0,0.000218322,0.004509,
11,13,2,0.100918,0,0.221825,0,0,0,0.318218,0.728825,1.0505,0,0,0,2.42028,0.084087,0,0,0,0,0,0,0.0283681,0,0,0.112455,0,0,0,0,0,0,0,0,0,0,0,26.368,352.305,0,0.000215314,0.004509,
11,13,3,0.240215,0,0.221825,0,0,0,0.251224,0.725332,1.02048,0,0,0,2.45908,0.200153,0,0,0,0.000985454,0,0,0.0275576,0,0,0.228696,0,0,0,0,0,0,0,0,0,0,0,26.3223,352.305,0,0.000213483,0.004509,
11,13,4,0.391181,0,0.221825,0,0,0,0.28472,0.725332,1.02048,0,0,0,2.64354,0.325943,0,0,0,0.000377398,0,0,0.0275576,0,0,0.353878,0,0,0,0,0,0,0,0,0,0,0,26.3625,352.305,0,0.000214837,0.004509,
11,13,5,0.499839,0,0.221825,0,0,0,0.351715,0.718346,0.960451,0,0,0,2.75218,0.416478,0,0,0,0,0,0,0.0259366,0,0,0.442415,0,0,0,0,0,0,0,0,0,0,0,26.3939,352.305,0,0.000216715,0.004509,
11,13,6,0.52354,0,0.221825,0,0,0,0.519197,0.732318,1.08051,0,0,0,3.07739,0.436227,0,0,0,0.00789569,0,0,0.0291787,0,0,0.473301,0,0,0,0,0,0,0,0,0,0,0,26.5854,352.305,0,0.000220341,0.004509,
11,13,7,0.435419,0,0.221825,0,0,0,0.703426,0.753275,1.26059,0,0,0,3.37454,0.362803,0,0,0,0.167045,0,0,0.0340418,0,0,0.56389,0,0,0,0,0,0,0,0,0,0,0,26.7293,352.305,0,0.000221542,0.004509,
11,13,8,0.20836,0,0.221825,0,0,0,0.686679,0.760261,1.32062,0,0,0,3.19775,0.17361,0,0,0,0.50538,0,0,0.0356628,0,0,0.714653,0,0,0,0,0,0,0,0,0,0,0,24.8227,352.305,0,0.000181399,0.004509,
11,13,9,0.0460434,0,0.221825,0,0,0,0.56944,0.735811,1.11052,0,0,0,2.68364,0.0383645,0,0,0,0.319026,0,0,0.0299892,0,0,0.38738,0,0,0,0,0,0,0,0,0,0,0,21.3368,352.305,0,5.35434e-005,0.004509,
11,13,10,0,0,0.221825,0,0,0,0.4857,0.718346,0.960451,0,0,0,2.38632,0,0,0,0,0.0953661,0,0,0.0259366,0,0,0.121303,0,0,0,0,0,0,0,0,0,0,0,21.0799,352.305,0,4.04414e-005,0.004509,
11,13,11,0,0,0.221825,0,0,0,0.452204,0.721839,0.990466,0,0,0,2.38633,0,0,0,0,0.149932,0,0,0.0267471,0,0,0.176679,0,0,0,0,0,0,0,0,0,0,0,21.0492,352.305,0,3.95852e-005,0.004509,
11,13,12,0,0,0.221825,0,0,0,0.418708,0.721839,0.990466,0,0,0,2.35284,0,0,0,0,0.195156,0,0,0.0267471,0,0,0.221903,0,0,0,0,0,0,0,0,0,0,0,21.0059,352.305,0,3.91879e-005,0.004509,
11,13,13,0,0,0.221825,0,0,0,0.351715,0.718346,0.960451,0,0,0,2.25234,0,0,0,0,0.0832898,0,0,0.0259366,0,0,0.109226,0,0,0,0,0,0,0,0,0,0,0,20.7306,352.305,0,2.73756e-005,0.004509,
11,13,14,0,0,0.221825,0,0,0,0.351715,0.721839,0.990466,0,0,0,2.28584,0,0,0,0,0.0579679,0,0,0.0267471,0,0,0.084715,0,0,0,0,0,0,0,0,0,0,0,21.158,352.305,0,3.93139e-005,0.004509,
11,13,15,0,0,0.221825,0,0,0,0.351715,0.728825,1.0505,0,0,0,2.35286,0,0,0,0,0.297286,0,0,0.0283681,0,0,0.325654,0,0,0,0,0,0,0,0,0,0,0,21.3357,352.305,0,4.02032e-005,0.004509,
11,13,16,0,0,0.221825,0,0,0,0.435454,0.735811,1.11052,0,0,0,2.50361,0,0,0,0,0.123469,0,0,0.0299892,0,0,0.153458,0,0,0,0,0,0,0,0,0,0,0,22.6568,352.305,0,7.58032e-005,0.004509,
11,13,17,0,0,0.221825,0,0,0,0.519197,0.760261,1.32062,0,0,0,2.8219,0,0,0,0,0.142097,0,0,0.0356628,0,0,0.17776,0,0,0,0,0,0,0,0,0,0,0,27.1323,352.305,0,0.000225348,0.004509,
11,13,18,0,0,0.221825,0,0,0,0.736923,0.791698,1.59075,0,0,0,3.3412,0,0,0,0,0.105945,0,0,0.0429574,0,0,0.148902,0,0,0,0,0,0,0,0,0,0,0,27.1402,352.305,0,0.000225735,0.004509,
11,13,19,0,0,0.221825,0,0,0,1.40685,0.809163,1.74082,0,0,0,4.17866,0,0,0,0,0.203304,0,0,0.04701,0,0,0.250314,0,0,0,0,0,0,0,0,0,0,0,27.1412,352.305,0,0.000225798,0.004509,
11,13,20,0,0,0.221825,0,0,0,1.9763,0.816149,1.80085,0,0,0,4.81512,0,0,0,0,0.0928628,0,0,0.0486311,0,0,0.141494,0,0,0,0,0,0,0,0,0,0,0,27.1451,352.305,0,0.000225839,0.004509,
11,13,21,0,0,0.221825,0,0,0,1.89255,0.823135,1.86088,0.382647,0,0,5.18104,0,0,0,0,0.317392,0,0,0.0502522,0,0,0.367644,0,0,0,0,0,0,0,0,0,0,0,27.1243,352.305,0,0.000224762,0.004509,
11,13,22,0,0,0.221825,0,0,0,1.60783,0.816149,1.80085,0.382647,0,0,4.8293,0,0,0,0,0.134102,0,0,0.0486311,0,0,0.182733,0,0,0,0,0,0,0,0,0,0,0,27.1193,352.305,0,0.000224653,0.004509,
11,13,23,0,0,0.221825,0,0,0,1.05514,0.788205,1.56074,0.382647,0,0,4.00855,0,0,0,0,0.049079,0,0,0.042147,0,0,0.091226,0,0,0,0,0,0,0,0,0,0,0,27.0946,352.305,0,0.000223183,0.004509,
11,13,24,0,0,0.221825,0,0,0,0.636433,0.763754,1.35064,0.382647,0,0,3.3553,0,0,0,0,0.0692214,0,0,0.0364733,0,0,0.105695,0,0,0,0,0,0,0,0,0,0,0,27.0331,352.305,0,0.000221976,0.004509,
11,14,1,0,0,0.221825,0,0,0,0.385211,0.735811,1.11052,0,0,0,2.45337,0,0,0,0,0.0126388,0,0,0.0299892,0,0,0.042628,0,0,0,0,0,0,0,0,0,0,0,26.462,352.305,0,0.00020653,0.004509,
11,14,2,0.0177881,0,0.221825,0,0,0,0.318218,0.728825,1.0505,0,0,0,2.33715,0.0148214,0,0,0,0,0,0,0.0283681,0,0,0.0431895,0,0,0,0,0,0,0,0,0,0,0,26.4503,352.305,0,0.00020565,0.004509,
11,14,3,0.110877,0,0.221825,0,0,0,0.251224,0.725332,1.02048,0,0,0,2.32974,0.092385,0,0,0,0,0,0,0.0275576,0,0,0.119943,0,0,0,0,0,0,0,0,0,0,0,26.4124,352.305,0,0.000204437,0.004509,
11,14,4,0.232778,0,0.221825,0,0,0,0.28472,0.725332,1.02048,0,0,0,2.48514,0.193957,0,0,0,0.000759329,0,0,0.0275576,0,0,0.222274,0,0,0,0,0,0,0,0,0,0,0,26.2936,352.305,0,0.00020232,0.004509,
11,14,5,0.357046,0,0.221825,0,0,0,0.351715,0.718346,0.960451,0,0,0,2.60938,0.2975,0,0,0,0,0,0,0.0259366,0,0,0.323437,0,0,0,0,0,0,0,0,0,0,0,26.2849,352.305,0,0.000203377,0.004509,
11,14,6,0.410457,0,0.221825,0,0,0,0.519197,0.732318,1.08051,0,0,0,2.96431,0.342003,0,0,0,0.000356993,0,0,0.0291787,0,0,0.371539,0,0,0,0,0,0,0,0,0,0,0,26.344,352.305,0,0.000204793,0.004509,
11,14,7,0.349681,0,0.221825,0,0,0,0.703426,0.753275,1.26059,0,0,0,3.2888,0.291363,0,0,0,0.022261,0,0,0.0340418,0,0,0.347666,0,0,0,0,0,0,0,0,0,0,0,26.4797,352.305,0,0.000206692,0.004509,
11,14,8,0.133117,0,0.221825,0,0,0,0.686679,0.760261,1.32062,0,0,0,3.1225,0.110917,0,0,0,0.0398789,0,0,0.0356628,0,0,0.186459,0,0,0,0,0,0,0,0,0,0,0,24.3708,352.305,0,0.000160207,0.004509,
11,14,9,0.00313532,0,0.221825,0,0,0,0.56944,0.735811,1.11052,0,0,0,2.64074,0.00261241,0,0,0,0.187225,0,0,0.0299892,0,0,0.219827,0,0,0,0,0,0,0,0,0,0,0,19.4838,352.305,0,4.01376e-006,0.004509,
11,14,10,0,0,0.221825,0,0,0,0.4857,0.718346,0.960451,0,0,0,2.38632,0,0,0,0,0.360119,0,0,0.0259366,0,0,0.386056,0,0,0,0,0,0,0,0,0,0,0,19.0524,352.305,0,0,0.004509,
11,14,11,0,0,0.221825,0,0,0,0.452204,0.721839,0.990466,0,0,0,2.38633,0,0,0,0,0.3931,0,0,0.0267471,0,0,0.419847,0,0,0,0,0,0,0,0,0,0,0,18.9188,352.305,0,0,0.004509,
11,14,12,0,0,0.221825,0,0,0,0.418708,0.721839,0.990466,0,0,0,2.35284,0,0,0,0,0.408286,0,0,0.0267471,0,0,0.435033,0,0,0,0,0,0,0,0,0,0,0,18.9168,352.305,0,0,0.004509,
11,14,13,0,0,0.221825,0,0,0,0.351715,0.718346,0.960451,0,0,0,2.25234,0,0,0,0,0.181609,0,0,0.0259366,0,0,0.207546,0,0,0,0,0,0,0,0,0,0,0,18.9637,352.305,0,0,0.004509,
11,14,14,0,0,0.221825,0,0,0,0.351715,0.721839,0.990466,0,0,0,2.28584,0,0,0,0,0.12335,0,0,0.0267471,0,0,0.150097,0,0,0,0,0,0,0,0,0,0,0,19.036,352.305,0,0,0.004509,
11,14,15,0,0,0.221825,0,0,0,0.351715,0.728825,1.0505,0,0,0,2.35286,0,0,0,0,0.148349,0,0,0.0283681,0,0,0.176717,0,0,0,0,0,0,0,0,0,0,0,19.1883,352.305,0,0,0.004509,
11,14,16,0,0,0.221825,0,0,0,0.435454,0.735811,1.11052,0,0,0,2.50361,0,0,0,0,0.107751,0,0,0.0299892,0,0,0.13774,0,0,0,0,0,0,0,0,0,0,0,20.1548,352.305,0,1.60583e-005,0.004509,
11,14,17,0,0,0.221825,0,0,0,0.519197,0.760261,1.32062,0,0,0,2.8219,0,0,0,0,0.0608354,0,0,0.0356628,0,0,0.0964982,0,0,0,0,0,0,0,0,0,0,0,26.3557,352.305,0,0.000203886,0.004509,
11,14,18,0,0,0.221825,0,0,0,0.736923,0.791698,1.59075,0,0,0,3.3412,0,0,0,0,0.053357,0,0,0.0429574,0,0,0.0963144,0,0,0,0,0,0,0,0,0,0,0,26.3669,352.305,0,0.000204179,0.004509,
11,14,19,0,0,0.221825,0,0,0,1.40685,0.809163,1.74082,0,0,0,4.17866,0,0,0,0,0.0283413,0,0,0.04701,0,0,0.0753513,0,0,0,0,0,0,0,0,0,0,0,26.3694,352.305,0,0.000204271,0.004509,
11,14,20,0,0,0.221825,0,0,0,1.9763,0.816149,1.80085,0,0,0,4.81512,0,0,0,0,0.146433,0,0,0.0486311,0,0,0.195064,0,0,0,0,0,0,0,0,0,0,0,26.3742,352.305,0,0.000204451,0.004509,
11,14,21,0,0,0.221825,0,0,0,1.89255,0.823135,1.86088,0.382647,0,0,5.18104,0,0,0,0,0.292261,0,0,0.0502522,0,0,0.342513,0,0,0,0,0,0,0,0,0,0,0,26.3787,352.305,0,0.000204742,0.004509,
11,14,22,0,0,0.221825,0,0,0,1.60783,0.816149,1.80085,0.382647,0,0,4.8293,0,0,0,0,0.0357101,0,0,0.0486311,0,0,0.0843412,0,0,0,0,0,0,0,0,0,0,0,26.3675,352.305,0,0.000204751,0.004509,
11,14,23,0,0,0.221825,0,0,0,1.05514,0.788205,1.56074,0.382647,0,0,4.00855,0,0,0,0,0.0294352,0,0,0.042147,0,0,0.0715822,0,0,0,0,0,0,0,0,0,0,0,26.3378,352.305,0,0.000203049,0.004509,
11,14,24,0,0,0.221825,0,0,0,0.636433,0.763754,1.35064,0.382647,0,0,3.3553,0,0,0,0,0.0455329,0,0,0.0364733,0,0,0.0820062,0,0,0,0,0,0,0,0,0,0,0,26.3231,352.305,0,0.000202989,0.004509,
11,15,1,0,0,0.221825,0,0,0,0.385211,0.735811,1.11052,0,0,0,2.45337,0,0,0,0,0.00128002,0,0,0.0299892,0,0,0.0312692,0,0,0,0,0,0,0,0,0,0,0,26.8309,352.305,0,0.000215696,0.004509,
11,15,2,0,0,0.221825,0,0,0,0.318218,0.728825,1.0505,0,0,0,2.31936,0,0,0,0,0.000948898,0,0,0.0283681,0,0,0.029317,0,0,0,0,0,0,0,0,0,0,0,26.2647,352.305,0,0.000206713,0.004509,
11,15,3,0.0442418,0,0.221825,0,0,0,0.251224,0.725332,1.02048,0,0,0,2.2631,0.0368633,0,0,0,0.00744333,0,0,0.0275576,0,0,0.0718642,0,0,0,0,0,0,0,0,0,0,0,25.8628,352.305,0,0.000196511,0.004509,
11,15,4,0.133536,0,0.221825,0,0,0,0.28472,0.725332,1.02048,0,0,0,2.38589,0.111265,0,0,0,0.000806399,0,0,0.0275576,0,0,0.139629,0,0,0,0,0,0,0,0,0,0,0,25.8675,352.305,0,0.000193808,0.004509,
11,15,5,0.262167,0,0.221825,0,0,0,0.351715,0.718346,0.960451,0,0,0,2.5145,0.218444,0,0,0,0.000948898,0,0,0.0259366,0,0,0.245329,0,0,0,0,0,0,0,0,0,0,0,25.9864,352.305,0,0.000194744,0.004509,
11,15,6,0.320246,0,0.221825,0,0,0,0.519197,0.732318,1.08051,0,0,0,2.8741,0.266838,0,0,0,0.000379724,0,0,0.0291787,0,0,0.296396,0,0,0,0,0,0,0,0,0,0,0,26.4784,352.305,0,0.000209213,0.004509,
11,15,7,0.308303,0,0.221825,0,0,0,0.703426,0.753275,1.26059,0,0,0,3.24742,0.256885,0,0,0,0.177995,0,0,0.0340418,0,0,0.468922,0,0,0,0,0,0,0,0,0,0,0,26.6621,352.305,0,0.000213935,0.004509,
11,15,8,0.126685,0,0.221825,0,0,0,0.686679,0.760261,1.32062,0,0,0,3.11607,0.105557,0,0,0,0.138223,0,0,0.0356628,0,0,0.279443,0,0,0,0,0,0,0,0,0,0,0,23.104,352.305,0,0.000128663,0.004509,
11,15,9,0.00324821,0,0.221825,0,0,0,0.56944,0.735811,1.11052,0,0,0,2.64085,0.00270649,0,0,0,0.0638955,0,0,0.0299892,0,0,0.0965912,0,0,0,0,0,0,0,0,0,0,0,18.9236,352.305,0,2.31282e-006,0.004509,
11,15,10,0,0,0.221825,0,0,0,0.4857,0.718346,0.960451,0,0,0,2.38632,0,0,0,0,0.620694,0,0,0.0259366,0,0,0.646631,0,0,0,0,0,0,0,0,0,0,0,18.7745,352.305,0,0,0.004509,
11,15,11,0,0,0.221825,0,0,0,0.452204,0.721839,0.990466,0,0,0,2.38633,0,0,0,0,0.0914828,0,0,0.0267471,0,0,0.11823,0,0,0,0,0,0,0,0,0,0,0,18.7425,352.305,0,0,0.004509,
11,15,12,0,0,0.221825,0,0,0,0.418708,0.721839,0.990466,0,0,0,2.35284,0,0,0,0,0.104191,0,0,0.0267471,0,0,0.130938,0,0,0,0,0,0,0,0,0,0,0,18.7413,352.305,0,0,0.004509,
11,15,13,0,0,0.221825,0,0,0,0.351715,0.718346,0.960451,0,0,0,2.25234,0,0,0,0,0.517493,0,0,0.0259366,0,0,0.54343,0,0,0,0,0,0,0,0,0,0,0,18.7402,352.305,0,0,0.004509,
11,15,14,0,0,0.221825,0,0,0,0.351715,0.721839,0.990466,0,0,0,2.28584,0,0,0,0,0.206798,0,0,0.0267471,0,0,0.233545,0,0,0,0,0,0,0,0,0,0,0,18.7212,352.305,0,0,0.004509,
11,15,15,0,0,0.221825,0,0,0,0.351715,0.728825,1.0505,0,0,0,2.35286,0,0,0,0,0.282587,0,0,0.0283681,0,0,0.310955,0,0,0,0,0,0,0,0,0,0,0,18.8104,352.305,0,0,0.004509,
11,15,16,0,0,0.221825,0,0,0,0.435454,0.735811,1.11052,0,0,0,2.50361,0,0,0,0,0.0812658,0,0,0.0299892,0,0,0.111255,0,0,0,0,0,0,0,0,0,0,0,19.3228,352.305,0,1.10564e-005,0.004509,
11,15,17,0,0,0.221825,0,0,0,0.519197,0.760261,1.32062,0,0,0,2.8219,0,0,0,0,0.170257,0,0,0.0356628,0,0,0.20592,0,0,0,0,0,0,0,0,0,0,0,26.8615,352.305,0,0.000216458,0.004509,
11,15,18,0,0,0.221825,0,0,0,0.736923,0.791698,1.59075,0,0,0,3.3412,0,0,0,0,0.286626,0,0,0.0429574,0,0,0.329583,0,0,0,0,0,0,0,0,0,0,0,26.9562,352.305,0,0.000217274,0.004509,
11,15,19,0,0,0.221825,0,0,0,1.40685,0.809163,1.74082,0,0,0,4.17866,0,0,0,0,0.231887,0,0,0.04701,0,0,0.278897,0,0,0,0,0,0,0,0,0,0,0,26.9639,352.305,0,0.00021772,0.004509,
11,15,20,0,0,0.221825,0,0,0,1.9763,0.816149,1.80085,0,0,0,4.81512,0,0,0,0,0.090309,0,0,0.0486311,0,0,0.13894,0,0,0,0,0,0,0,0,0,0,0,26.9673,352.305,0,0.000217829,0.004509,
11,15,21,0,0,0.221825,0,0,0,1.89255,0.823135,1.86088,0.382647,0,0,5.18104,0,0,0,0,0.0836311,0,0,0.0502522,0,0,0.133883,0,0,0,0,0,0,0,0,0,0,0,26.9654,352.305,0,0.000217903,0.004509,
11,15,22,0,0,0.221825,0,0,0,1.60783,0.816149,1.80085,0.382647,0,0,4.8293,0,0,0,0,0.109801,0,0,0.0486311,0,0,0.158432,0,0,0,0,0,0,0,0,0,0,0,26.9627,352.305,0,0.00021804,0.004509,
11,15,23,0,0,0.221825,0,0,0,1.05514,0.788205,1.56074,0.382647,0,0,4.00855,0,0,0,0,0.0389483,0,0,0.042147,0,0,0.0810953,0,0,0,0,0,0,0,0,0,0,0,26.9642,352.305,0,0.000218129,0.004509,
11,15,24,0,0,0.221825,0,0,0,0.636433,0.763754,1.35064,0.382647,0,0,3.3553,0,0,0,0,0.0598058,0,0,0.0364733,0,0,0.0962791,0,0,0,0,0,0,0,0,0,0,0,26.9677,352.305,0,0.000218213,0.004509,
11,16,1,0.0506228,0,0.221825,0,0,0,0.385211,0.735811,1.11052,0,0,0,2.50399,0.0421803,0,0,0,0,0,0,0.0299892,0,0,0.0721695,0,0,0,0,0,0,0,0,0,0,0,27.3756,352.305,0,0.000237354,0.004509,
11,16,2,0.177259,0,0.221825,0,0,0,0.318218,0.728825,1.0505,0,0,0,2.49662,0.147696,0,0,0,0,0,0,0.0283681,0,0,0.176064,0,0,0,0,0,0,0,0,0,0,0,27.2638,352.305,0,0.000234996,0.004509,
11,16,3,0.332907,0,0.221825,0,0,0,0.251224,0.725332,1.02048,0,0,0,2.55177,0.277385,0,0,0,0.00148468,0,0,0.0275576,0,0,0.306427,0,0,0,0,0,0,0,0,0,0,0,27.2149,352.305,0,0.000234325,0.004509,
11,16,4,0.439253,0,0.221825,0,0,0,0.28472,0.725332,1.02048,0,0,0,2.69161,0.365995,0,0,0,0,0,0,0.0275576,0,0,0.393553,0,0,0,0,0,0,0,0,0,0,0,27.2596,352.305,0,0.000235481,0.004509,
11,16,5,0.550976,0,0.221825,0,0,0,0.351715,0.718346,0.960451,0,0,0,2.80331,0.459088,0,0,0,0,0,0,0.0259366,0,0,0.485025,0,0,0,0,0,0,0,0,0,0,0,27.3759,352.305,0,0.0002372,0.004509,
11,16,6,0.618749,0,0.221825,0,0,0,0.519197,0.732318,1.08051,0,0,0,3.1726,0.515556,0,0,0,0.0712482,0,0,0.0291787,0,0,0.615983,0,0,0,0,0,0,0,0,0,0,0,27.4425,352.305,0,0.00023932,0.004509,
11,16,7,0.513353,0,0.221825,0,0,0,0.703426,0.753275,1.26059,0,0,0,3.45247,0.427739,0,0,0,0.252991,0,0,0.0340418,0,0,0.714772,0,0,0,0,0,0,0,0,0,0,0,27.4485,352.305,0,0.000239426,0.004509,
11,16,8,0.264065,0,0.221825,0,0,0,0.686679,0.760261,1.32062,0,0,0,3.25345,0.220026,0,0,0,0.265229,0,0,0.0356628,0,0,0.520918,0,0,0,0,0,0,0,0,0,0,0,25.0777,352.305,0,0.00018933,0.004509,
11,16,9,0.0992216,0,0.221825,0,0,0,0.56944,0.735811,1.11052,0,0,0,2.73682,0.0826738,0,0,0,0.0916913,0,0,0.0299892,0,0,0.204354,0,0,0,0,0,0,0,0,0,0,0,19.3834,352.305,0,7.8621e-006,0.004509,
11,16,10,0.00949692,0,0.221825,0,0,0,0.4857,0.718346,0.960451,0,0,0,2.39582,0.00791308,0,0,0,0.145458,0,0,0.0259366,0,0,0.179308,0,0,0,0,0,0,0,0,0,0,0,19.235,352.305,0,0,0.004509,
11,16,11,0,0,0.221825,0,0,0,0.452204,0.721839,0.990466,0,0,0,2.38633,0,0,0,0,0.0937798,0,0,0.0267471,0,0,0.120527,0,0,0,0,0,0,0,0,0,0,0,19.2208,352.305,0,0,0.004509,
11,16,12,0,0,0.221825,0,0,0,0.418708,0.721839,0.990466,0,0,0,2.35284,0,0,0,0,0.000776904,0,0,0.0267471,0,0,0.027524,0,0,0,0,0,0,0,0,0,0,0,19.2191,352.305,0,0,0.004509,
11,16,13,0,0,0.221825,0,0,0,0.351715,0.718346,0.960451,0,0,0,2.25234,0,0,0,0,0.0357453,0,0,0.0259366,0,0,0.0616819,0,0,0,0,0,0,0,0,0,0,0,19.2333,352.305,0,0,0.004509,
11,16,14,0,0,0.221825,0,0,0,0.351715,0.721839,0.990466,0,0,0,2.28584,0,0,0,0,0.00627807,0,0,0.0267471,0,0,0.0330252,0,0,0,0,0,0,0,0,0,0,0,19.239,352.305,0,0,0.004509,
11,16,15,0,0,0.221825,0,0,0,0.351715,0.728825,1.0505,0,0,0,2.35286,0,0,0,0,0.0690398,0,0,0.0283681,0,0,0.0974079,0,0,0,0,0,0,0,0,0,0,0,19.3747,352.305,0,1.68442e-006,0.004509,
11,16,16,0,0,0.221825,0,0,0,0.435454,0.735811,1.11052,0,0,0,2.50361,0,0,0,0,0.0844298,0,0,0.0299892,0,0,0.114419,0,0,0,0,0,0,0,0,0,0,0,20.327,352.305,0,2.37735e-005,0.004509,
11,16,17,0,0,0.221825,0,0,0,0.519197,0.760261,1.32062,0,0,0,2.8219,0,0,0,0,0.000537927,0,0,0.0356628,0,0,0.0362007,0,0,0,0,0,0,0,0,0,0,0,27.5649,352.305,0,0.000243487,0.004509,
11,16,18,0,0,0.221825,0,0,0,0.736923,0.791698,1.59075,0,0,0,3.3412,0,0,0,0,0.0227374,0,0,0.0429574,0,0,0.0656948,0,0,0,0,0,0,0,0,0,0,0,27.5805,352.305,0,0.000244151,0.004509,
11,16,19,0,0,0.221825,0,0,0,1.40685,0.809163,1.74082,0,0,0,4.17866,0,0,0,0,0.139174,0,0,0.04701,0,0,0.186184,0,0,0,0,0,0,0,0,0,0,0,27.5812,352.305,0,0.000244319,0.004509,
11,16,20,0,0,0.221825,0,0,0,1.9763,0.816149,1.80085,0,0,0,4.81512,0,0,0,0,0.118276,0,0,0.0486311,0,0,0.166907,0,0,0,0,0,0,0,0,0,0,0,27.5855,352.305,0,0.000244487,0.004509,
11,16,21,0,0,0.221825,0,0,0,1.89255,0.823135,1.86088,0.382647,0,0,5.18104,0,0,0,0,0.0931296,0,0,0.0502522,0,0,0.143382,0,0,0,0,0,0,0,0,0,0,0,29.4457,352.305,0,0.000243127,0.004509,
11,16,22,0,0,0.221825,0,0,0,1.60783,0.816149,1.80085,0.382647,0,0,4.8293,0,0,0,0,0.0247538,0,0,0.0486311,0,0,0.0733849,0,0,0,0,0,0,0,0,0,0,0,29.5207,352.305,0,0.000242961,0.004509,
11,16,23,0.00486849,0,0.221825,0,0,0,1.05514,0.788205,1.56074,0.382647,0,0,4.01342,0.00405655,0,0,0,0.0148804,0,0,0.042147,0,0,0.061084,0,0,0,0,0,0,0,0,0,0,0,27.5385,352.305,0,0.000241444,0.004509,
11,16,24,0.139939,0,0.221825,0,0,0,0.636433,0.763754,1.35064,0.382647,0,0,3.49523,0.116601,0,0,0,0.0066634,0,0,0.0364733,0,0,0.159738,0,0,0,0,0,0,0,0,0,0,0,27.5406,352.305,0,0.000241275,0.004509,
11,17,1,0.356445,0,0.221825,0,0,0,0.385211,0.735811,1.11052,0,0,0,2.80982,0.296998,0,0,0,0,0,0,0.0299892,0,0,0.326987,0,0,0,0,0,0,0,0,0,0,0,27.4191,352.305,0,0.00023529,0.004509,
11,17,2,0.50767,0,0.221825,0,0,0,0.318218,0.728825,1.0505,0,0,0,2.82703,0.423003,0,0,0,0,0,0,0.0283681,0,0,0.451371,0,0,0,0,0,0,0,0,0,0,0,27.3759,352.305,0,0.000234261,0.004509,
11,17,3,0.639725,0,0.221825,0,0,0,0.251224,0.725332,1.02048,0,0,0,2.85859,0.533033,0,0,0,0.00163843,0,0,0.0275576,0,0,0.562229,0,0,0,0,0,0,0,0,0,0,0,27.3591,352.305,0,0.000233988,0.004509,
11,17,4,0.716064,0,0.221825,0,0,0,0.28472,0.725332,1.02048,0,0,0,2.96842,0.596642,0,0,0,0,0,0,0.0275576,0,0,0.6242,0,0,0,0,0,0,0,0,0,0,0,27.2799,352.305,0,0.000232262,0.004509,
11,17,5,0.774294,0,0.221825,0,0,0,0.351715,0.718346,0.960451,0,0,0,3.02663,0.645161,0,0,0,0.00673347,0,0,0.0259366,0,0,0.677831,0,0,0,0,0,0,0,0,0,0,0,27.3408,352.305,0,0.000233696,0.004509,
11,17,6,0.794431,0,0.221825,0,0,0,0.519197,0.732318,1.08051,0,0,0,3.34828,0.661939,0,0,0,0.0661724,0,0,0.0291787,0,0,0.75729,0,0,0,0,0,0,0,0,0,0,0,27.3288,352.305,0,0.000233686,0.004509,
11,17,7,0.722919,0,0.221825,0,0,0,0.703426,0.753275,1.26059,0,0,0,3.66204,0.602354,0,0,0,0.284717,0,0,0.0340418,0,0,0.921113,0,0,0,0,0,0,0,0,0,0,0,27.3786,352.305,0,0.000234111,0.004509,
11,17,8,0.418309,0,0.221825,0,0,0,0.686679,0.760261,1.32062,0,0,0,3.4077,0.348544,0,0,0,0.243342,0,0,0.0356628,0,0,0.627549,0,0,0,0,0,0,0,0,0,0,0,25.806,352.305,0,0.000206475,0.004509,
11,17,9,0.160003,0,0.221825,0,0,0,0.56944,0.735811,1.11052,0,0,0,2.7976,0.133318,0,0,0,0.216053,0,0,0.0299892,0,0,0.37936,0,0,0,0,0,0,0,0,0,0,0,19.991,352.305,0,1.12866e-005,0.004509,
11,17,10,0.0299279,0,0.221825,0,0,0,0.4857,0.718346,0.960451,0,0,0,2.41625,0.0249366,0,0,0,0.550869,0,0,0.0259366,0,0,0.601742,0,0,0,0,0,0,0,0,0,0,0,19.4691,352.305,0,0,0.004509,
11,17,11,0,0,0.221825,0,0,0,0.452204,0.721839,0.990466,0,0,0,2.38633,0,0,0,0,0.269431,0,0,0.0267471,0,0,0.296178,0,0,0,0,0,0,0,0,0,0,0,19.2911,352.305,0,0,0.004509,
11,17,12,0,0,0.221825,0,0,0,0.418708,0.721839,0.990466,0,0,0,2.35284,0,0,0,0,0.0760002,0,0,0.0267471,0,0,0.102747,0,0,0,0,0,0,0,0,0,0,0,19.3027,352.305,0,0,0.004509,
11,17,13,0,0,0.221825,0,0,0,0.351715,0.718346,0.960451,0,0,0,2.25234,0,0,0,0,0.0847236,0,0,0.0259366,0,0,0.11066,0,0,0,0,0,0,0,0,0,0,0,19.2621,352.305,0,0,0.004509,
11,17,14,0,0,0.221825,0,0,0,0.351715,0.721839,0.990466,0,0,0,2.28584,0,0,0,0,0.066712,0,0,0.0267471,0,0,0.0934591,0,0,0,0,0,0,0,0,0,0,0,19.3223,352.305,0,0,0.004509,
11,17,15,0,0,0.221825,0,0,0,0.351715,0.728825,1.0505,0,0,0,2.35286,0,0,0,0,0.0272968,0,0,0.0283681,0,0,0.0556649,0,0,0,0,0,0,0,0,0,0,0,19.5824,352.305,0,4.44488e-007,0.004509,
11,17,16,0,0,0.221825,0,0,0,0.435454,0.735811,1.11052,0,0,0,2.50361,0,0,0,0,0.0187768,0,0,0.0299892,0,0,0.048766,0,0,0,0,0,0,0,0,0,0,0,20.7945,352.305,0,2.11081e-005,0.004509,
11,17,17,0,0,0.221825,0,0,0,0.519197,0.760261,1.32062,0,0,0,2.8219,0,0,0,0,0.0282801,0,0,0.0356628,0,0,0.0639429,0,0,0,0,0,0,0,0,0,0,0,27.5117,352.305,0,0.000238693,0.004509,
11,17,18,0,0,0.221825,0,0,0,0.736923,0.791698,1.59075,0,0,0,3.3412,0,0,0,0,0.0238744,0,0,0.0429574,0,0,0.0668318,0,0,0,0,0,0,0,0,0,0,0,27.5239,352.305,0,0.000238998,0.004509,
11,17,19,0,0,0.221825,0,0,0,1.40685,0.809163,1.74082,0,0,0,4.17866,0,0,0,0,0.101846,0,0,0.04701,0,0,0.148856,0,0,0,0,0,0,0,0,0,0,0,27.528,352.305,0,0.000239516,0.004509,
11,17,20,0,0,0.221825,0,0,0,1.9763,0.816149,1.80085,0,0,0,4.81512,0,0,0,0,0.0769017,0,0,0.0486311,0,0,0.125533,0,0,0,0,0,0,0,0,0,0,0,27.5336,352.305,0,0.000239797,0.004509,
11,17,21,0,0,0.221825,0,0,0,1.89255,0.823135,1.86088,0.382647,0,0,5.18104,0,0,0,0,0.15596,0,0,0.0502522,0,0,0.206212,0,0,0,0,0,0,0,0,0,0,0,27.5155,352.305,0,0.000238511,0.004509,
11,17,22,0,0,0.221825,0,0,0,1.60783,0.816149,1.80085,0.382647,0,0,4.8293,0,0,0,0,0.117159,0,0,0.0486311,0,0,0.16579,0,0,0,0,0,0,0,0,0,0,0,27.5142,352.305,0,0.000238596,0.004509,
11,17,23,0,0,0.221825,0,0,0,1.05514,0.788205,1.56074,0.382647,0,0,4.00855,0,0,0,0,0.0738763,0,0,0.042147,0,0,0.116023,0,0,0,0,0,0,0,0,0,0,0,27.4905,352.305,0,0.000237147,0.004509,
11,17,24,0.0218406,0,0.221825,0,0,0,0.636433,0.763754,1.35064,0.382647,0,0,3.37714,0.0181981,0,0,0,0.0661559,0,0,0.0364733,0,0,0.120827,0,0,0,0,0,0,0,0,0,0,0,27.4937,352.305,0,0.000237151,0.004509,
11,18,1,0.108977,0,0.221825,0,0,0,0.385211,0.735811,1.11052,0,0,0,2.56235,0.0908019,0,0,0,0.00184807,0,0,0.0299892,0,0,0.122639,0,0,0,0,0,0,0,0,0,0,0,27.4688,352.305,0,0.000236857,0.004509,
11,18,2,0.277904,0,0.221825,0,0,0,0.318218,0.728825,1.0505,0,0,0,2.59727,0.231556,0,0,0,0.00228388,0,0,0.0283681,0,0,0.262208,0,0,0,0,0,0,0,0,0,0,0,27.3671,352.305,0,0.000235049,0.004509,
11,18,3,0.449481,0,0.221825,0,0,0,0.251224,0.725332,1.02048,0,0,0,2.66834,0.374519,0,0,0,0.0046388,0,0,0.0275576,0,0,0.406715,0,0,0,0,0,0,0,0,0,0,0,27.4273,352.305,0,0.000236264,0.004509,
11,18,4,0.586495,0,0.221825,0,0,0,0.28472,0.725332,1.02048,0,0,0,2.83885,0.488681,0,0,0,0.000420178,0,0,0.0275576,0,0,0.516659,0,0,0,0,0,0,0,0,0,0,0,27.3055,352.305,0,0.000234111,0.004509,
11,18,5,0.677943,0,0.221825,0,0,0,0.351715,0.718346,0.960451,0,0,0,2.93028,0.564879,0,0,0,0.000266216,0,0,0.0259366,0,0,0.591082,0,0,0,0,0,0,0,0,0,0,0,27.3182,352.305,0,0.000235453,0.004509,
11,18,6,0.702884,0,0.221825,0,0,0,0.519197,0.732318,1.08051,0,0,0,3.25673,0.58566,0,0,0,0.0539608,0,0,0.0291787,0,0,0.6688,0,0,0,0,0,0,0,0,0,0,0,27.3161,352.305,0,0.00023549,0.004509,
11,18,7,0.652321,0,0.221825,0,0,0,0.703426,0.753275,1.26059,0,0,0,3.59144,0.543531,0,0,0,0.0359645,0,0,0.0340418,0,0,0.613537,0,0,0,0,0,0,0,0,0,0,0,27.2941,352.305,0,0.00023456,0.004509,
11,18,8,0.437831,0,0.221825,0,0,0,0.686679,0.760261,1.32062,0,0,0,3.42722,0.364813,0,0,0,0.430156,0,0,0.0356628,0,0,0.830632,0,0,0,0,0,0,0,0,0,0,0,25.0931,352.305,0,0.000195427,0.004509,
11,18,9,0.123639,0,0.221825,0,0,0,0.56944,0.735811,1.11052,0,0,0,2.76124,0.103019,0,0,0,0.105797,0,0,0.0299892,0,0,0.238805,0,0,0,0,0,0,0,0,0,0,0,19.4529,352.305,0,8.33317e-006,0.004509,
11,18,10,0.00856591,0,0.221825,0,0,0,0.4857,0.718346,0.960451,0,0,0,2.39489,0.00713733,0,0,0,0.198135,0,0,0.0259366,0,0,0.231209,0,0,0,0,0,0,0,0,0,0,0,19.2558,352.305,0,0,0.004509,
11,18,11,0,0,0.221825,0,0,0,0.452204,0.721839,0.990466,0,0,0,2.38633,0,0,0,0,0.208778,0,0,0.0267471,0,0,0.235525,0,0,0,0,0,0,0,0,0,0,0,19.2029,352.305,0,0,0.004509,
11,18,12,0,0,0.221825,0,0,0,0.418708,0.721839,0.990466,0,0,0,2.35284,0,0,0,0,0.0756875,0,0,0.0267471,0,0,0.102435,0,0,0,0,0,0,0,0,0,0,0,19.0535,352.305,0,0,0.004509,
11,18,13,0,0,0.221825,0,0,0,0.351715,0.718346,0.960451,0,0,0,2.25234,0,0,0,0,0.0912504,0,0,0.0259366,0,0,0.117187,0,0,0,0,0,0,0,0,0,0,0,19.1548,352.305,0,0,0.004509,
11,18,14,0,0,0.221825,0,0,0,0.351715,0.721839,0.990466,0,0,0,2.28584,0,0,0,0,0.0450373,0,0,0.0267471,0,0,0.0717844,0,0,0,0,0,0,0,0,0,0,0,19.1763,352.305,0,0,0.004509,
11,18,15,0,0,0.221825,0,0,0,0.351715,0.728825,1.0505,0,0,0,2.35286,0,0,0,0,0.38992,0,0,0.0283681,0,0,0.418288,0,0,0,0,0,0,0,0,0,0,0,19.5045,352.305,0,7.91803e-007,0.004509,
11,18,16,0,0,0.221825,0,0,0,0.435454,0.735811,1.11052,0,0,0,2.50361,0,0,0,0,0.123799,0,0,0.0299892,0,0,0.153788,0,0,0,0,0,0,0,0,0,0,0,20.6155,352.305,0,2.13638e-005,0.004509,
11,18,17,0,0,0.221825,0,0,0,0.519197,0.760261,1.32062,0,0,0,2.8219,0,0,0,0,0.145826,0,0,0.0356628,0,0,0.181489,0,0,0,0,0,0,0,0,0,0,0,27.6053,352.305,0,0.0002411,0.004509,
11,18,18,0,0,0.221825,0,0,0,0.736923,0.791698,1.59075,0,0,0,3.3412,0,0,0,0,0.0948681,0,0,0.0429574,0,0,0.137826,0,0,0,0,0,0,0,0,0,0,0,27.6517,352.305,0,0.000242301,0.004509,
11,18,19,0,0,0.221825,0,0,0,1.40685,0.809163,1.74082,0,0,0,4.17866,0,0,0,0,0.211552,0,0,0.04701,0,0,0.258562,0,0,0,0,0,0,0,0,0,0,0,27.6614,352.305,0,0.000243136,0.004509,
11,18,20,0,0,0.221825,0,0,0,1.9763,0.816149,1.80085,0,0,0,4.81512,0,0,0,0,0.380561,0,0,0.0486311,0,0,0.429192,0,0,0,0,0,0,0,0,0,0,0,27.6689,352.305,0,0.000243417,0.004509,
11,18,21,0,0,0.221825,0,0,0,1.89255,0.823135,1.86088,0.382647,0,0,5.18104,0,0,0,0,0.218686,0,0,0.0502522,0,0,0.268938,0,0,0,0,0,0,0,0,0,0,0,27.6472,352.305,0,0.000242161,0.004509,
11,18,22,0,0,0.221825,0,0,0,1.60783,0.816149,1.80085,0.382647,0,0,4.8293,0,0,0,0,0.0692631,0,0,0.0486311,0,0,0.117894,0,0,0,0,0,0,0,0,0,0,0,27.7525,352.305,0,0.000241753,0.004509,
11,18,23,0.0118627,0,0.221825,0,0,0,1.05514,0.788205,1.56074,0.382647,0,0,4.02042,0.00988427,0,0,0,0.0597033,0,0,0.042147,0,0,0.111735,0,0,0,0,0,0,0,0,0,0,0,27.5764,352.305,0,0.000239398,0.004509,
11,18,24,0.14092,0,0.221825,0,0,0,0.636433,0.763754,1.35064,0.382647,0,0,3.49621,0.117418,0,0,0,0.0291651,0,0,0.0364733,0,0,0.183056,0,0,0,0,0,0,0,0,0,0,0,27.5523,352.305,0,0.000239337,0.004509,
11,19,1,0.388552,0,0.221825,0,0,0,0.385211,0.735811,1.11052,0,0,0,2.84192,0.323752,0,0,0,0.000942849,0,0,0.0299892,0,0,0.354684,0,0,0,0,0,0,0,0,0,0,0,27.2589,352.305,0,0.000229008,0.004509,
11,19,2,0.536767,0,0.221825,0,0,0,0.318218,0.728825,1.0505,0,0,0,2.85613,0.447247,0,0,0,0.000449198,0,0,0.0283681,0,0,0.476064,0,0,0,0,0,0,0,0,0,0,0,27.0487,352.305,0,0.000220861,0.004509,
11,19,3,0.651477,0,0.221825,0,0,0,0.251224,0.725332,1.02048,0,0,0,2.87034,0.542827,0,0,0,0.0104215,0,0,0.0275576,0,0,0.580806,0,0,0,0,0,0,0,0,0,0,0,26.4595,352.305,0,0.000211349,0.004509,
11,19,4,0.74551,0,0.221825,0,0,0,0.28472,0.725332,1.02048,0,0,0,2.99787,0.621176,0,0,0,0,0,0,0.0275576,0,0,0.648734,0,0,0,0,0,0,0,0,0,0,0,26.1505,352.305,0,0.000205068,0.004509,
11,19,5,0.824039,0,0.221825,0,0,0,0.351715,0.718346,0.960451,0,0,0,3.07638,0.686609,0,0,0,0.000455879,0,0,0.0259366,0,0,0.713001,0,0,0,0,0,0,0,0,0,0,0,26.2068,352.305,0,0.000206473,0.004509,
11,19,6,0.842172,0,0.221825,0,0,0,0.519197,0.732318,1.08051,0,0,0,3.39602,0.701718,0,0,0,0,0,0,0.0291787,0,0,0.730897,0,0,0,0,0,0,0,0,0,0,0,26.8141,352.305,0,0.000217544,0.004509,
11,19,7,0.805753,0,0.221825,0,0,0,0.703426,0.753275,1.26059,0,0,0,3.74487,0.671374,0,0,0,0.113324,0,0,0.0340418,0,0,0.81874,0,0,0,0,0,0,0,0,0,0,0,27.0179,352.305,0,0.000224814,0.004509,
11,19,8,0.567843,0,0.221825,0,0,0,0.686679,0.760261,1.32062,0,0,0,3.55723,0.47314,0,0,0,0.171116,0,0,0.0356628,0,0,0.679919,0,0,0,0,0,0,0,0,0,0,0,24.7423,352.305,0,0.000180978,0.004509,
11,19,9,0.218163,0,0.221825,0,0,0,0.56944,0.735811,1.11052,0,0,0,2.85576,0.181779,0,0,0,0.33714,0,0,0.0299892,0,0,0.548908,0,0,0,0,0,0,0,0,0,0,0,20.3523,352.305,0,1.35525e-005,0.004509,
11,19,10,0.0443628,0,0.221825,0,0,0,0.4857,0.718346,0.960451,0,0,0,2.43069,0.0369641,0,0,0,0.486893,0,0,0.0259366,0,0,0.549794,0,0,0,0,0,0,0,0,0,0,0,19.7932,352.305,0,2.49461e-006,0.004509,
11,19,11,0,0,0.221825,0,0,0,0.452204,0.721839,0.990466,0,0,0,2.38633,0,0,0,0,0.208241,0,0,0.0267471,0,0,0.234988,0,0,0,0,0,0,0,0,0,0,0,18.9066,352.305,0,0,0.004509,
11,19,12,0,0,0.221825,0,0,0,0.418708,0.721839,0.990466,0,0,0,2.35284,0,0,0,0,0.181218,0,0,0.0267471,0,0,0.207965,0,0,0,0,0,0,0,0,0,0,0,18.5284,352.305,0,0,0.004509,
11,19,13,0,0,0.221825,0,0,0,0.351715,0.718346,0.960451,0,0,0,2.25234,0,0,0,0,0.13113,0,0,0.0259366,0,0,0.157067,0,0,0,0,0,0,0,0,0,0,0,18.5466,352.305,0,0,0.004509,
11,19,14,0,0,0.221825,0,0,0,0.351715,0.721839,0.990466,0,0,0,2.28584,0,0,0,0,0.0806519,0,0,0.0267471,0,0,0.107399,0,0,0,0,0,0,0,0,0,0,0,19.7958,352.305,0,2.15099e-006,0.004509,
11,19,15,0,0,0.221825,0,0,0,0.351715,0.728825,1.0505,0,0,0,2.35286,0,0,0,0,0.0202567,0,0,0.0283681,0,0,0.0486248,0,0,0,0,0,0,0,0,0,0,0,20.3113,352.305,0,1.16173e-005,0.004509,
11,19,16,0,0,0.221825,0,0,0,0.435454,0.735811,1.11052,0,0,0,2.50361,0,0,0,0,0.0111558,0,0,0.0299892,0,0,0.041145,0,0,0,0,0,0,0,0,0,0,0,21.9532,352.305,0,4.70952e-005,0.004509,
11,19,17,0,0,0.221825,0,0,0,0.519197,0.760261,1.32062,0,0,0,2.8219,0,0,0,0,0.120147,0,0,0.0356628,0,0,0.15581,0,0,0,0,0,0,0,0,0,0,0,27.2449,352.305,0,0.00022786,0.004509,
11,19,18,0,0,0.221825,0,0,0,0.736923,0.791698,1.59075,0,0,0,3.3412,0,0,0,0,0.158895,0,0,0.0429574,0,0,0.201852,0,0,0,0,0,0,0,0,0,0,0,27.2525,352.305,0,0.000228904,0.004509,
11,19,19,0,0,0.221825,0,0,0,1.40685,0.809163,1.74082,0,0,0,4.17866,0,0,0,0,0.200815,0,0,0.04701,0,0,0.247825,0,0,0,0,0,0,0,0,0,0,0,27.2594,352.305,0,0.000229283,0.004509,
11,19,20,0,0,0.221825,0,0,0,1.9763,0.816149,1.80085,0,0,0,4.81512,0,0,0,0,0.0520139,0,0,0.0486311,0,0,0.100645,0,0,0,0,0,0,0,0,0,0,0,27.2622,352.305,0,0.000229524,0.004509,
11,19,21,0,0,0.221825,0,0,0,1.89255,0.823135,1.86088,0.382647,0,0,5.18104,0,0,0,0,0.241068,0,0,0.0502522,0,0,0.29132,0,0,0,0,0,0,0,0,0,0,0,27.2447,352.305,0,0.000228344,0.004509,
11,19,22,0,0,0.221825,0,0,0,1.60783,0.816149,1.80085,0.382647,0,0,4.8293,0,0,0,0,0.209619,0,0,0.0486311,0,0,0.25825,0,0,0,0,0,0,0,0,0,0,0,27.2456,352.305,0,0.000228343,0.004509,
11,19,23,0.00748121,0,0.221825,0,0,0,1.05514,0.788205,1.56074,0.382647,0,0,4.01603,0.00623353,0,0,0,0.0442896,0,0,0.042147,0,0,0.0926701,0,0,0,0,0,0,0,0,0,0,0,27.222,352.305,0,0.000226885,0.004509,
11,19,24,0.121952,0,0.221825,0,0,0,0.636433,0.763754,1.35064,0.382647,0,0,3.47725,0.101613,0,0,0,0.0879111,0,0,0.0364733,0,0,0.225997,0,0,0,0,0,0,0,0,0,0,0,27.2254,352.305,0,0.000226871,0.004509,
11,20,1,0.265035,0,0.221825,0,0,0,0.385211,0.735811,1.11052,0,0,0,2.71841,0.220833,0,0,0,0.0523794,0,0,0.0299892,0,0,0.303202,0,0,0,0,0,0,0,0,0,0,0,27.4169,352.305,0,0.000239213,0.004509,
11,20,2,0.425785,0,0.221825,0,0,0,0.318218,0.728825,1.0505,0,0,0,2.74515,0.354775,0,0,0,0.0361173,0,0,0.0283681,0,0,0.41926,0,0,0,0,0,0,0,0,0,0,0,27.1484,352.305,0,0.000233917,0.004509,
11,20,3,0.584572,0,0.221825,0,0,0,0.251224,0.725332,1.02048,0,0,0,2.80343,0.487079,0,0,0,0.0264811,0,0,0.0275576,0,0,0.541118,0,0,0,0,0,0,0,0,0,0,0,27.0783,352.305,0,0.00023173,0.004509,
11,20,4,0.672676,0,0.221825,0,0,0,0.28472,0.725332,1.02048,0,0,0,2.92503,0.560491,0,0,0,0,0,0,0.0275576,0,0,0.588049,0,0,0,0,0,0,0,0,0,0,0,27.1179,352.305,0,0.000232876,0.004509,
11,20,5,0.737485,0,0.221825,0,0,0,0.351715,0.718346,0.960451,0,0,0,2.98982,0.61449,0,0,0,0,0,0,0.0259366,0,0,0.640427,0,0,0,0,0,0,0,0,0,0,0,27.3689,352.305,0,0.000238632,0.004509,
11,20,6,0.732491,0,0.221825,0,0,0,0.519197,0.732318,1.08051,0,0,0,3.28634,0.61033,0,0,0,0.0129644,0,0,0.0291787,0,0,0.652473,0,0,0,0,0,0,0,0,0,0,0,27.6249,352.305,0,0.000243041,0.004509,
11,20,7,0.646038,0,0.221825,0,0,0,0.703426,0.753275,1.26059,0,0,0,3.58516,0.538295,0,0,0,0.0965287,0,0,0.0340418,0,0,0.668866,0,0,0,0,0,0,0,0,0,0,0,27.654,352.305,0,0.000243652,0.004509,
11,20,8,0.42398,0,0.221825,0,0,0,0.686679,0.760261,1.32062,0,0,0,3.41337,0.353271,0,0,0,0.450815,0,0,0.0356628,0,0,0.839749,0,0,0,0,0,0,0,0,0,0,0,25.2679,352.305,0,0.000198969,0.004509,
11,20,9,0.204076,0,0.221825,0,0,0,0.56944,0.735811,1.11052,0,0,0,2.84168,0.170041,0,0,0,0.0601796,0,0,0.0299892,0,0,0.26021,0,0,0,0,0,0,0,0,0,0,0,19.3854,352.305,0,9.21955e-006,0.004509,
11,20,10,0.0415193,0,0.221825,0,0,0,0.4857,0.718346,0.960451,0,0,0,2.42784,0.0345949,0,0,0,0.179352,0,0,0.0259366,0,0,0.239883,0,0,0,0,0,0,0,0,0,0,0,19.0964,352.305,0,0,0.004509,
11,20,11,0,0,0.221825,0,0,0,0.452204,0.721839,0.990466,0,0,0,2.38633,0,0,0,0,0.0882568,0,0,0.0267471,0,0,0.115004,0,0,0,0,0,0,0,0,0,0,0,19.0853,352.305,0,0,0.004509,
11,20,12,0,0,0.221825,0,0,0,0.418708,0.721839,0.990466,0,0,0,2.35284,0,0,0,0,0.120089,0,0,0.0267471,0,0,0.146836,0,0,0,0,0,0,0,0,0,0,0,19.1077,352.305,0,0,0.004509,
11,20,13,0,0,0.221825,0,0,0,0.351715,0.718346,0.960451,0,0,0,2.25234,0,0,0,0,0.0637855,0,0,0.0259366,0,0,0.0897221,0,0,0,0,0,0,0,0,0,0,0,19.1202,352.305,0,0,0.004509,
11,20,14,0,0,0.221825,0,0,0,0.351715,0.721839,0.990466,0,0,0,2.28584,0,0,0,0,0.00835204,0,0,0.0267471,0,0,0.0350991,0,0,0,0,0,0,0,0,0,0,0,19.1255,352.305,0,0,0.004509,
11,20,15,0,0,0.221825,0,0,0,0.351715,0.728825,1.0505,0,0,0,2.35286,0,0,0,0,0.0637848,0,0,0.0283681,0,0,0.0921529,0,0,0,0,0,0,0,0,0,0,0,19.2899,352.305,0,1.22448e-006,0.004509,
11,20,16,0,0,0.221825,0,0,0,0.435454,0.735811,1.11052,0,0,0,2.50361,0,0,0,0,0.114796,0,0,0.0299892,0,0,0.144785,0,0,0,0,0,0,0,0,0,0,0,20.169,352.305,0,1.42503e-005,0.004509,
11,20,17,0,0,0.221825,0,0,0,0.519197,0.760261,1.32062,0,0,0,2.8219,0,0,0,0,0.154142,0,0,0.0356628,0,0,0.189805,0,0,0,0,0,0,0,0,0,0,0,27.818,352.305,0,0.000248139,0.004509,
11,20,18,0,0,0.221825,0,0,0,0.736923,0.791698,1.59075,0,0,0,3.3412,0,0,0,0,0.0144754,0,0,0.0429574,0,0,0.0574328,0,0,0,0,0,0,0,0,0,0,0,27.8392,352.305,0,0.000249261,0.004509,
11,20,19,0,0,0.221825,0,0,0,1.40685,0.809163,1.74082,0,0,0,4.17866,0,0,0,0,0.0404693,0,0,0.04701,0,0,0.0874793,0,0,0,0,0,0,0,0,0,0,0,27.8451,352.305,0,0.000249756,0.004509,
11,20,20,0,0,0.221825,0,0,0,1.9763,0.816149,1.80085,0,0,0,4.81512,0,0,0,0,0.00372938,0,0,0.0486311,0,0,0.0523605,0,0,0,0,0,0,0,0,0,0,0,27.8485,352.305,0,0.000250006,0.004509,
11,20,21,0,0,0.221825,0,0,0,1.89255,0.823135,1.86088,0.382647,0,0,5.18104,0,0,0,0,0.0513917,0,0,0.0502522,0,0,0.101644,0,0,0,0,0,0,0,0,0,0,0,27.8211,352.305,0,0.000248485,0.004509,
11,20,22,0,0,0.221825,0,0,0,1.60783,0.816149,1.80085,0.382647,0,0,4.8293,0,0,0,0,0.145295,0,0,0.0486311,0,0,0.193926,0,0,0,0,0,0,0,0,0,0,0,27.8226,352.305,0,0.000248583,0.004509,
11,20,23,0,0,0.221825,0,0,0,1.05514,0.788205,1.56074,0.382647,0,0,4.00855,0,0,0,0,0.180686,0,0,0.042147,0,0,0.222833,0,0,0,0,0,0,0,0,0,0,0,27.7971,352.305,0,0.000246873,0.004509,
11,20,24,0.0849722,0,0.221825,0,0,0,0.636433,0.763754,1.35064,0.382647,0,0,3.44027,0.0708008,0,0,0,0.0217137,0,0,0.0364733,0,0,0.128988,0,0,0,0,0,0,0,0,0,0,0,27.7517,352.305,0,0.000245185,0.004509,
11,21,1,0.248776,0,0.221825,0,0,0,0.385211,0.735811,1.11052,0,0,0,2.70215,0.207286,0,0,0,0,0,0,0.0299892,0,0,0.237275,0,0,0,0,0,0,0,0,0,0,0,28.0618,352.305,0,0.000251644,0.004509,
11,21,2,0.411158,0,0.221825,0,0,0,0.318218,0.728825,1.0505,0,0,0,2.73052,0.342586,0,0,0,0,0,0,0.0283681,0,0,0.370954,0,0,0,0,0,0,0,0,0,0,0,28.0138,352.305,0,0.000251049,0.004509,
11,21,3,0.504798,0,0.221825,0,0,0,0.251224,0.725332,1.02048,0,0,0,2.72366,0.42061,0,0,0,0,0,0,0.0275576,0,0,0.448168,0,0,0,0,0,0,0,0,0,0,0,27.9613,352.305,0,0.000249942,0.004509,
11,21,4,0.606231,0,0.221825,0,0,0,0.28472,0.725332,1.02048,0,0,0,2.85859,0.505127,0,0,0,0,0,0,0.0275576,0,0,0.532685,0,0,0,0,0,0,0,0,0,0,0,28.0333,352.305,0,0.000251488,0.004509,
11,21,5,0.71949,0,0.221825,0,0,0,0.351715,0.718346,0.960451,0,0,0,2.97183,0.599496,0,0,0,0,0,0,0.0259366,0,0,0.625433,0,0,0,0,0,0,0,0,0,0,0,28.0403,352.305,0,0.000251617,0.004509,
11,21,6,0.75874,0,0.221825,0,0,0,0.519197,0.732318,1.08051,0,0,0,3.31259,0.6322,0,0,0,0,0,0,0.0291787,0,0,0.661379,0,0,0,0,0,0,0,0,0,0,0,27.8934,352.305,0,0.000250469,0.004509,
11,21,7,0.716287,0,0.221825,0,0,0,0.703426,0.753275,1.26059,0,0,0,3.65541,0.596827,0,0,0,0.0209306,0,0,0.0340418,0,0,0.651799,0,0,0,0,0,0,0,0,0,0,0,28.0289,352.305,0,0.000252172,0.004509,
11,21,8,0.519947,0,0.221825,0,0,0,0.686679,0.760261,1.32062,0,0,0,3.50933,0.433232,0,0,0,0.0422223,0,0,0.0356628,0,0,0.511117,0,0,0,0,0,0,0,0,0,0,0,26.1183,352.305,0,0.000219014,0.004509,
11,21,9,0.205033,0,0.221825,0,0,0,0.56944,0.735811,1.11052,0,0,0,2.84263,0.170839,0,0,0,0.13331,0,0,0.0299892,0,0,0.334138,0,0,0,0,0,0,0,0,0,0,0,21.8084,352.305,0,5.4973e-005,0.004509,
11,21,10,0.0539713,0,0.221825,0,0,0,0.4857,0.718346,0.960451,0,0,0,2.44029,0.0449701,0,0,0,0.618252,0,0,0.0259366,0,0,0.689159,0,0,0,0,0,0,0,0,0,0,0,21.4648,352.305,0,3.02596e-005,0.004509,
11,21,11,0.000622896,0,0.221825,0,0,0,0.452204,0.721839,0.990466,0,0,0,2.38696,0.000519011,0,0,0,0.224957,0,0,0.0267471,0,0,0.252223,0,0,0,0,0,0,0,0,0,0,0,21.4031,352.305,0,2.7987e-005,0.004509,
11,21,12,0,0,0.221825,0,0,0,0.418708,0.721839,0.990466,0,0,0,2.35284,0,0,0,0,0.19159,0,0,0.0267471,0,0,0.218337,0,0,0,0,0,0,0,0,0,0,0,21.4125,352.305,0,2.80998e-005,0.004509,
11,21,13,0,0,0.221825,0,0,0,0.351715,0.718346,0.960451,0,0,0,2.25234,0,0,0,0,0.429201,0,0,0.0259366,0,0,0.455138,0,0,0,0,0,0,0,0,0,0,0,21.4281,352.305,0,2.64753e-005,0.004509,
11,21,14,0,0,0.221825,0,0,0,0.351715,0.721839,0.990466,0,0,0,2.28584,0,0,0,0,0.121403,0,0,0.0267471,0,0,0.14815,0,0,0,0,0,0,0,0,0,0,0,21.5077,352.305,0,3.09715e-005,0.004509,
11,21,15,0,0,0.221825,0,0,0,0.351715,0.728825,1.0505,0,0,0,2.35286,0,0,0,0,0.258322,0,0,0.0283681,0,0,0.28669,0,0,0,0,0,0,0,0,0,0,0,21.9947,352.305,0,4.2985e-005,0.004509,
11,21,16,0,0,0.221825,0,0,0,0.435454,0.735811,1.11052,0,0,0,2.50361,0,0,0,0,0.038772,0,0,0.0299892,0,0,0.0687612,0,0,0,0,0,0,0,0,0,0,0,23.1196,352.305,0,7.44657e-005,0.004509,
11,21,17,0,0,0.221825,0,0,0,0.519197,0.760261,1.32062,0,0,0,2.8219,0,0,0,0,0.0495215,0,0,0.0356628,0,0,0.0851843,0,0,0,0,0,0,0,0,0,0,0,28.2983,352.305,0,0.000260945,0.004509,
11,21,18,0,0,0.221825,0,0,0,0.736923,0.791698,1.59075,0,0,0,3.3412,0,0,0,0,0.0862517,0,0,0.0429574,0,0,0.129209,0,0,0,0,0,0,0,0,0,0,0,28.3249,352.305,0,0.000261801,0.004509,
11,21,19,0,0,0.221825,0,0,0,1.40685,0.809163,1.74082,0,0,0,4.17866,0,0,0,0,0.293956,0,0,0.04701,0,0,0.340966,0,0,0,0,0,0,0,0,0,0,0,28.3293,352.305,0,0.000262221,0.004509,
11,21,20,0,0,0.221825,0,0,0,1.9763,0.816149,1.80085,0,0,0,4.81512,0,0,0,0,0.0787882,0,0,0.0486311,0,0,0.127419,0,0,0,0,0,0,0,0,0,0,0,28.3284,352.305,0,0.000262132,0.004509,
11,21,21,0,0,0.221825,0,0,0,1.89255,0.823135,1.86088,0.382647,0,0,5.18104,0,0,0,0,0.153219,0,0,0.0502522,0,0,0.203471,0,0,0,0,0,0,0,0,0,0,0,28.6516,352.305,0,0.000262149,0.004509,
11,21,22,0,0,0.221825,0,0,0,1.60783,0.816149,1.80085,0.382647,0,0,4.8293,0,0,0,0,0.227616,0,0,0.0486311,0,0,0.276247,0,0,0,0,0,0,0,0,0,0,0,30.9285,352.305,0,0.000262123,0.004509,
11,21,23,0.0350868,0,0.221825,0,0,0,1.05514,0.788205,1.56074,0.382647,0,0,4.04364,0.0292352,0,0,0,0.114992,0,0,0.042147,0,0,0.186374,0,0,0,0,0,0,0,0,0,0,0,28.3112,352.305,0,0.000262045,0.004509,
11,21,24,0.155884,0,0.221825,0,0,0,0.636433,0.763754,1.35064,0.382647,0,0,3.51118,0.129886,0,0,0,0.0286119,0,0,0.0364733,0,0,0.194971,0,0,0,0,0,0,0,0,0,0,0,28.2905,352.305,0,0.000261927,0.004509,
11,22,1,0.342969,0,0.221825,0,0,0,0.385211,0.735811,1.11052,0,0,0,2.79634,0.285771,0,0,0,0.0024681,0,0,0.0299892,0,0,0.318228,0,0,0,0,0,0,0,0,0,0,0,28.258,352.305,0,0.000260144,0.004509,
11,22,2,0.487966,0,0.221825,0,0,0,0.318218,0.728825,1.0505,0,0,0,2.80733,0.406584,0,0,0,0,0,0,0.0283681,0,0,0.434952,0,0,0,0,0,0,0,0,0,0,0,28.224,352.305,0,0.000259481,0.004509,
11,22,3,0.600188,0,0.221825,0,0,0,0.251224,0.725332,1.02048,0,0,0,2.81905,0.50009,0,0,0,0,0,0,0.0275576,0,0,0.527648,0,0,0,0,0,0,0,0,0,0,0,28.1963,352.305,0,0.000259187,0.004509,
11,22,4,0.655082,0,0.221825,0,0,0,0.28472,0.725332,1.02048,0,0,0,2.90744,0.545829,0,0,0,0.0132174,0,0,0.0275576,0,0,0.586604,0,0,0,0,0,0,0,0,0,0,0,28.1683,352.305,0,0.000259319,0.004509,
11,22,5,0.69068,0,0.221825,0,0,0,0.351715,0.718346,0.960451,0,0,0,2.94302,0.57549,0,0,0,0,0,0,0.0259366,0,0,0.601427,0,0,0,0,0,0,0,0,0,0,0,28.2377,352.305,0,0.000259559,0.004509,
11,22,6,0.672626,0,0.221825,0,0,0,0.519197,0.732318,1.08051,0,0,0,3.22648,0.560449,0,0,0,0.190445,0,0,0.0291787,0,0,0.780073,0,0,0,0,0,0,0,0,0,0,0,28.2715,352.305,0,0.000260061,0.004509,
11,22,7,0.641237,0,0.221825,0,0,0,0.703426,0.753275,1.26059,0,0,0,3.58036,0.534295,0,0,0,0.0680126,0,0,0.0340418,0,0,0.636349,0,0,0,0,0,0,0,0,0,0,0,28.2681,352.305,0,0.000260479,0.004509,
11,22,8,0.498933,0,0.221825,0,0,0,0.686679,0.760261,1.32062,0,0,0,3.48832,0.415723,0,0,0,0.131852,0,0,0.0356628,0,0,0.583238,0,0,0,0,0,0,0,0,0,0,0,26.8547,352.305,0,0.000234692,0.004509,
11,22,9,0.187487,0,0.221825,0,0,0,0.56944,0.735811,1.11052,0,0,0,2.82509,0.156219,0,0,0,0.43393,0,0,0.0299892,0,0,0.620138,0,0,0,0,0,0,0,0,0,0,0,23.1717,352.305,0,0.000120092,0.004509,
11,22,10,0.0347101,0,0.221825,0,0,0,0.4857,0.718346,0.960451,0,0,0,2.42103,0.0289214,0,0,0,0.337694,0,0,0.0259366,0,0,0.392552,0,0,0,0,0,0,0,0,0,0,0,22.6675,352.305,0,7.407e-005,0.004509,
11,22,11,0,0,0.221825,0,0,0,0.452204,0.721839,0.990466,0,0,0,2.38633,0,0,0,0,0.128092,0,0,0.0267471,0,0,0.154839,0,0,0,0,0,0,0,0,0,0,0,22.6352,352.305,0,7.04911e-005,0.004509,
11,22,12,0,0,0.221825,0,0,0,0.418708,0.721839,0.990466,0,0,0,2.35284,0,0,0,0,0.251091,0,0,0.0267471,0,0,0.277838,0,0,0,0,0,0,0,0,0,0,0,22.5956,352.305,0,6.85197e-005,0.004509,
11,22,13,0,0,0.221825,0,0,0,0.351715,0.718346,0.960451,0,0,0,2.25234,0,0,0,0,0.0661597,0,0,0.0259366,0,0,0.0920963,0,0,0,0,0,0,0,0,0,0,0,22.6357,352.305,0,6.99475e-005,0.004509,
11,22,14,0,0,0.221825,0,0,0,0.351715,0.721839,0.990466,0,0,0,2.28584,0,0,0,0,0.0967714,0,0,0.0267471,0,0,0.123518,0,0,0,0,0,0,0,0,0,0,0,22.6729,352.305,0,7.09713e-005,0.004509,
11,22,15,0,0,0.221825,0,0,0,0.351715,0.728825,1.0505,0,0,0,2.35286,0,0,0,0,0.101674,0,0,0.0283681,0,0,0.130042,0,0,0,0,0,0,0,0,0,0,0,22.9669,352.305,0,7.84459e-005,0.004509,
11,22,16,0,0,0.221825,0,0,0,0.435454,0.735811,1.11052,0,0,0,2.50361,0,0,0,0,0.0208782,0,0,0.0299892,0,0,0.0508674,0,0,0,0,0,0,0,0,0,0,0,24.4428,352.305,0,0.000130436,0.004509,
11,22,17,0,0,0.221825,0,0,0,0.519197,0.760261,1.32062,0,0,0,2.8219,0,0,0,0,0.243626,0,0,0.0356628,0,0,0.279289,0,0,0,0,0,0,0,0,0,0,0,28.2444,352.305,0,0.00025906,0.004509,
11,22,18,0,0,0.221825,0,0,0,0.736923,0.791698,1.59075,0,0,0,3.3412,0,0,0,0,0.110655,0,0,0.0429574,0,0,0.153612,0,0,0,0,0,0,0,0,0,0,0,28.2541,352.305,0,0.000259889,0.004509,
11,22,19,0,0,0.221825,0,0,0,1.40685,0.809163,1.74082,0,0,0,4.17866,0,0,0,0,0.365744,0,0,0.04701,0,0,0.412754,0,0,0,0,0,0,0,0,0,0,0,28.2596,352.305,0,0.000260315,0.004509,
11,22,20,0,0,0.221825,0,0,0,1.9763,0.816149,1.80085,0,0,0,4.81512,0,0,0,0,0.152989,0,0,0.0486311,0,0,0.20162,0,0,0,0,0,0,0,0,0,0,0,28.263,352.305,0,0.000260378,0.004509,
11,22,21,0,0,0.221825,0,0,0,1.89255,0.823135,1.86088,0.382647,0,0,5.18104,0,0,0,0,0.35748,0,0,0.0502522,0,0,0.407732,0,0,0,0,0,0,0,0,0,0,0,28.2665,352.305,0,0.00026056,0.004509,
11,22,22,0,0,0.221825,0,0,0,1.60783,0.816149,1.80085,0.382647,0,0,4.8293,0,0,0,0,0.277193,0,0,0.0486311,0,0,0.325824,0,0,0,0,0,0,0,0,0,0,0,28.2653,352.305,0,0.000260632,0.004509,
11,22,23,0.0179669,0,0.221825,0,0,0,1.05514,0.788205,1.56074,0.382647,0,0,4.02652,0.0149705,0,0,0,0.00145952,0,0,0.042147,0,0,0.058577,0,0,0,0,0,0,0,0,0,0,0,28.2582,352.305,0,0.00026004,0.004509,
11,22,24,0.132781,0,0.221825,0,0,0,0.636433,0.763754,1.35064,0.382647,0,0,3.48808,0.110636,0,0,0,0.00274171,0,0,0.0364733,0,0,0.149851,0,0,0,0,0,0,0,0,0,0,0,28.2334,352.305,0,0.000258847,0.004509,
11,23,1,0.289061,0,0.221825,0,0,0,0.385211,0.735811,1.11052,0,0,0,2.74243,0.240853,0,0,0,0,0,0,0.0299892,0,0,0.270842,0,0,0,0,0,0,0,0,0,0,0,28.6637,352.305,0,0.000276464,0.004509,
11,23,2,0.415985,0,0.221825,0,0,0,0.318218,0.728825,1.0505,0,0,0,2.73535,0.346609,0,0,0,0,0,0,0.0283681,0,0,0.374977,0,0,0,0,0,0,0,0,0,0,0,28.5748,352.305,0,0.000274546,0.004509,
11,23,3,0.516263,0,0.221825,0,0,0,0.251224,0.725332,1.02048,0,0,0,2.73512,0.430163,0,0,0,0,0,0,0.0275576,0,0,0.457721,0,0,0,0,0,0,0,0,0,0,0,28.3809,352.305,0,0.000270492,0.004509,
11,23,4,0.573429,0,0.221825,0,0,0,0.28472,0.725332,1.02048,0,0,0,2.82579,0.477794,0,0,0,0,0,0,0.0275576,0,0,0.505352,0,0,0,0,0,0,0,0,0,0,0,28.3273,352.305,0,0.000270329,0.004509,
11,23,5,0.602787,0,0.221825,0,0,0,0.351715,0.718346,0.960451,0,0,0,2.85512,0.502258,0,0,0,0.000429762,0,0,0.0259366,0,0,0.528624,0,0,0,0,0,0,0,0,0,0,0,28.4052,352.305,0,0.00027205,0.004509,
11,23,6,0.592274,0,0.221825,0,0,0,0.519197,0.732318,1.08051,0,0,0,3.14612,0.493497,0,0,0,0.0177528,0,0,0.0291787,0,0,0.540428,0,0,0,0,0,0,0,0,0,0,0,28.4927,352.305,0,0.000275908,0.004509,
11,23,7,0.541723,0,0.221825,0,0,0,0.703426,0.753275,1.26059,0,0,0,3.48084,0.451377,0,0,0,0.109213,0,0,0.0340418,0,0,0.594632,0,0,0,0,0,0,0,0,0,0,0,32.27,352.305,0,0.000276665,0.004509,
11,23,8,0.44733,0,0.221825,0,0,0,0.686679,0.760261,1.32062,0,0,0,3.43672,0.372727,0,0,0,0.396108,0,0,0.0356628,0,0,0.804498,0,0,0,0,0,0,0,0,0,0,0,27.6252,352.305,0,0.00026229,0.004509,
11,23,9,0.350044,0,0.221825,0,0,0,0.56944,0.735811,1.11052,0,0,0,2.98764,0.291665,0,0,0,0.0369271,0,0,0.0299892,0,0,0.358581,0,0,0,0,0,0,0,0,0,0,0,25.1611,352.305,0,0.000158025,0.004509,
11,23,10,0.212375,0,0.221825,0,0,0,0.4857,0.718346,0.960451,0,0,0,2.5987,0.176957,0,0,0,0.182846,0,0,0.0259366,0,0,0.38574,0,0,0,0,0,0,0,0,0,0,0,24.8235,352.305,0,0.00013946,0.004509,
11,23,11,0.10528,0,0.221825,0,0,0,0.452204,0.721839,0.990466,0,0,0,2.49161,0.0877222,0,0,0,0.21777,0,0,0.0267471,0,0,0.332239,0,0,0,0,0,0,0,0,0,0,0,24.7977,352.305,0,0.000136818,0.004509,
11,23,12,0.0637896,0,0.221825,0,0,0,0.418708,0.721839,0.990466,0,0,0,2.41663,0.0531511,0,0,0,0.00156216,0,0,0.0267471,0,0,0.0814604,0,0,0,0,0,0,0,0,0,0,0,24.8372,352.305,0,0.000136626,0.004509,
11,23,13,0.0340319,0,0.221825,0,0,0,0.351715,0.718346,0.960451,0,0,0,2.28637,0.0283562,0,0,0,0.0223086,0,0,0.0259366,0,0,0.0766014,0,0,0,0,0,0,0,0,0,0,0,24.7273,352.305,0,0.000133004,0.004509,
11,23,14,0.00123686,0,0.221825,0,0,0,0.351715,0.721839,0.990466,0,0,0,2.28708,0.00103058,0,0,0,0.00748306,0,0,0.0267471,0,0,0.0352607,0,0,0,0,0,0,0,0,0,0,0,24.8587,352.305,0,0.000137584,0.004509,
11,23,15,0,0,0.221825,0,0,0,0.351715,0.728825,1.0505,0,0,0,2.35286,0,0,0,0,0.0713055,0,0,0.0283681,0,0,0.0996736,0,0,0,0,0,0,0,0,0,0,0,25.0715,352.305,0,0.00014426,0.004509,
11,23,16,0,0,0.221825,0,0,0,0.435454,0.735811,1.11052,0,0,0,2.50361,0,0,0,0,0.19344,0,0,0.0299892,0,0,0.223429,0,0,0,0,0,0,0,0,0,0,0,25.8652,352.305,0,0.000177113,0.004509,
11,23,17,0,0,0.221825,0,0,0,0.519197,0.760261,1.32062,0,0,0,2.8219,0,0,0,0,0.014159,0,0,0.0356628,0,0,0.0498218,0,0,0,0,0,0,0,0,0,0,0,28.781,352.305,0,0.000281751,0.004509,
11,23,18,0.018509,0,0.221825,0,0,0,0.736923,0.791698,1.59075,0,0,0,3.35971,0.0154222,0,0,0,0.00848633,0,0,0.0429574,0,0,0.0668659,0,0,0,0,0,0,0,0,0,0,0,28.792,352.305,0,0.000282484,0.004509,
11,23,19,0.0826474,0,0.221825,0,0,0,1.40685,0.809163,1.74082,0,0,0,4.26131,0.0688639,0,0,0,0.0201987,0,0,0.04701,0,0,0.136073,0,0,0,0,0,0,0,0,0,0,0,28.7945,352.305,0,0.000282708,0.004509,
11,23,20,0.123793,0,0.221825,0,0,0,1.9763,0.816149,1.80085,0,0,0,4.93891,0.103147,0,0,0,0.00757917,0,0,0.0486311,0,0,0.159357,0,0,0,0,0,0,0,0,0,0,0,29.6581,352.305,0,0.000282791,0.004509,
11,23,21,0.160734,0,0.221825,0,0,0,1.89255,0.823135,1.86088,0.382647,0,0,5.34177,0.133927,0,0,0,0.0713914,0,0,0.0502522,0,0,0.255571,0,0,0,0,0,0,0,0,0,0,0,30.9258,352.305,0,0.000281397,0.004509,
11,23,22,0.221986,0,0.221825,0,0,0,1.60783,0.816149,1.80085,0.382647,0,0,5.05129,0.184964,0,0,0,0.0270827,0,0,0.0486311,0,0,0.260678,0,0,0,0,0,0,0,0,0,0,0,33.4625,352.305,0,0.000281218,0.004509,
11,23,23,0.301899,0,0.221825,0,0,0,1.05514,0.788205,1.56074,0.382647,0,0,4.31045,0.25155,0,0,0,0.0334176,0,0,0.042147,0,0,0.327115,0,0,0,0,0,0,0,0,0,0,0,33.0295,352.305,0,0.00027835,0.004509,
11,23,24,0.380551,0,0.221825,0,0,0,0.636433,0.763754,1.35064,0.382647,0,0,3.73585,0.317085,0,0,0,0.0533439,0,0,0.0364733,0,0,0.406902,0,0,0,0,0,0,0,0,0,0,0,30.582,352.305,0,0.000278033,0.004509,
11,24,1,0.473681,0,0.221825,0,0,0,0.385211,0.735811,1.11052,0,0,0,2.92705,0.394682,0,0,0,0.00261994,0,0,0.0299892,0,0,0.427291,0,0,0,0,0,0,0,0,0,0,0,28.0986,352.305,0,0.000261243,0.004509,
11,24,2,0.587137,0,0.221825,0,0,0,0.318218,0.728825,1.0505,0,0,0,2.9065,0.489218,0,0,0,0.000741455,0,0,0.0283681,0,0,0.518328,0,0,0,0,0,0,0,0,0,0,0,27.5283,352.305,0,0.000248184,0.004509,
11,24,3,0.666049,0,0.221825,0,0,0,0.251224,0.725332,1.02048,0,0,0,2.88491,0.554967,0,0,0,0.0120651,0,0,0.0275576,0,0,0.59459,0,0,0,0,0,0,0,0,0,0,0,27.1228,352.305,0,0.000233164,0.004509,
11,24,4,0.721829,0,0.221825,0,0,0,0.28472,0.725332,1.02048,0,0,0,2.97419,0.601445,0,0,0,0.00633553,0,0,0.0275576,0,0,0.635338,0,0,0,0,0,0,0,0,0,0,0,27.0473,352.305,0,0.000234486,0.004509,
11,24,5,0.79291,0,0.221825,0,0,0,0.351715,0.718346,0.960451,0,0,0,3.04525,0.660673,0,0,0,0,0,0,0.0259366,0,0,0.68661,0,0,0,0,0,0,0,0,0,0,0,27.1303,352.305,0,0.000243369,0.004509,
11,24,6,0.77182,0,0.221825,0,0,0,0.519197,0.732318,1.08051,0,0,0,3.32567,0.643099,0,0,0,0.104159,0,0,0.0291787,0,0,0.776437,0,0,0,0,0,0,0,0,0,0,0,27.3968,352.305,0,0.000248627,0.004509,
11,24,7,0.646676,0,0.221825,0,0,0,0.703426,0.753275,1.26059,0,0,0,3.5858,0.538827,0,0,0,0.0656301,0,0,0.0340418,0,0,0.638499,0,0,0,0,0,0,0,0,0,0,0,27.6915,352.305,0,0.000253286,0.004509,
11,24,8,0.386999,0,0.221825,0,0,0,0.686679,0.760261,1.32062,0,0,0,3.37639,0.322457,0,0,0,0.564125,0,0,0.0356628,0,0,0.922245,0,0,0,0,0,0,0,0,0,0,0,25.9578,352.305,0,0.000218093,0.004509,
11,24,9,0.120106,0,0.221825,0,0,0,0.56944,0.735811,1.11052,0,0,0,2.75771,0.100076,0,0,0,0.45885,0,0,0.0299892,0,0,0.588915,0,0,0,0,0,0,0,0,0,0,0,23.052,352.305,0,0.00012518,0.004509,
11,24,10,0.00348927,0,0.221825,0,0,0,0.4857,0.718346,0.960451,0,0,0,2.38981,0.00290734,0,0,0,0.224601,0,0,0.0259366,0,0,0.253445,0,0,0,0,0,0,0,0,0,0,0,22.7012,352.305,0,9.9046e-005,0.004509,
11,24,11,0,0,0.221825,0,0,0,0.452204,0.721839,0.990466,0,0,0,2.38633,0,0,0,0,0.072904,0,0,0.0267471,0,0,0.0996511,0,0,0,0,0,0,0,0,0,0,0,22.6962,352.305,0,9.89362e-005,0.004509,
11,24,12,0,0,0.221825,0,0,0,0.418708,0.721839,0.990466,0,0,0,2.35284,0,0,0,0,0.0276012,0,0,0.0267471,0,0,0.0543483,0,0,0,0,0,0,0,0,0,0,0,22.619,352.305,0,9.59067e-005,0.004509,
11,24,13,0,0,0.221825,0,0,0,0.351715,0.718346,0.960451,0,0,0,2.25234,0,0,0,0,0.0306206,0,0,0.0259366,0,0,0.0565572,0,0,0,0,0,0,0,0,0,0,0,22.7209,352.305,0,9.91134e-005,0.004509,
11,24,14,0,0,0.221825,0,0,0,0.351715,0.721839,0.990466,0,0,0,2.28584,0,0,0,0,0.0347628,0,0,0.0267471,0,0,0.0615099,0,0,0,0,0,0,0,0,0,0,0,22.7906,352.305,0,9.99171e-005,0.004509,
11,24,15,0,0,0.221825,0,0,0,0.351715,0.728825,1.0505,0,0,0,2.35286,0,0,0,0,0.0543599,0,0,0.0283681,0,0,0.082728,0,0,0,0,0,0,0,0,0,0,0,23.1334,352.305,0,0.000114901,0.004509,
11,24,16,0,0,0.221825,0,0,0,0.435454,0.735811,1.11052,0,0,0,2.50361,0,0,0,0,0.148192,0,0,0.0299892,0,0,0.178181,0,0,0,0,0,0,0,0,0,0,0,24.6132,352.305,0,0.00016174,0.004509,
11,24,17,0,0,0.221825,0,0,0,0.519197,0.760261,1.32062,0,0,0,2.8219,0,0,0,0,0.11037,0,0,0.0356628,0,0,0.146033,0,0,0,0,0,0,0,0,0,0,0,28.2832,352.305,0,0.000266424,0.004509,
11,24,18,0,0,0.221825,0,0,0,0.736923,0.791698,1.59075,0,0,0,3.3412,0,0,0,0,0.112563,0,0,0.0429574,0,0,0.15552,0,0,0,0,0,0,0,0,0,0,0,28.2833,352.305,0,0.000266555,0.004509,
11,24,19,0,0,0.221825,0,0,0,1.40685,0.809163,1.74082,0,0,0,4.17866,0,0,0,0,0.125463,0,0,0.04701,0,0,0.172473,0,0,0,0,0,0,0,0,0,0,0,28.2879,352.305,0,0.000266605,0.004509,
11,24,20,0,0,0.221825,0,0,0,1.9763,0.816149,1.80085,0,0,0,4.81512,0,0,0,0,0.0469958,0,0,0.0486311,0,0,0.0956269,0,0,0,0,0,0,0,0,0,0,0,28.2881,352.305,0,0.000266656,0.004509,
11,24,21,0,0,0.221825,0,0,0,1.89255,0.823135,1.86088,0.382647,0,0,5.18104,0,0,0,0,0.0545821,0,0,0.0502522,0,0,0.104834,0,0,0,0,0,0,0,0,0,0,0,28.2657,352.305,0,0.000265259,0.004509,
11,24,22,0,0,0.221825,0,0,0,1.60783,0.816149,1.80085,0.382647,0,0,4.8293,0,0,0,0,0.0715898,0,0,0.0486311,0,0,0.120221,0,0,0,0,0,0,0,0,0,0,0,28.2667,352.305,0,0.000265322,0.004509,
11,24,23,0,0,0.221825,0,0,0,1.05514,0.788205,1.56074,0.382647,0,0,4.00855,0,0,0,0,0.0436521,0,0,0.042147,0,0,0.0857991,0,0,0,0,0,0,0,0,0,0,0,28.2161,352.305,0,0.000262376,0.004509,
11,24,24,0,0,0.221825,0,0,0,0.636433,0.763754,1.35064,0.382647,0,0,3.3553,0,0,0,0,0.0362072,0,0,0.0364733,0,0,0.0726805,0,0,0,0,0,0,0,0,0,0,0,28.1774,352.305,0,0.000262276,0.004509,
11,25,1,0.0384185,0,0.221825,0,0,0,0.385211,0.735811,1.11052,0,0,0,2.49179,0.0320113,0,0,0,0.0195671,0,0,0.0299892,0,0,0.0815676,0,0,0,0,0,0,0,0,0,0,0,27.1652,352.305,0,0.000227996,0.004509,
11,25,2,0.0959725,0,0.221825,0,0,0,0.318218,0.728825,1.0505,0,0,0,2.41534,0.0799667,0,0,0,0.000460426,0,0,0.0283681,0,0,0.108795,0,0,0,0,0,0,0,0,0,0,0,27.1059,352.305,0,0.000227961,0.004509,
11,25,3,0.155686,0,0.221825,0,0,0,0.251224,0.725332,1.02048,0,0,0,2.37455,0.129721,0,0,0,0,0,0,0.0275576,0,0,0.157279,0,0,0,0,0,0,0,0,0,0,0,27.039,352.305,0,0.000226251,0.004509,
11,25,4,0.306591,0,0.221825,0,0,0,0.28472,0.725332,1.02048,0,0,0,2.55895,0.25546,0,0,0,0,0,0,0.0275576,0,0,0.283018,0,0,0,0,0,0,0,0,0,0,0,27.0424,352.305,0,0.000226305,0.004509,
11,25,5,0.365516,0,0.221825,0,0,0,0.351715,0.718346,0.960451,0,0,0,2.61785,0.304557,0,0,0,0,0,0,0.0259366,0,0,0.330494,0,0,0,0,0,0,0,0,0,0,0,27.1537,352.305,0,0.000228395,0.004509,
11,25,6,0.383602,0,0.221825,0,0,0,0.519197,0.732318,1.08051,0,0,0,2.93745,0.319627,0,0,0,0.0057459,0,0,0.0291787,0,0,0.354552,0,0,0,0,0,0,0,0,0,0,0,27.1792,352.305,0,0.000228459,0.004509,
11,25,7,0.341981,0,0.221825,0,0,0,0.703426,0.753275,1.26059,0,0,0,3.2811,0.284947,0,0,0,0.0258689,0,0,0.0340418,0,0,0.344858,0,0,0,0,0,0,0,0,0,0,0,27.1829,352.305,0,0.000228556,0.004509,
11,25,8,0.237749,0,0.221825,0,0,0,0.686679,0.760261,1.32062,0,0,0,3.22714,0.198098,0,0,0,0.205145,0,0,0.0356628,0,0,0.438906,0,0,0,0,0,0,0,0,0,0,0,27.0297,352.305,0,0.000224235,0.004509,
11,25,9,0.143598,0,0.221825,0,0,0,0.56944,0.735811,1.11052,0,0,0,2.7812,0.119649,0,0,0,0.779641,0,0,0.0299892,0,0,0.929279,0,0,0,0,0,0,0,0,0,0,0,25.7833,352.305,0,0.000203859,0.004509,
11,25,10,0.00971486,0,0.221825,0,0,0,0.4857,0.718346,0.960451,0,0,0,2.39604,0.00809466,0,0,0,0.24056,0,0,0.0259366,0,0,0.274591,0,0,0,0,0,0,0,0,0,0,0,24.1548,352.305,0,0.000147248,0.004509,
11,25,11,0,0,0.221825,0,0,0,0.452204,0.721839,0.990466,0,0,0,2.38633,0,0,0,0,0.118932,0,0,0.0267471,0,0,0.145679,0,0,0,0,0,0,0,0,0,0,0,24.094,352.305,0,0.000145674,0.004509,
11,25,12,0,0,0.221825,0,0,0,0.418708,0.721839,0.990466,0,0,0,2.35284,0,0,0,0,0.100675,0,0,0.0267471,0,0,0.127422,0,0,0,0,0,0,0,0,0,0,0,24.1094,352.305,0,0.00014217,0.004509,
11,25,13,0,0,0.221825,0,0,0,0.351715,0.718346,0.960451,0,0,0,2.25234,0,0,0,0,0.0150492,0,0,0.0259366,0,0,0.0409858,0,0,0,0,0,0,0,0,0,0,0,24.1056,352.305,0,0.000140364,0.004509,
11,25,14,0,0,0.221825,0,0,0,0.351715,0.721839,0.990466,0,0,0,2.28584,0,0,0,0,0.0401169,0,0,0.0267471,0,0,0.066864,0,0,0,0,0,0,0,0,0,0,0,24.2197,352.305,0,0.000138017,0.004509,
11,25,15,0,0,0.221825,0,0,0,0.351715,0.728825,1.0505,0,0,0,2.35286,0,0,0,0,0.404161,0,0,0.0283681,0,0,0.432529,0,0,0,0,0,0,0,0,0,0,0,24.3418,352.305,0,0.000140619,0.004509,
11,25,16,0,0,0.221825,0,0,0,0.435454,0.735811,1.11052,0,0,0,2.50361,0,0,0,0,0.234041,0,0,0.0299892,0,0,0.26403,0,0,0,0,0,0,0,0,0,0,0,24.4694,352.305,0,0.00014557,0.004509,
11,25,17,0,0,0.221825,0,0,0,0.519197,0.760261,1.32062,0,0,0,2.8219,0,0,0,0,0.287783,0,0,0.0356628,0,0,0.323446,0,0,0,0,0,0,0,0,0,0,0,27.2153,352.305,0,0.00023036,0.004509,
11,25,18,0,0,0.221825,0,0,0,0.736923,0.791698,1.59075,0,0,0,3.3412,0,0,0,0,0.297747,0,0,0.0429574,0,0,0.340704,0,0,0,0,0,0,0,0,0,0,0,27.2463,352.305,0,0.000230953,0.004509,
11,25,19,0,0,0.221825,0,0,0,1.40685,0.809163,1.74082,0,0,0,4.17866,0,0,0,0,0.0906358,0,0,0.04701,0,0,0.137646,0,0,0,0,0,0,0,0,0,0,0,27.2478,352.305,0,0.000230982,0.004509,
11,25,20,0,0,0.221825,0,0,0,1.9763,0.816149,1.80085,0,0,0,4.81512,0,0,0,0,0.089027,0,0,0.0486311,0,0,0.137658,0,0,0,0,0,0,0,0,0,0,0,27.2493,352.305,0,0.000231108,0.004509,
11,25,21,0,0,0.221825,0,0,0,1.89255,0.823135,1.86088,0.382647,0,0,5.18104,0,0,0,0,0.111103,0,0,0.0502522,0,0,0.161355,0,0,0,0,0,0,0,0,0,0,0,27.2194,352.305,0,0.000229699,0.004509,
11,25,22,0,0,0.221825,0,0,0,1.60783,0.816149,1.80085,0.382647,0,0,4.8293,0,0,0,0,0.305987,0,0,0.0486311,0,0,0.354618,0,0,0,0,0,0,0,0,0,0,0,27.1937,352.305,0,0.000229665,0.004509,
11,25,23,0,0,0.221825,0,0,0,1.05514,0.788205,1.56074,0.382647,0,0,4.00855,0,0,0,0,0.0112106,0,0,0.042147,0,0,0.0533576,0,0,0,0,0,0,0,0,0,0,0,27.1486,352.305,0,0.00022763,0.004509,
11,25,24,0,0,0.221825,0,0,0,0.636433,0.763754,1.35064,0.382647,0,0,3.3553,0,0,0,0,0.0516558,0,0,0.0364733,0,0,0.0881291,0,0,0,0,0,0,0,0,0,0,0,27.1522,352.305,0,0.000227187,0.004509,
11,26,1,0,0,0.221825,0,0,0,0.385211,0.735811,1.11052,0,0,0,2.45337,0,0,0,0,0,0,0,0.0299892,0,0,0.0299892,0,0,0,0,0,0,0,0,0,0,0,26.1619,352.305,0,0.000205064,0.004509,
11,26,2,0,0,0.221825,0,0,0,0.318218,0.728825,1.0505,0,0,0,2.31936,0,0,0,0,0,0,0,0.0283681,0,0,0.0283681,0,0,0,0,0,0,0,0,0,0,0,25.9307,352.305,0,0.000199067,0.004509,
11,26,3,0,0,0.221825,0,0,0,0.251224,0.725332,1.02048,0,0,0,2.21886,0,0,0,0,0.0190381,0,0,0.0275576,0,0,0.0465957,0,0,0,0,0,0,0,0,0,0,0,25.8832,352.305,0,0.000196781,0.004509,
11,26,4,0.0383511,0,0.221825,0,0,0,0.28472,0.725332,1.02048,0,0,0,2.29071,0.0319551,0,0,0,0.000554048,0,0,0.0275576,0,0,0.0600667,0,0,0,0,0,0,0,0,0,0,0,25.6745,352.305,0,0.000193443,0.004509,
11,26,5,0.1142,0,0.221825,0,0,0,0.351715,0.718346,0.960451,0,0,0,2.36654,0.0951544,0,0,0,0.0904957,0,0,0.0259366,0,0,0.211587,0,0,0,0,0,0,0,0,0,0,0,25.3371,352.305,0,0.000187835,0.004509,
11,26,6,0.201167,0,0.221825,0,0,0,0.519197,0.732318,1.08051,0,0,0,2.75502,0.167617,0,0,0,0.0282556,0,0,0.0291787,0,0,0.225051,0,0,0,0,0,0,0,0,0,0,0,25.5282,352.305,0,0.000188797,0.004509,
11,26,7,0.201864,0,0.221825,0,0,0,0.703426,0.753275,1.26059,0,0,0,3.14099,0.168198,0,0,0,0.0552603,0,0,0.0340418,0,0,0.2575,0,0,0,0,0,0,0,0,0,0,0,25.8414,352.305,0,0.00019643,0.004509,
11,26,8,0.102276,0,0.221825,0,0,0,0.686679,0.760261,1.32062,0,0,0,3.09166,0.0852188,0,0,0,0.101484,0,0,0.0356628,0,0,0.222366,0,0,0,0,0,0,0,0,0,0,0,24.7962,352.305,0,0.000178809,0.004509,
11,26,9,0.0374264,0,0.221825,0,0,0,0.56944,0.735811,1.11052,0,0,0,2.67503,0.0311845,0,0,0,0.323622,0,0,0.0299892,0,0,0.384796,0,0,0,0,0,0,0,0,0,0,0,18.6148,352.305,0,8.26393e-006,0.004509,
11,26,10,0.00519297,0,0.221825,0,0,0,0.4857,0.718346,0.960451,0,0,0,2.39152,0.00432691,0,0,0,0.129097,0,0,0.0259366,0,0,0.159361,0,0,0,0,0,0,0,0,0,0,0,17.7607,352.305,0,0,0.004509,
11,26,11,0,0,0.221825,0,0,0,0.452204,0.721839,0.990466,0,0,0,2.38633,0,0,0,0,0.189581,0,0,0.0267471,0,0,0.216328,0,0,0,0,0,0,0,0,0,0,0,17.7517,352.305,0,0,0.004509,
11,26,12,0,0,0.221825,0,0,0,0.418708,0.721839,0.990466,0,0,0,2.35284,0,0,0,0,1.32594,0,0,0.0267471,0,0,1.35269,0,0,0,0,0,0,0,0,0,0,0,17.73,352.305,0,0,0.004509,
11,26,13,0,0,0.221825,0,0,0,0.351715,0.718346,0.960451,0,0,0,2.25234,0,0,0,0,0.28698,0,0,0.0259366,0,0,0.312917,0,0,0,0,0,0,0,0,0,0,0,17.7489,352.305,0,0,0.004509,
11,26,14,0.00547808,0,0.221825,0,0,0,0.351715,0.721839,0.990466,0,0,0,2.29132,0.00456447,0,0,0,0.145343,0,0,0.0267471,0,0,0.176655,0,0,0,0,0,0,0,0,0,0,0,17.776,352.305,0,0,0.004509,
11,26,15,0.0142905,0,0.221825,0,0,0,0.351715,0.728825,1.0505,0,0,0,2.36715,0.0119072,0,0,0,0.151713,0,0,0.0283681,0,0,0.191988,0,0,0,0,0,0,0,0,0,0,0,17.7983,352.305,0,0,0.004509,
11,26,16,0.0320557,0,0.221825,0,0,0,0.435454,0.735811,1.11052,0,0,0,2.53567,0.0267095,0,0,0,0.348637,0,0,0.0299892,0,0,0.405336,0,0,0,0,0,0,0,0,0,0,0,18.2018,352.305,0,0,0.004509,
11,26,17,0.123121,0,0.221825,0,0,0,0.519197,0.760261,1.32062,0,0,0,2.94503,0.102587,0,0,0,0.133962,0,0,0.0356628,0,0,0.272212,0,0,0,0,0,0,0,0,0,0,0,25.3278,352.305,0,0.00018222,0.004509,
11,26,18,0.241356,0,0.221825,0,0,0,0.736923,0.791698,1.59075,0,0,0,3.58255,0.201103,0,0,0,0.217226,0,0,0.0429574,0,0,0.461286,0,0,0,0,0,0,0,0,0,0,0,25.4794,352.305,0,0.000183589,0.004509,
11,26,19,0.278005,0,0.221825,0,0,0,1.40685,0.809163,1.74082,0,0,0,4.45667,0.231641,0,0,0,0.603631,0,0,0.04701,0,0,0.882282,0,0,0,0,0,0,0,0,0,0,0,25.5043,352.305,0,0.000183895,0.004509,
11,26,20,0.280712,0,0.221825,0,0,0,1.9763,0.816149,1.80085,0,0,0,5.09583,0.233896,0,0,0,0.0476893,0,0,0.0486311,0,0,0.330216,0,0,0,0,0,0,0,0,0,0,0,25.5094,352.305,0,0.000184177,0.004509,
11,26,21,0.300818,0,0.221825,0,0,0,1.89255,0.823135,1.86088,0.382647,0,0,5.48185,0.250648,0,0,0,0.189255,0,0,0.0502522,0,0,0.490155,0,0,0,0,0,0,0,0,0,0,0,25.5119,352.305,0,0.000184384,0.004509,
11,26,22,0.364118,0,0.221825,0,0,0,1.60783,0.816149,1.80085,0.382647,0,0,5.19342,0.303392,0,0,0,0.0681894,0,0,0.0486311,0,0,0.420213,0,0,0,0,0,0,0,0,0,0,0,25.4053,352.305,0,0.00018439,0.004509,
11,26,23,0.458362,0,0.221825,0,0,0,1.05514,0.788205,1.56074,0.382647,0,0,4.46691,0.381917,0,0,0,0.0223884,0,0,0.042147,0,0,0.446452,0,0,0,0,0,0,0,0,0,0,0,25.2275,352.305,0,0.000181302,0.004509,
11,26,24,0.543025,0,0.221825,0,0,0,0.636433,0.763754,1.35064,0.382647,0,0,3.89832,0.45246,0,0,0,0,0,0,0.0364733,0,0,0.488933,0,0,0,0,0,0,0,0,0,0,0,24.7759,352.305,0,0.000168746,0.004509,
11,27,1,0.600457,0,0.221825,0,0,0,0.385211,0.735811,1.11052,0,0,0,3.05383,0.500315,0,0,0,0.00482982,0,0,0.0299892,0,0,0.535134,0,0,0,0,0,0,0,0,0,0,0,25.1731,352.305,0,0.000186887,0.004509,
11,27,2,0.737954,0,0.221825,0,0,0,0.318218,0.728825,1.0505,0,0,0,3.05732,0.614882,0,0,0,0.0150502,0,0,0.0283681,0,0,0.6583,0,0,0,0,0,0,0,0,0,0,0,24.9438,352.305,0,0.00018013,0.004509,
11,27,3,0.876026,0,0.221825,0,0,0,0.251224,0.725332,1.02048,0,0,0,3.09489,0.729925,0,0,0,0.000692851,0,0,0.0275576,0,0,0.758175,0,0,0,0,0,0,0,0,0,0,0,24.8655,352.305,0,0.000178184,0.004509,
11,27,4,0.966984,0,0.221825,0,0,0,0.28472,0.725332,1.02048,0,0,0,3.21934,0.805714,0,0,0,0,0,0,0.0275576,0,0,0.833272,0,0,0,0,0,0,0,0,0,0,0,24.8581,352.305,0,0.000179108,0.004509,
11,27,5,1.07292,0,0.221825,0,0,0,0.351715,0.718346,0.960451,0,0,0,3.32525,0.89398,0,0,0,0,0,0,0.0259366,0,0,0.919917,0,0,0,0,0,0,0,0,0,0,0,24.9,352.305,0,0.000183143,0.004509,
11,27,6,1.09226,0,0.221825,0,0,0,0.519197,0.732318,1.08051,0,0,0,3.64611,0.910101,0,0,0,0.0313818,0,0,0.0291787,0,0,0.970662,0,0,0,0,0,0,0,0,0,0,0,25.5733,352.305,0,0.000195059,0.004509,
11,27,7,1.00254,0,0.221825,0,0,0,0.703426,0.753275,1.26059,0,0,0,3.94166,0.835337,0,0,0,0.0142272,0,0,0.0340418,0,0,0.883606,0,0,0,0,0,0,0,0,0,0,0,25.781,352.305,0,0.000203299,0.004509,
11,27,8,0.815445,0,0.221825,0,0,0,0.686679,0.760261,1.32062,0,0,0,3.80483,0.679449,0,0,0,0.021065,0,0,0.0356628,0,0,0.736177,0,0,0,0,0,0,0,0,0,0,0,23.0574,352.305,0,0.000151575,0.004509,
11,27,9,0.489944,0,0.221825,0,0,0,0.56944,0.735811,1.11052,0,0,0,3.12754,0.408234,0,0,0,0.267105,0,0,0.0299892,0,0,0.705328,0,0,0,0,0,0,0,0,0,0,0,18.3318,352.305,0,0,0.004509,
11,27,10,0.315402,0,0.221825,0,0,0,0.4857,0.718346,0.960451,0,0,0,2.70172,0.262799,0,0,0,0.300276,0,0,0.0259366,0,0,0.589012,0,0,0,0,0,0,0,0,0,0,0,18.1724,352.305,0,0,0.004509,
11,27,11,0.18529,0,0.221825,0,0,0,0.452204,0.721839,0.990466,0,0,0,2.57162,0.154388,0,0,0,0.227191,0,0,0.0267471,0,0,0.408326,0,0,0,0,0,0,0,0,0,0,0,18.1683,352.305,0,0,0.004509,
11,27,12,0.112884,0,0.221825,0,0,0,0.418708,0.721839,0.990466,0,0,0,2.46572,0.0940574,0,0,0,0.350736,0,0,0.0267471,0,0,0.47154,0,0,0,0,0,0,0,0,0,0,0,18.1065,352.305,0,0,0.004509,
11,27,13,0.0488183,0,0.221825,0,0,0,0.351715,0.718346,0.960451,0,0,0,2.30116,0.0406765,0,0,0,0.33746,0,0,0.0259366,0,0,0.404073,0,0,0,0,0,0,0,0,0,0,0,17.9974,352.305,0,0,0.004509,
11,27,14,7.72453e-005,0,0.221825,0,0,0,0.351715,0.721839,0.990466,0,0,0,2.28592,6.43627e-005,0,0,0,0.141428,0,0,0.0267471,0,0,0.168239,0,0,0,0,0,0,0,0,0,0,0,18.0964,352.305,0,0,0.004509,
11,27,15,0,0,0.221825,0,0,0,0.351715,0.728825,1.0505,0,0,0,2.35286,0,0,0,0,0.321047,0,0,0.0283681,0,0,0.349415,0,0,0,0,0,0,0,0,0,0,0,18.1076,352.305,0,0,0.004509,
11,27,16,0,0,0.221825,0,0,0,0.435454,0.735811,1.11052,0,0,0,2.50361,0,0,0,0,0.255697,0,0,0.0299892,0,0,0.285686,0,0,0,0,0,0,0,0,0,0,0,18.364,352.305,0,0,0.004509,
11,27,17,0.00582257,0,0.221825,0,0,0,0.519197,0.760261,1.32062,0,0,0,2.82773,0.0048515,0,0,0,0.102288,0,0,0.0356628,0,0,0.142802,0,0,0,0,0,0,0,0,0,0,0,26.2839,352.305,0,0.000206625,0.004509,
11,27,18,0.100872,0,0.221825,0,0,0,0.736923,0.791698,1.59075,0,0,0,3.44207,0.084049,0,0,0,0.223599,0,0,0.0429574,0,0,0.350605,0,0,0,0,0,0,0,0,0,0,0,26.7509,352.305,0,0.000223354,0.004509,
11,27,19,0.175348,0,0.221825,0,0,0,1.40685,0.809163,1.74082,0,0,0,4.35401,0.146104,0,0,0,0.440628,0,0,0.04701,0,0,0.633742,0,0,0,0,0,0,0,0,0,0,0,26.7507,352.305,0,0.000223335,0.004509,
11,27,20,0.243485,0,0.221825,0,0,0,1.9763,0.816149,1.80085,0,0,0,5.0586,0.202878,0,0,0,0.16013,0,0,0.0486311,0,0,0.411639,0,0,0,0,0,0,0,0,0,0,0,26.752,352.305,0,0.000223496,0.004509,
11,27,21,0.326893,0,0.221825,0,0,0,1.89255,0.823135,1.86088,0.382647,0,0,5.50793,0.272376,0,0,0,0.0269979,0,0,0.0502522,0,0,0.349626,0,0,0,0,0,0,0,0,0,0,0,26.7546,352.305,0,0.000223456,0.004509,
11,27,22,0.431603,0,0.221825,0,0,0,1.60783,0.816149,1.80085,0.382647,0,0,5.2609,0.359621,0,0,0,0.190566,0,0,0.0486311,0,0,0.598818,0,0,0,0,0,0,0,0,0,0,0,26.7254,352.305,0,0.000223036,0.004509,
11,27,23,0.565659,0,0.221825,0,0,0,1.05514,0.788205,1.56074,0.382647,0,0,4.57421,0.47132,0,0,0,0.15274,0,0,0.042147,0,0,0.666207,0,0,0,0,0,0,0,0,0,0,0,26.713,352.305,0,0.000223423,0.004509,
11,27,24,0.713072,0,0.221825,0,0,0,0.636433,0.763754,1.35064,0.382647,0,0,4.06837,0.594148,0,0,0,0.00507458,0,0,0.0364733,0,0,0.635696,0,0,0,0,0,0,0,0,0,0,0,26.6194,352.305,0,0.000218494,0.004509,
11,28,1,0.831542,0,0.221825,0,0,0,0.385211,0.735811,1.11052,0,0,0,3.28491,0.692861,0,0,0,0.00214187,0,0,0.0299892,0,0,0.724992,0,0,0,0,0,0,0,0,0,0,0,27.1632,352.305,0,0.000233705,0.004509,
11,28,2,0.905164,0,0.221825,0,0,0,0.318218,0.728825,1.0505,0,0,0,3.22453,0.754206,0,0,0,0.000469559,0,0,0.0283681,0,0,0.783044,0,0,0,0,0,0,0,0,0,0,0,27.1312,352.305,0,0.000233499,0.004509,
11,28,3,0.950621,0,0.221825,0,0,0,0.251224,0.725332,1.02048,0,0,0,3.16948,0.792082,0,0,0,0.0328109,0,0,0.0275576,0,0,0.852451,0,0,0,0,0,0,0,0,0,0,0,27.1323,352.305,0,0.000232601,0.004509,
11,28,4,0.978473,0,0.221825,0,0,0,0.28472,0.725332,1.02048,0,0,0,3.23083,0.815288,0,0,0,0.0222056,0,0,0.0275576,0,0,0.865051,0,0,0,0,0,0,0,0,0,0,0,27.1311,352.305,0,0.00023281,0.004509,
11,28,5,1.02333,0,0.221825,0,0,0,0.351715,0.718346,0.960451,0,0,0,3.27567,0.852665,0,0,0,0,0,0,0.0259366,0,0,0.878602,0,0,0,0,0,0,0,0,0,0,0,27.1708,352.305,0,0.000233977,0.004509,
11,28,6,1.0237,0,0.221825,0,0,0,0.519197,0.732318,1.08051,0,0,0,3.57755,0.852972,0,0,0,0,0,0,0.0291787,0,0,0.882151,0,0,0,0,0,0,0,0,0,0,0,27.2102,352.305,0,0.000234252,0.004509,
11,28,7,0.947236,0,0.221825,0,0,0,0.703426,0.753275,1.26059,0,0,0,3.88636,0.789261,0,0,0,0.169181,0,0,0.0340418,0,0,0.992484,0,0,0,0,0,0,0,0,0,0,0,27.2179,352.305,0,0.000235015,0.004509,
11,28,8,0.686351,0,0.221825,0,0,0,0.686679,0.760261,1.32062,0,0,0,3.67574,0.571884,0,0,0,0.171691,0,0,0.0356628,0,0,0.779238,0,0,0,0,0,0,0,0,0,0,0,25.8725,352.305,0,0.000214743,0.004509,
11,28,9,0.46534,0,0.221825,0,0,0,0.56944,0.735811,1.11052,0,0,0,3.10294,0.387732,0,0,0,0.501484,0,0,0.0299892,0,0,0.919205,0,0,0,0,0,0,0,0,0,0,0,23.4582,352.305,0,0.000141771,0.004509,
11,28,10,0.312254,0,0.221825,0,0,0,0.4857,0.718346,0.960451,0,0,0,2.69858,0.260178,0,0,0,0.352733,0,0,0.0259366,0,0,0.638848,0,0,0,0,0,0,0,0,0,0,0,22.8848,352.305,0,0.000119211,0.004509,
11,28,11,0.199812,0,0.221825,0,0,0,0.452204,0.721839,0.990466,0,0,0,2.58615,0.166488,0,0,0,0.419237,0,0,0.0267471,0,0,0.612472,0,0,0,0,0,0,0,0,0,0,0,22.8522,352.305,0,0.00012254,0.004509,
11,28,12,0.134406,0,0.221825,0,0,0,0.418708,0.721839,0.990466,0,0,0,2.48724,0.11199,0,0,0,0.201686,0,0,0.0267471,0,0,0.340423,0,0,0,0,0,0,0,0,0,0,0,22.8384,352.305,0,0.000113676,0.004509,
11,28,13,0.0506407,0,0.221825,0,0,0,0.351715,0.718346,0.960451,0,0,0,2.30298,0.0421952,0,0,0,0.00476025,0,0,0.0259366,0,0,0.0728921,0,0,0,0,0,0,0,0,0,0,0,22.8429,352.305,0,0.000117352,0.004509,
11,28,14,0,0,0.221825,0,0,0,0.351715,0.721839,0.990466,0,0,0,2.28584,0,0,0,0,0.121333,0,0,0.0267471,0,0,0.14808,0,0,0,0,0,0,0,0,0,0,0,22.8652,352.305,0,0.000119023,0.004509,
11,28,15,0,0,0.221825,0,0,0,0.351715,0.728825,1.0505,0,0,0,2.35286,0,0,0,0,0.0534242,0,0,0.0283681,0,0,0.0817923,0,0,0,0,0,0,0,0,0,0,0,23.0145,352.305,0,0.000126505,0.004509,
11,28,16,0,0,0.221825,0,0,0,0.435454,0.735811,1.11052,0,0,0,2.50361,0,0,0,0,0.0704506,0,0,0.0299892,0,0,0.10044,0,0,0,0,0,0,0,0,0,0,0,23.7578,352.305,0,0.000149833,0.004509,
11,28,17,0,0,0.221825,0,0,0,0.519197,0.760261,1.32062,0,0,0,2.8219,0,0,0,0,0.0126784,0,0,0.0356628,0,0,0.0483412,0,0,0,0,0,0,0,0,0,0,0,27.2432,352.305,0,0.000235645,0.004509,
11,28,18,0,0,0.221825,0,0,0,0.736923,0.791698,1.59075,0,0,0,3.3412,0,0,0,0,0.27133,0,0,0.0429574,0,0,0.314287,0,0,0,0,0,0,0,0,0,0,0,27.2509,352.305,0,0.000235776,0.004509,
11,28,19,0,0,0.221825,0,0,0,1.40685,0.809163,1.74082,0,0,0,4.17866,0,0,0,0,0.358665,0,0,0.04701,0,0,0.405675,0,0,0,0,0,0,0,0,0,0,0,27.2514,352.305,0,0.000235701,0.004509,
11,28,20,0.0118191,0,0.221825,0,0,0,1.9763,0.816149,1.80085,0,0,0,4.82694,0.00984795,0,0,0,0.0272292,0,0,0.0486311,0,0,0.0857082,0,0,0,0,0,0,0,0,0,0,0,27.2479,352.305,0,0.00023565,0.004509,
11,28,21,0.0291916,0,0.221825,0,0,0,1.89255,0.823135,1.86088,0.382647,0,0,5.21023,0.0243231,0,0,0,0.103365,0,0,0.0502522,0,0,0.17794,0,0,0,0,0,0,0,0,0,0,0,27.2454,352.305,0,0.00023552,0.004509,
11,28,22,0.0637858,0,0.221825,0,0,0,1.60783,0.816149,1.80085,0.382647,0,0,4.89309,0.0531479,0,0,0,0.232085,0,0,0.0486311,0,0,0.333864,0,0,0,0,0,0,0,0,0,0,0,27.24,352.305,0,0.000235337,0.004509,
11,28,23,0.202159,0,0.221825,0,0,0,1.05514,0.788205,1.56074,0.382647,0,0,4.21071,0.168444,0,0,0,0.0033427,0,0,0.042147,0,0,0.213934,0,0,0,0,0,0,0,0,0,0,0,27.1909,352.305,0,0.000234562,0.004509,
11,28,24,0.303154,0,0.221825,0,0,0,0.636433,0.763754,1.35064,0.382647,0,0,3.65845,0.252594,0,0,0,0.0144481,0,0,0.0364733,0,0,0.303515,0,0,0,0,0,0,0,0,0,0,0,27.1941,352.305,0,0.000234602,0.004509,
11,29,1,0.373212,0,0.221825,0,0,0,0.385211,0.735811,1.11052,0,0,0,2.82658,0.310969,0,0,0,0.0503813,0,0,0.0299892,0,0,0.39134,0,0,0,0,0,0,0,0,0,0,0,26.7299,352.305,0,0.000218738,0.004509,
11,29,2,0.423447,0,0.221825,0,0,0,0.318218,0.728825,1.0505,0,0,0,2.74281,0.352827,0,0,0,0.0194114,0,0,0.0283681,0,0,0.400606,0,0,0,0,0,0,0,0,0,0,0,26.4211,352.305,0,0.000211794,0.004509,
11,29,3,0.429974,0,0.221825,0,0,0,0.251224,0.725332,1.02048,0,0,0,2.64884,0.358265,0,0,0,0.00800735,0,0,0.0275576,0,0,0.39383,0,0,0,0,0,0,0,0,0,0,0,26.2055,352.305,0,0.000207159,0.004509,
11,29,4,0.446717,0,0.221825,0,0,0,0.28472,0.725332,1.02048,0,0,0,2.69908,0.372217,0,0,0,0.000867504,0,0,0.0275576,0,0,0.400642,0,0,0,0,0,0,0,0,0,0,0,26.192,352.305,0,0.000206591,0.004509,
11,29,5,0.438124,0,0.221825,0,0,0,0.351715,0.718346,0.960451,0,0,0,2.69046,0.365056,0,0,0,0.0010208,0,0,0.0259366,0,0,0.392013,0,0,0,0,0,0,0,0,0,0,0,26.2081,352.305,0,0.000208221,0.004509,
11,29,6,0.356606,0,0.221825,0,0,0,0.519197,0.732318,1.08051,0,0,0,2.91046,0.297132,0,0,0,0.0623498,0,0,0.0291787,0,0,0.388661,0,0,0,0,0,0,0,0,0,0,0,26.4713,352.305,0,0.000211497,0.004509,
11,29,7,0.294258,0,0.221825,0,0,0,0.703426,0.753275,1.26059,0,0,0,3.23338,0.245184,0,0,0,0.0771303,0,0,0.0340418,0,0,0.356356,0,0,0,0,0,0,0,0,0,0,0,26.7776,352.305,0,0.000220644,0.004509,
11,29,8,0.113932,0,0.221825,0,0,0,0.686679,0.760261,1.32062,0,0,0,3.10332,0.0949306,0,0,0,0.371233,0,0,0.0356628,0,0,0.501826,0,0,0,0,0,0,0,0,0,0,0,25.3687,352.305,0,0.000187361,0.004509,
11,29,9,0.00169765,0,0.221825,0,0,0,0.56944,0.735811,1.11052,0,0,0,2.6393,0.00141453,0,0,0,0.238984,0,0,0.0299892,0,0,0.270388,0,0,0,0,0,0,0,0,0,0,0,22.9309,352.305,0,0.000121025,0.004509,
11,29,10,0,0,0.221825,0,0,0,0.4857,0.718346,0.960451,0,0,0,2.38632,0,0,0,0,0.271474,0,0,0.0259366,0,0,0.297411,0,0,0,0,0,0,0,0,0,0,0,21.9859,352.305,0,9.39672e-005,0.004509,
11,29,11,0,0,0.221825,0,0,0,0.452204,0.721839,0.990466,0,0,0,2.38633,0,0,0,0,0.334917,0,0,0.0267471,0,0,0.361664,0,0,0,0,0,0,0,0,0,0,0,21.9124,352.305,0,9.34184e-005,0.004509,
11,29,12,0,0,0.221825,0,0,0,0.418708,0.721839,0.990466,0,0,0,2.35284,0,0,0,0,0.150352,0,0,0.0267471,0,0,0.177099,0,0,0,0,0,0,0,0,0,0,0,21.7321,352.305,0,9.11679e-005,0.004509,
11,29,13,0,0,0.221825,0,0,0,0.351715,0.718346,0.960451,0,0,0,2.25234,0,0,0,0,0.0738978,0,0,0.0259366,0,0,0.0998344,0,0,0,0,0,0,0,0,0,0,0,21.7745,352.305,0,9.25768e-005,0.004509,
11,29,14,0,0,0.221825,0,0,0,0.351715,0.721839,0.990466,0,0,0,2.28584,0,0,0,0,0.0176039,0,0,0.0267471,0,0,0.044351,0,0,0,0,0,0,0,0,0,0,0,21.8494,352.305,0,9.53204e-005,0.004509,
11,29,15,0,0,0.221825,0,0,0,0.351715,0.728825,1.0505,0,0,0,2.35286,0,0,0,0,0.170418,0,0,0.0283681,0,0,0.198786,0,0,0,0,0,0,0,0,0,0,0,21.9795,352.305,0,0.000101148,0.004509,
11,29,16,0,0,0.221825,0,0,0,0.435454,0.735811,1.11052,0,0,0,2.50361,0,0,0,0,0.0520455,0,0,0.0299892,0,0,0.0820347,0,0,0,0,0,0,0,0,0,0,0,23.3917,352.305,0,0.000138055,0.004509,
11,29,17,0,0,0.221825,0,0,0,0.519197,0.760261,1.32062,0,0,0,2.8219,0,0,0,0,0.406775,0,0,0.0356628,0,0,0.442438,0,0,0,0,0,0,0,0,0,0,0,26.9499,352.305,0,0.000224397,0.004509,
11,29,18,0,0,0.221825,0,0,0,0.736923,0.791698,1.59075,0,0,0,3.3412,0,0,0,0,0.543667,0,0,0.0429574,0,0,0.586624,0,0,0,0,0,0,0,0,0,0,0,26.9549,352.305,0,0.00022437,0.004509,
11,29,19,0,0,0.221825,0,0,0,1.40685,0.809163,1.74082,0,0,0,4.17866,0,0,0,0,0.252295,0,0,0.04701,0,0,0.299305,0,0,0,0,0,0,0,0,0,0,0,26.9533,352.305,0,0.000224281,0.004509,
11,29,20,0,0,0.221825,0,0,0,1.9763,0.816149,1.80085,0,0,0,4.81512,0,0,0,0,0.190395,0,0,0.0486311,0,0,0.239026,0,0,0,0,0,0,0,0,0,0,0,30.8469,352.305,0,0.000224229,0.004509,
11,29,21,0,0,0.221825,0,0,0,1.89255,0.823135,1.86088,0.382647,0,0,5.18104,0,0,0,0,0.149399,0,0,0.0502522,0,0,0.199651,0,0,0,0,0,0,0,0,0,0,0,35.7338,352.305,0,0.000224268,0.004509,
11,29,22,0,0,0.221825,0,0,0,1.60783,0.816149,1.80085,0.382647,0,0,4.8293,0,0,0,0,0.170766,0,0,0.0486311,0,0,0.219397,0,0,0,0,0,0,0,0,0,0,0,34.4985,352.305,0,0.000224296,0.004509,
11,29,23,0,0,0.221825,0,0,0,1.05514,0.788205,1.56074,0.382647,0,0,4.00855,0,0,0,0,0.0195942,0,0,0.042147,0,0,0.0617412,0,0,0,0,0,0,0,0,0,0,0,26.9223,352.305,0,0.000223636,0.004509,
11,29,24,0,0,0.221825,0,0,0,0.636433,0.763754,1.35064,0.382647,0,0,3.3553,0,0,0,0,0.111421,0,0,0.0364733,0,0,0.147894,0,0,0,0,0,0,0,0,0,0,0,26.8031,352.305,0,0.000221003,0.004509,
11,30,1,0,0,0.221825,0,0,0,0.385211,0.735811,1.11052,0,0,0,2.45337,0,0,0,0,0.000822347,0,0,0.0299892,0,0,0.0308115,0,0,0,0,0,0,0,0,0,0,0,26.5442,352.305,0,0.000216696,0.004509,
11,30,2,0,0,0.221825,0,0,0,0.318218,0.728825,1.0505,0,0,0,2.31936,0,0,0,0,0,0,0,0.0283681,0,0,0.0283681,0,0,0,0,0,0,0,0,0,0,0,26.4743,352.305,0,0.000216864,0.004509,
11,30,3,0.0536146,0,0.221825,0,0,0,0.251224,0.725332,1.02048,0,0,0,2.27248,0.0446731,0,0,0,0.0120193,0,0,0.0275576,0,0,0.08425,0,0,0,0,0,0,0,0,0,0,0,26.3121,352.305,0,0.000210325,0.004509,
11,30,4,0.0940138,0,0.221825,0,0,0,0.28472,0.725332,1.02048,0,0,0,2.34637,0.0783345,0,0,0,0.000411173,0,0,0.0275576,0,0,0.106303,0,0,0,0,0,0,0,0,0,0,0,26.0254,352.305,0,0.000204475,0.004509,
11,30,5,0.184765,0,0.221825,0,0,0,0.351715,0.718346,0.960451,0,0,0,2.4371,0.15395,0,0,0,0,0,0,0.0259366,0,0,0.179887,0,0,0,0,0,0,0,0,0,0,0,26.078,352.305,0,0.000208353,0.004509,
11,30,6,0.229175,0,0.221825,0,0,0,0.519197,0.732318,1.08051,0,0,0,2.78302,0.190954,0,0,0,0.0011537,0,0,0.0291787,0,0,0.221286,0,0,0,0,0,0,0,0,0,0,0,26.9089,352.305,0,0.000225984,0.004509,
11,30,7,0.183561,0,0.221825,0,0,0,0.703426,0.753275,1.26059,0,0,0,3.12268,0.152948,0,0,0,0.302727,0,0,0.0340418,0,0,0.489717,0,0,0,0,0,0,0,0,0,0,0,27.0632,352.305,0,0.000228463,0.004509,
11,30,8,0.041461,0,0.221825,0,0,0,0.686679,0.760261,1.32062,0,0,0,3.03085,0.0345464,0,0,0,0.267866,0,0,0.0356628,0,0,0.338075,0,0,0,0,0,0,0,0,0,0,0,25.3768,352.305,0,0.000193986,0.004509,
11,30,9,0,0,0.221825,0,0,0,0.56944,0.735811,1.11052,0,0,0,2.6376,0,0,0,0,0.290209,0,0,0.0299892,0,0,0.320198,0,0,0,0,0,0,0,0,0,0,0,22.4243,352.305,0,0.000117561,0.004509,
11,30,10,0,0,0.221825,0,0,0,0.4857,0.718346,0.960451,0,0,0,2.38632,0,0,0,0,0.220132,0,0,0.0259366,0,0,0.246069,0,0,0,0,0,0,0,0,0,0,0,21.8915,352.305,0,0.000106102,0.004509,
11,30,11,0,0,0.221825,0,0,0,0.452204,0.721839,0.990466,0,0,0,2.38633,0,0,0,0,0.0270273,0,0,0.0267471,0,0,0.0537744,0,0,0,0,0,0,0,0,0,0,0,21.7668,352.305,0,0.000101048,0.004509,
11,30,12,0,0,0.221825,0,0,0,0.418708,0.721839,0.990466,0,0,0,2.35284,0,0,0,0,0.009981,0,0,0.0267471,0,0,0.0367281,0,0,0,0,0,0,0,0,0,0,0,21.7546,352.305,0,0.000100941,0.004509,
11,30,13,0,0,0.221825,0,0,0,0.351715,0.718346,0.960451,0,0,0,2.25234,0,0,0,0,0.0854544,0,0,0.0259366,0,0,0.111391,0,0,0,0,0,0,0,0,0,0,0,21.7593,352.305,0,0.000101406,0.004509,
11,30,14,0,0,0.221825,0,0,0,0.351715,0.721839,0.990466,0,0,0,2.28584,0,0,0,0,0.0391527,0,0,0.0267471,0,0,0.0658998,0,0,0,0,0,0,0,0,0,0,0,21.7617,352.305,0,0.000101643,0.004509,
11,30,15,0,0,0.221825,0,0,0,0.351715,0.728825,1.0505,0,0,0,2.35286,0,0,0,0,0.0472021,0,0,0.0283681,0,0,0.0755702,0,0,0,0,0,0,0,0,0,0,0,21.863,352.305,0,0.000108005,0.004509,
11,30,16,0,0,0.221825,0,0,0,0.435454,0.735811,1.11052,0,0,0,2.50361,0,0,0,0,0.0536361,0,0,0.0299892,0,0,0.0836253,0,0,0,0,0,0,0,0,0,0,0,22.58,352.305,0,0.000134245,0.004509,
11,30,17,0,0,0.221825,0,0,0,0.519197,0.760261,1.32062,0,0,0,2.8219,0,0,0,0,0.0377428,0,0,0.0356628,0,0,0.0734056,0,0,0,0,0,0,0,0,0,0,0,27.4096,352.305,0,0.000245959,0.004509,
11,30,18,0,0,0.221825,0,0,0,0.736923,0.791698,1.59075,0,0,0,3.3412,0,0,0,0,0.0677521,0,0,0.0429574,0,0,0.11071,0,0,0,0,0,0,0,0,0,0,0,27.477,352.305,0,0.000246917,0.004509,
11,30,19,0,0,0.221825,0,0,0,1.40685,0.809163,1.74082,0,0,0,4.17866,0,0,0,0,0.0990034,0,0,0.04701,0,0,0.146013,0,0,0,0,0,0,0,0,0,0,0,32.6216,352.305,0,0.000246794,0.004509,
11,30,20,0,0,0.221825,0,0,0,1.9763,0.816149,1.80085,0,0,0,4.81512,0,0,0,0,0.113525,0,0,0.0486311,0,0,0.162156,0,0,0,0,0,0,0,0,0,0,0,38.7169,352.305,0,0.000246798,0.004509,
11,30,21,0,0,0.221825,0,0,0,1.89255,0.823135,1.86088,0.382647,0,0,5.18104,0,0,0,0,0.33573,0,0,0.0502522,0,0,0.385982,0,0,0,0,0,0,0,0,0,0,0,41.287,352.305,0,0.00024515,0.004509,
11,30,22,0,0,0.221825,0,0,0,1.60783,0.816149,1.80085,0.382647,0,0,4.8293,0,0,0,0,0.100681,0,0,0.0486311,0,0,0.149312,0,0,0,0,0,0,0,0,0,0,0,38.72,352.305,0,0.000244775,0.004509,
11,30,23,0.0767233,0,0.221825,0,0,0,1.05514,0.788205,1.56074,0.382647,0,0,4.08528,0.0639279,0,0,0,0.146483,0,0,0.042147,0,0,0.252558,0,0,0,0,0,0,0,0,0,0,0,27.366,352.305,0,0.000242263,0.004509,
11,30,24,0.208368,0,0.221825,0,0,0,0.636433,0.763754,1.35064,0.382647,0,0,3.56366,0.173618,0,0,0,0.0797256,0,0,0.0364733,0,0,0.289817,0,0,0,0,0,0,0,0,0,0,0,27.2511,352.305,0,0.0002366,0.004509,
12,1,1,0.391923,0,0.221825,0,0,0,0.385211,0.735811,1.11052,0,0,0,2.84529,0.326559,0,0,0,0.0142803,0,0,0.0299892,0,0,0.370829,0,0,0,0,0,0,0,0,0,0,0,27.6203,355.599,0,0.000251318,0.004509,
12,1,2,0.576331,0,0.221825,0,0,0,0.318218,0.728825,1.0505,0,0,0,2.89569,0.480214,0,0,0,0,0,0,0.0283681,0,0,0.508582,0,0,0,0,0,0,0,0,0,0,0,27.6223,355.599,0,0.000251262,0.004509,
12,1,3,0.76493,0,0.221825,0,0,0,0.251224,0.725332,1.02048,0,0,0,2.98379,0.637358,0,0,0,0.00160767,0,0,0.0275576,0,0,0.666523,0,0,0,0,0,0,0,0,0,0,0,27.6239,355.599,0,0.000251483,0.004509,
12,1,4,0.949956,0,0.221825,0,0,0,0.28472,0.725332,1.02048,0,0,0,3.20231,0.791527,0,0,0,0,0,0,0.0275576,0,0,0.819085,0,0,0,0,0,0,0,0,0,0,0,27.6251,355.599,0,0.00025157,0.004509,
12,1,5,1.10721,0,0.221825,0,0,0,0.351715,0.718346,0.960451,0,0,0,3.35954,0.922552,0,0,0,0,0,0,0.0259366,0,0,0.948489,0,0,0,0,0,0,0,0,0,0,0,27.6275,355.599,0,0.000251705,0.004509,
12,1,6,1.14593,0,0.221825,0,0,0,0.519197,0.732318,1.08051,0,0,0,3.69978,0.954819,0,0,0,0.0550876,0,0,0.0291787,0,0,1.03909,0,0,0,0,0,0,0,0,0,0,0,28.0196,355.599,0,0.000251767,0.004509,
12,1,7,1.09508,0,0.221825,0,0,0,0.703426,0.753275,1.26059,0,0,0,4.0342,0.912445,0,0,0,0.238407,0,0,0.0340418,0,0,1.18489,0,0,0,0,0,0,0,0,0,0,0,43.9563,355.599,0,0.000252593,0.004509,
12,1,8,0.845346,0,0.221825,0,0,0,0.686679,0.760261,1.32062,0,0,0,3.83473,0.704362,0,0,0,0.413911,0,0,0.0356628,0,0,1.15394,0,0,0,0,0,0,0,0,0,0,0,27.4647,355.599,0,0.000246183,0.004509,
12,1,9,0.605785,0,0.221825,0,0,0,0.56944,0.735811,1.11052,0,0,0,3.24339,0.504755,0,0,0,0.152709,0,0,0.0299892,0,0,0.687453,0,0,0,0,0,0,0,0,0,0,0,22.6498,355.599,0,0.00012072,0.004509,
12,1,10,0.447564,0,0.221825,0,0,0,0.4857,0.718346,0.960451,0,0,0,2.83389,0.372923,0,0,0,0.196473,0,0,0.0259366,0,0,0.595333,0,0,0,0,0,0,0,0,0,0,0,21.1349,355.599,0,4.11184e-005,0.004509,
12,1,11,0.339968,0,0.221825,0,0,0,0.452204,0.721839,0.990466,0,0,0,2.7263,0.28327,0,0,0,0.180717,0,0,0.0267471,0,0,0.490734,0,0,0,0,0,0,0,0,0,0,0,20.9736,355.599,0,2.51226e-005,0.004509,
12,1,12,0.244036,0,0.221825,0,0,0,0.418708,0.721839,0.990466,0,0,0,2.59687,0.203337,0,0,0,0.0798607,0,0,0.0267471,0,0,0.309945,0,0,0,0,0,0,0,0,0,0,0,20.9426,355.599,0,1.98666e-005,0.004509,
12,1,13,0.16369,0,0.221825,0,0,0,0.351715,0.718346,0.960451,0,0,0,2.41603,0.13639,0,0,0,0.0845791,0,0,0.0259366,0,0,0.246906,0,0,0,0,0,0,0,0,0,0,0,20.9368,355.599,0,1.99404e-005,0.004509,
12,1,14,0.079187,0,0.221825,0,0,0,0.351715,0.721839,0.990466,0,0,0,2.36503,0.0659806,0,0,0,0.0488654,0,0,0.0267471,0,0,0.141593,0,0,0,0,0,0,0,0,0,0,0,20.9429,355.599,0,1.96117e-005,0.004509,
12,1,15,0.0186688,0,0.221825,0,0,0,0.351715,0.728825,1.0505,0,0,0,2.37153,0.0155553,0,0,0,0.161817,0,0,0.0283681,0,0,0.20574,0,0,0,0,0,0,0,0,0,0,0,21.0461,355.599,0,2.36031e-005,0.004509,
12,1,16,0.0384634,0,0.221825,0,0,0,0.435454,0.735811,1.11052,0,0,0,2.54208,0.0320486,0,0,0,0.188064,0,0,0.0299892,0,0,0.250102,0,0,0,0,0,0,0,0,0,0,0,22.105,355.599,0,5.48958e-005,0.004509,
12,1,17,0.18692,0,0.221825,0,0,0,0.519197,0.760261,1.32062,0,0,0,3.00882,0.155746,0,0,0,0.0760345,0,0,0.0356628,0,0,0.267443,0,0,0,0,0,0,0,0,0,0,0,27.8082,355.599,0,0.00025825,0.004509,
12,1,18,0.353013,0,0.221825,0,0,0,0.736923,0.791698,1.59075,0,0,0,3.69421,0.294139,0,0,0,0.0453904,0,0,0.0429574,0,0,0.382487,0,0,0,0,0,0,0,0,0,0,0,27.8246,355.599,0,0.00025845,0.004509,
12,1,19,0.425407,0,0.221825,0,0,0,1.40685,0.809163,1.74082,0,0,0,4.60407,0.354459,0,0,0,0.187791,0,0,0.04701,0,0,0.58926,0,0,0,0,0,0,0,0,0,0,0,27.8299,355.599,0,0.000258468,0.004509,
12,1,20,0.471316,0,0.221825,0,0,0,1.9763,0.816149,1.80085,0,0,0,5.28644,0.392711,0,0,0,0.178852,0,0,0.0486311,0,0,0.620194,0,0,0,0,0,0,0,0,0,0,0,27.8233,355.599,0,0.00025847,0.004509,
12,1,21,0.5751,0,0.221825,0,0,0,1.89255,0.823135,1.86088,0.382647,0,0,5.75614,0.479186,0,0,0,0.193922,0,0,0.0502522,0,0,0.72336,0,0,0,0,0,0,0,0,0,0,0,27.7881,355.599,0,0.000257051,0.004509,
12,1,22,0.715448,0,0.221825,0,0,0,1.60783,0.816149,1.80085,0.382647,0,0,5.54475,0.596128,0,0,0,0.148329,0,0,0.0486311,0,0,0.793088,0,0,0,0,0,0,0,0,0,0,0,29.7454,355.599,0,0.000256917,0.004509,
12,1,23,0.814176,0,0.221825,0,0,0,1.05514,0.788205,1.56074,0.382647,0,0,4.82273,0.678392,0,0,0,0.0471098,0,0,0.042147,0,0,0.767649,0,0,0,0,0,0,0,0,0,0,0,28.039,355.599,0,0.000255217,0.004509,
12,1,24,0.924894,0,0.221825,0,0,0,0.636433,0.763754,1.35064,0.382647,0,0,4.28019,0.770645,0,0,0,0.0583998,0,0,0.0364733,0,0,0.865518,0,0,0,0,0,0,0,0,0,0,0,27.7504,355.599,0,0.000255304,0.004509,
12,2,1,1.04156,0,0.221825,0,0,0,0.385211,0.735811,1.11052,0,0,0,3.49493,0.867854,0,0,0,0.00130962,0,0,0.0299892,0,0,0.899153,0,0,0,0,0,0,0,0,0,0,0,27.4562,355.599,0,0.000247689,0.004509,
12,2,2,1.10371,0,0.221825,0,0,0,0.318218,0.728825,1.0505,0,0,0,3.42308,0.919642,0,0,0,0.0389054,0,0,0.0283681,0,0,0.986916,0,0,0,0,0,0,0,0,0,0,0,27.445,355.599,0,0.000247086,0.004509,
12,2,3,1.19354,0,0.221825,0,0,0,0.251224,0.725332,1.02048,0,0,0,3.4124,0.994485,0,0,0,0.0179443,0,0,0.0275576,0,0,1.03999,0,0,0,0,0,0,0,0,0,0,0,27.1233,355.599,0,0.00023787,0.004509,
12,2,4,1.19186,0,0.221825,0,0,0,0.28472,0.725332,1.02048,0,0,0,3.44421,0.993083,0,0,0,0,0,0,0.0275576,0,0,1.02064,0,0,0,0,0,0,0,0,0,0,0,26.6611,355.599,0,0.000225679,0.004509,
12,2,5,1.19707,0,0.221825,0,0,0,0.351715,0.718346,0.960451,0,0,0,3.44941,0.997428,0,0,0,0,0,0,0.0259366,0,0,1.02336,0,0,0,0,0,0,0,0,0,0,0,26.8765,355.599,0,0.000226451,0.004509,
12,2,6,1.23096,0,0.221825,0,0,0,0.519197,0.732318,1.08051,0,0,0,3.78481,1.02566,0,0,0,0.0538073,0,0,0.0291787,0,0,1.10865,0,0,0,0,0,0,0,0,0,0,0,27.1164,355.599,0,0.000234163,0.004509,
12,2,7,1.14731,0,0.221825,0,0,0,0.703426,0.753275,1.26059,0,0,0,4.08643,0.955963,0,0,0,0.0984116,0,0,0.0340418,0,0,1.08842,0,0,0,0,0,0,0,0,0,0,0,34.1253,355.599,0,0.00024297,0.004509,
12,2,8,0.867538,0,0.221825,0,0,0,0.686679,0.760261,1.32062,0,0,0,3.85693,0.722853,0,0,0,0.18162,0,0,0.0356628,0,0,0.940136,0,0,0,0,0,0,0,0,0,0,0,26.1131,355.599,0,0.000223813,0.004509,
12,2,9,0.637737,0,0.221825,0,0,0,0.56944,0.735811,1.11052,0,0,0,3.27534,0.531378,0,0,0,0.239086,0,0,0.0299892,0,0,0.800453,0,0,0,0,0,0,0,0,0,0,0,21.4178,355.599,0,2.84434e-005,0.004509,
12,2,10,0.450659,0,0.221825,0,0,0,0.4857,0.718346,0.960451,0,0,0,2.83698,0.3755,0,0,0,0.309142,0,0,0.0259366,0,0,0.710579,0,0,0,0,0,0,0,0,0,0,0,18.6018,355.599,0,2.01788e-006,0.004509,
12,2,11,0.291678,0,0.221825,0,0,0,0.452204,0.721839,0.990466,0,0,0,2.67801,0.243033,0,0,0,0.0983273,0,0,0.0267471,0,0,0.368107,0,0,0,0,0,0,0,0,0,0,0,18.7189,355.599,0,8.43628e-007,0.004509,
12,2,12,0.215636,0,0.221825,0,0,0,0.418708,0.721839,0.990466,0,0,0,2.56847,0.179673,0,0,0,0.011883,0,0,0.0267471,0,0,0.218303,0,0,0,0,0,0,0,0,0,0,0,18.6919,355.599,0,7.43679e-007,0.004509,
12,2,13,0.1657,0,0.221825,0,0,0,0.351715,0.718346,0.960451,0,0,0,2.41804,0.138065,0,0,0,0.0101363,0,0,0.0259366,0,0,0.174138,0,0,0,0,0,0,0,0,0,0,0,18.5675,355.599,0,0,0.004509,
12,2,14,0.104784,0,0.221825,0,0,0,0.351715,0.721839,0.990466,0,0,0,2.39063,0.0873083,0,0,0,0.0253289,0,0,0.0267471,0,0,0.139384,0,0,0,0,0,0,0,0,0,0,0,18.676,355.599,0,0,0.004509,
12,2,15,0.0644244,0,0.221825,0,0,0,0.351715,0.728825,1.0505,0,0,0,2.41728,0.05368,0,0,0,0.612063,0,0,0.0283681,0,0,0.694111,0,0,0,0,0,0,0,0,0,0,0,18.8607,355.599,0,0,0.004509,
12,2,16,0.0768417,0,0.221825,0,0,0,0.435454,0.735811,1.11052,0,0,0,2.58046,0.0640264,0,0,0,0.169485,0,0,0.0299892,0,0,0.263501,0,0,0,0,0,0,0,0,0,0,0,19.9243,355.599,0,1.46588e-005,0.004509,
12,2,17,0.212399,0,0.221825,0,0,0,0.519197,0.760261,1.32062,0,0,0,3.0343,0.176976,0,0,0,0.049041,0,0,0.0356628,0,0,0.26168,0,0,0,0,0,0,0,0,0,0,0,27.5756,355.599,0,0.000250146,0.004509,
12,2,18,0.341486,0,0.221825,0,0,0,0.736923,0.791698,1.59075,0,0,0,3.68268,0.284533,0,0,0,0.0643581,0,0,0.0429574,0,0,0.391849,0,0,0,0,0,0,0,0,0,0,0,27.5998,355.599,0,0.000250892,0.004509,
12,2,19,0.428464,0,0.221825,0,0,0,1.40685,0.809163,1.74082,0,0,0,4.60713,0.357007,0,0,0,0.296513,0,0,0.04701,0,0,0.70053,0,0,0,0,0,0,0,0,0,0,0,27.5996,355.599,0,0.000250972,0.004509,
12,2,20,0.499754,0,0.221825,0,0,0,1.9763,0.816149,1.80085,0,0,0,5.31487,0.416408,0,0,0,0.225864,0,0,0.0486311,0,0,0.690903,0,0,0,0,0,0,0,0,0,0,0,27.6,355.599,0,0.00025116,0.004509,
12,2,21,0.579197,0,0.221825,0,0,0,1.89255,0.823135,1.86088,0.382647,0,0,5.76023,0.482602,0,0,0,0.0115077,0,0,0.0502522,0,0,0.544362,0,0,0,0,0,0,0,0,0,0,0,27.5753,355.599,0,0.000249645,0.004509,
12,2,22,0.656228,0,0.221825,0,0,0,1.60783,0.816149,1.80085,0.382647,0,0,5.48553,0.546785,0,0,0,0.105515,0,0,0.0486311,0,0,0.700931,0,0,0,0,0,0,0,0,0,0,0,27.5601,355.599,0,0.000249093,0.004509,
12,2,23,0.758441,0,0.221825,0,0,0,1.05514,0.788205,1.56074,0.382647,0,0,4.76699,0.631951,0,0,0,0.212693,0,0,0.042147,0,0,0.886791,0,0,0,0,0,0,0,0,0,0,0,27.526,355.599,0,0.000247461,0.004509,
12,2,24,0.878552,0,0.221825,0,0,0,0.636433,0.763754,1.35064,0.382647,0,0,4.23385,0.732031,0,0,0,0.0440022,0,0,0.0364733,0,0,0.812507,0,0,0,0,0,0,0,0,0,0,0,27.5272,355.599,0,0.000247463,0.004509,
12,3,1,0.955311,0,0.221825,0,0,0,0.385211,0.735811,1.11052,0,0,0,3.40868,0.795988,0,0,0,0.00129336,0,0,0.0299892,0,0,0.827271,0,0,0,0,0,0,0,0,0,0,0,27.2714,355.599,0,0.000238882,0.004509,
12,3,2,1.0112,0,0.221825,0,0,0,0.318218,0.728825,1.0505,0,0,0,3.33056,0.842557,0,0,0,0.00035325,0,0,0.0283681,0,0,0.871278,0,0,0,0,0,0,0,0,0,0,0,27.2471,355.599,0,0.000237872,0.004509,
12,3,3,1.05422,0,0.221825,0,0,0,0.251224,0.725332,1.02048,0,0,0,3.27308,0.878401,0,0,0,0,0,0,0.0275576,0,0,0.905959,0,0,0,0,0,0,0,0,0,0,0,27.1935,355.599,0,0.000237649,0.004509,
12,3,4,1.05235,0,0.221825,0,0,0,0.28472,0.725332,1.02048,0,0,0,3.30471,0.876842,0,0,0,0.00123599,0,0,0.0275576,0,0,0.905636,0,0,0,0,0,0,0,0,0,0,0,27.0613,355.599,0,0.000235392,0.004509,
12,3,5,1.09267,0,0.221825,0,0,0,0.351715,0.718346,0.960451,0,0,0,3.34501,0.910441,0,0,0,0.00199557,0,0,0.0259366,0,0,0.938373,0,0,0,0,0,0,0,0,0,0,0,27.1122,355.599,0,0.000236521,0.004509,
12,3,6,1.13686,0,0.221825,0,0,0,0.519197,0.732318,1.08051,0,0,0,3.69071,0.947262,0,0,0,0.00122162,0,0,0.0291787,0,0,0.977662,0,0,0,0,0,0,0,0,0,0,0,27.2517,355.599,0,0.000237136,0.004509,
12,3,7,1.13459,0,0.221825,0,0,0,0.703426,0.753275,1.26059,0,0,0,4.07371,0.945364,0,0,0,0.093248,0,0,0.0340418,0,0,1.07265,0,0,0,0,0,0,0,0,0,0,0,31.2023,355.599,0,0.00023909,0.004509,
12,3,8,0.880554,0,0.221825,0,0,0,0.686679,0.760261,1.32062,0,0,0,3.86994,0.733699,0,0,0,0.274325,0,0,0.0356628,0,0,1.04369,0,0,0,0,0,0,0,0,0,0,0,26.2345,355.599,0,0.000223866,0.004509,
12,3,9,0.600988,0,0.221825,0,0,0,0.56944,0.735811,1.11052,0,0,0,3.23859,0.500757,0,0,0,0.172843,0,0,0.0299892,0,0,0.703589,0,0,0,0,0,0,0,0,0,0,0,21.7777,355.599,0,6.12792e-005,0.004509,
12,3,10,0.37857,0,0.221825,0,0,0,0.4857,0.718346,0.960451,0,0,0,2.76489,0.315433,0,0,0,0.455756,0,0,0.0259366,0,0,0.797126,0,0,0,0,0,0,0,0,0,0,0,19.7843,355.599,0,1.17945e-005,0.004509,
12,3,11,0.239939,0,0.221825,0,0,0,0.452204,0.721839,0.990466,0,0,0,2.62627,0.199923,0,0,0,0.261162,0,0,0.0267471,0,0,0.487832,0,0,0,0,0,0,0,0,0,0,0,18.287,355.599,0,0,0.004509,
12,3,12,0.165073,0,0.221825,0,0,0,0.418708,0.721839,0.990466,0,0,0,2.51791,0.137543,0,0,0,0.0306376,0,0,0.0267471,0,0,0.194928,0,0,0,0,0,0,0,0,0,0,0,18.009,355.599,0,0,0.004509,
12,3,13,0.110744,0,0.221825,0,0,0,0.351715,0.718346,0.960451,0,0,0,2.36308,0.0922747,0,0,0,0.0973811,0,0,0.0259366,0,0,0.215592,0,0,0,0,0,0,0,0,0,0,0,18.0211,355.599,0,0,0.004509,
12,3,14,0.0631527,0,0.221825,0,0,0,0.351715,0.721839,0.990466,0,0,0,2.349,0.0526204,0,0,0,0.00256164,0,0,0.0267471,0,0,0.0819291,0,0,0,0,0,0,0,0,0,0,0,18.0926,355.599,0,0,0.004509,
12,3,15,0.0193253,0,0.221825,0,0,0,0.351715,0.728825,1.0505,0,0,0,2.37218,0.0161023,0,0,0,0.0119088,0,0,0.0283681,0,0,0.0563792,0,0,0,0,0,0,0,0,0,0,0,19.3554,355.599,0,2.48108e-006,0.004509,
12,3,16,0.0294824,0,0.221825,0,0,0,0.435454,0.735811,1.11052,0,0,0,2.5331,0.0245656,0,0,0,0.137079,0,0,0.0299892,0,0,0.191634,0,0,0,0,0,0,0,0,0,0,0,20.567,355.599,0,1.327e-005,0.004509,
12,3,17,0.159694,0,0.221825,0,0,0,0.519197,0.760261,1.32062,0,0,0,2.9816,0.133061,0,0,0,0.0151203,0,0,0.0356628,0,0,0.183844,0,0,0,0,0,0,0,0,0,0,0,27.4082,355.599,0,0.00024429,0.004509,
12,3,18,0.302629,0,0.221825,0,0,0,0.736923,0.791698,1.59075,0,0,0,3.64383,0.252157,0,0,0,0.036117,0,0,0.0429574,0,0,0.331231,0,0,0,0,0,0,0,0,0,0,0,27.415,355.599,0,0.000244467,0.004509,
12,3,19,0.382758,0,0.221825,0,0,0,1.40685,0.809163,1.74082,0,0,0,4.56142,0.318922,0,0,0,0.122866,0,0,0.04701,0,0,0.488798,0,0,0,0,0,0,0,0,0,0,0,27.4152,355.599,0,0.000244475,0.004509,
12,3,20,0.455302,0,0.221825,0,0,0,1.9763,0.816149,1.80085,0,0,0,5.27042,0.379368,0,0,0,0.138828,0,0,0.0486311,0,0,0.566827,0,0,0,0,0,0,0,0,0,0,0,27.4165,355.599,0,0.000244571,0.004509,
12,3,21,0.531753,0,0.221825,0,0,0,1.89255,0.823135,1.86088,0.382647,0,0,5.71279,0.44307,0,0,0,0.0104811,0,0,0.0502522,0,0,0.503803,0,0,0,0,0,0,0,0,0,0,0,27.3942,355.599,0,0.00024338,0.004509,
12,3,22,0.611709,0,0.221825,0,0,0,1.60783,0.816149,1.80085,0.382647,0,0,5.44101,0.509692,0,0,0,0.0289677,0,0,0.0486311,0,0,0.587291,0,0,0,0,0,0,0,0,0,0,0,27.3905,355.599,0,0.000243282,0.004509,
12,3,23,0.705613,0,0.221825,0,0,0,1.05514,0.788205,1.56074,0.382647,0,0,4.71417,0.587935,0,0,0,0.075552,0,0,0.042147,0,0,0.705634,0,0,0,0,0,0,0,0,0,0,0,27.3568,355.599,0,0.000241607,0.004509,
12,3,24,0.859587,0,0.221825,0,0,0,0.636433,0.763754,1.35064,0.382647,0,0,4.21488,0.71623,0,0,0,0.077685,0,0,0.0364733,0,0,0.830388,0,0,0,0,0,0,0,0,0,0,0,29.845,355.599,0,0.000241714,0.004509,
12,4,1,0.993285,0,0.221825,0,0,0,0.385211,0.735811,1.11052,0,0,0,3.44666,0.827629,0,0,0,0.0172376,0,0,0.0299892,0,0,0.874856,0,0,0,0,0,0,0,0,0,0,0,27.3544,355.599,0,0.000241203,0.004509,
12,4,2,1.05312,0,0.221825,0,0,0,0.318218,0.728825,1.0505,0,0,0,3.37248,0.877485,0,0,0,0.00132987,0,0,0.0283681,0,0,0.907183,0,0,0,0,0,0,0,0,0,0,0,27.1871,355.599,0,0.000238328,0.004509,
12,4,3,1.12459,0,0.221825,0,0,0,0.251224,0.725332,1.02048,0,0,0,3.34345,0.937034,0,0,0,0.0121268,0,0,0.0275576,0,0,0.976718,0,0,0,0,0,0,0,0,0,0,0,27.1652,355.599,0,0.000238515,0.004509,
12,4,4,1.16125,0,0.221825,0,0,0,0.28472,0.725332,1.02048,0,0,0,3.41361,0.967582,0,0,0,0.00259273,0,0,0.0275576,0,0,0.997732,0,0,0,0,0,0,0,0,0,0,0,27.2367,355.599,0,0.000239533,0.004509,
12,4,5,1.15813,0,0.221825,0,0,0,0.351715,0.718346,0.960451,0,0,0,3.41047,0.964985,0,0,0,0.00222303,0,0,0.0259366,0,0,0.993145,0,0,0,0,0,0,0,0,0,0,0,27.3777,355.599,0,0.000242284,0.004509,
12,4,6,1.12175,0,0.221825,0,0,0,0.519197,0.732318,1.08051,0,0,0,3.6756,0.934672,0,0,0,0.0114755,0,0,0.0291787,0,0,0.975326,0,0,0,0,0,0,0,0,0,0,0,27.4601,355.599,0,0.000242921,0.004509,
12,4,7,1.12096,0,0.221825,0,0,0,0.703426,0.753275,1.26059,0,0,0,4.06008,0.934008,0,0,0,0.204199,0,0,0.0340418,0,0,1.17225,0,0,0,0,0,0,0,0,0,0,0,32.1104,355.599,0,0.000243891,0.004509,
12,4,8,0.892195,0,0.221825,0,0,0,0.686679,0.760261,1.32062,0,0,0,3.88158,0.743399,0,0,0,0.0868807,0,0,0.0356628,0,0,0.865943,0,0,0,0,0,0,0,0,0,0,0,27.1314,355.599,0,0.00023905,0.004509,
12,4,9,0.549845,0,0.221825,0,0,0,0.56944,0.735811,1.11052,0,0,0,3.18745,0.458143,0,0,0,0.998014,0,0,0.0299892,0,0,1.48615,0,0,0,0,0,0,0,0,0,0,0,20.5476,355.599,0,1.71558e-005,0.004509,
12,4,10,0.351134,0,0.221825,0,0,0,0.4857,0.718346,0.960451,0,0,0,2.73746,0.292574,0,0,0,0.423987,0,0,0.0259366,0,0,0.742498,0,0,0,0,0,0,0,0,0,0,0,18.8528,355.599,0,0,0.004509,
12,4,11,0.249283,0,0.221825,0,0,0,0.452204,0.721839,0.990466,0,0,0,2.63562,0.207708,0,0,0,0.0323321,0,0,0.0267471,0,0,0.266787,0,0,0,0,0,0,0,0,0,0,0,18.8287,355.599,0,0,0.004509,
12,4,12,0.153674,0,0.221825,0,0,0,0.418708,0.721839,0.990466,0,0,0,2.50651,0.128045,0,0,0,0.20808,0,0,0.0267471,0,0,0.362872,0,0,0,0,0,0,0,0,0,0,0,18.8225,355.599,0,0,0.004509,
12,4,13,0.0774209,0,0.221825,0,0,0,0.351715,0.718346,0.960451,0,0,0,2.32976,0.064509,0,0,0,0.0887804,0,0,0.0259366,0,0,0.179226,0,0,0,0,0,0,0,0,0,0,0,18.713,355.599,0,0,0.004509,
12,4,14,0.00885973,0,0.221825,0,0,0,0.351715,0.721839,0.990466,0,0,0,2.2947,0.00738215,0,0,0,0.0566758,0,0,0.0267471,0,0,0.090805,0,0,0,0,0,0,0,0,0,0,0,18.8104,355.599,0,0,0.004509,
12,4,15,0,0,0.221825,0,0,0,0.351715,0.728825,1.0505,0,0,0,2.35286,0,0,0,0,0.102885,0,0,0.0283681,0,0,0.131253,0,0,0,0,0,0,0,0,0,0,0,18.901,355.599,0,2.70696e-007,0.004509,
12,4,16,0.00228798,0,0.221825,0,0,0,0.435454,0.735811,1.11052,0,0,0,2.5059,0.0019064,0,0,0,0.0157614,0,0,0.0299892,0,0,0.047657,0,0,0,0,0,0,0,0,0,0,0,19.8287,355.599,0,1.27448e-005,0.004509,
12,4,17,0.101794,0,0.221825,0,0,0,0.519197,0.760261,1.32062,0,0,0,2.9237,0.0848174,0,0,0,0.0799057,0,0,0.0356628,0,0,0.200386,0,0,0,0,0,0,0,0,0,0,0,27.4487,355.599,0,0.000245471,0.004509,
12,4,18,0.224436,0,0.221825,0,0,0,0.736923,0.791698,1.59075,0,0,0,3.56563,0.187006,0,0,0,0.0501164,0,0,0.0429574,0,0,0.28008,0,0,0,0,0,0,0,0,0,0,0,27.4868,355.599,0,0.000245785,0.004509,
12,4,19,0.253283,0,0.221825,0,0,0,1.40685,0.809163,1.74082,0,0,0,4.43194,0.211042,0,0,0,0.207704,0,0,0.04701,0,0,0.465756,0,0,0,0,0,0,0,0,0,0,0,27.4873,355.599,0,0.000245783,0.004509,
12,4,20,0.269419,0,0.221825,0,0,0,1.9763,0.816149,1.80085,0,0,0,5.08454,0.224487,0,0,0,0.0598522,0,0,0.0486311,0,0,0.33297,0,0,0,0,0,0,0,0,0,0,0,27.488,355.599,0,0.000245835,0.004509,
12,4,21,0.304452,0,0.221825,0,0,0,1.89255,0.823135,1.86088,0.382647,0,0,5.48549,0.253678,0,0,0,0.281295,0,0,0.0502522,0,0,0.585225,0,0,0,0,0,0,0,0,0,0,0,27.4636,355.599,0,0.000244518,0.004509,
12,4,22,0.367943,0,0.221825,0,0,0,1.60783,0.816149,1.80085,0.382647,0,0,5.19724,0.306578,0,0,0,0.21802,0,0,0.0486311,0,0,0.573229,0,0,0,0,0,0,0,0,0,0,0,27.4537,355.599,0,0.000244329,0.004509,
12,4,23,0.4526,0,0.221825,0,0,0,1.05514,0.788205,1.56074,0.382647,0,0,4.46115,0.377118,0,0,0,0.0282415,0,0,0.042147,0,0,0.447507,0,0,0,0,0,0,0,0,0,0,0,27.4024,355.599,0,0.00024276,0.004509,
12,4,24,0.5125,0,0.221825,0,0,0,0.636433,0.763754,1.35064,0.382647,0,0,3.8678,0.427028,0,0,0,0.00342857,0,0,0.0364733,0,0,0.46693,0,0,0,0,0,0,0,0,0,0,0,27.4043,355.599,0,0.000242194,0.004509,
12,5,1,0.566125,0,0.221825,0,0,0,0.385211,0.735811,1.11052,0,0,0,3.0195,0.471708,0,0,0,0.00650126,0,0,0.0299892,0,0,0.508198,0,0,0,0,0,0,0,0,0,0,0,27.5595,355.599,0,0.000253727,0.004509,
12,5,2,0.65012,0,0.221825,0,0,0,0.318218,0.728825,1.0505,0,0,0,2.96948,0.541695,0,0,0,0,0,0,0.0283681,0,0,0.570063,0,0,0,0,0,0,0,0,0,0,0,27.215,355.599,0,0.000245958,0.004509,
12,5,3,0.707479,0,0.221825,0,0,0,0.251224,0.725332,1.02048,0,0,0,2.92634,0.58949,0,0,0,0,0,0,0.0275576,0,0,0.617048,0,0,0,0,0,0,0,0,0,0,0,26.8922,355.599,0,0.000239071,0.004509,
12,5,4,0.714305,0,0.221825,0,0,0,0.28472,0.725332,1.02048,0,0,0,2.96666,0.595176,0,0,0,0,0,0,0.0275576,0,0,0.622734,0,0,0,0,0,0,0,0,0,0,0,26.9614,355.599,0,0.000239662,0.004509,
12,5,5,0.731928,0,0.221825,0,0,0,0.351715,0.718346,0.960451,0,0,0,2.98427,0.609861,0,0,0,0,0,0,0.0259366,0,0,0.635798,0,0,0,0,0,0,0,0,0,0,0,27.3181,355.599,0,0.000249748,0.004509,
12,5,6,0.703271,0,0.221825,0,0,0,0.519197,0.732318,1.08051,0,0,0,3.25712,0.585983,0,0,0,0.00213216,0,0,0.0291787,0,0,0.617294,0,0,0,0,0,0,0,0,0,0,0,27.5485,355.599,0,0.000252544,0.004509,
12,5,7,0.647122,0,0.221825,0,0,0,0.703426,0.753275,1.26059,0,0,0,3.58624,0.539197,0,0,0,0.154954,0,0,0.0340418,0,0,0.728193,0,0,0,0,0,0,0,0,0,0,0,27.583,355.599,0,0.000254309,0.004509,
12,5,8,0.645501,0,0.221825,0,0,0,0.686679,0.760261,1.32062,0,0,0,3.63489,0.537848,0,0,0,0.308678,0,0,0.0356628,0,0,0.882189,0,0,0,0,0,0,0,0,0,0,0,26.0173,355.599,0,0.000230839,0.004509,
12,5,9,0.691917,0,0.221825,0,0,0,0.56944,0.735811,1.11052,0,0,0,3.32952,0.576521,0,0,0,0.0743062,0,0,0.0299892,0,0,0.680816,0,0,0,0,0,0,0,0,0,0,0,22.8106,355.599,0,0.000105093,0.004509,
12,5,10,0.692984,0,0.221825,0,0,0,0.4857,0.718346,0.960451,0,0,0,3.07931,0.577412,0,0,0,0.579879,0,0,0.0259366,0,0,1.18323,0,0,0,0,0,0,0,0,0,0,0,22.2053,355.599,0,7.96696e-005,0.004509,
12,5,11,0.60301,0,0.221825,0,0,0,0.452204,0.721839,0.990466,0,0,0,2.98934,0.502443,0,0,0,0.153416,0,0,0.0267471,0,0,0.682606,0,0,0,0,0,0,0,0,0,0,0,22.1825,355.599,0,7.56987e-005,0.004509,
12,5,12,0.520299,0,0.221825,0,0,0,0.418708,0.721839,0.990466,0,0,0,2.87314,0.433526,0,0,0,0.218598,0,0,0.0267471,0,0,0.678871,0,0,0,0,0,0,0,0,0,0,0,22.1781,355.599,0,7.56243e-005,0.004509,
12,5,13,0.474897,0,0.221825,0,0,0,0.351715,0.718346,0.960451,0,0,0,2.72723,0.395697,0,0,0,0.125531,0,0,0.0259366,0,0,0.547165,0,0,0,0,0,0,0,0,0,0,0,22.1779,355.599,0,7.64237e-005,0.004509,
12,5,14,0.456146,0,0.221825,0,0,0,0.351715,0.721839,0.990466,0,0,0,2.74199,0.380072,0,0,0,0.476093,0,0,0.0267471,0,0,0.882912,0,0,0,0,0,0,0,0,0,0,0,22.2294,355.599,0,7.73623e-005,0.004509,
12,5,15,0.384742,0,0.221825,0,0,0,0.351715,0.728825,1.0505,0,0,0,2.7376,0.320578,0,0,0,0.107183,0,0,0.0283681,0,0,0.456129,0,0,0,0,0,0,0,0,0,0,0,22.443,355.599,0,8.02101e-005,0.004509,
12,5,16,0.42767,0,0.221825,0,0,0,0.435454,0.735811,1.11052,0,0,0,2.93128,0.356346,0,0,0,0.051375,0,0,0.0299892,0,0,0.43771,0,0,0,0,0,0,0,0,0,0,0,23.1986,355.599,0,0.000112722,0.004509,
12,5,17,0.433315,0,0.221825,0,0,0,0.519197,0.760261,1.32062,0,0,0,3.25522,0.361047,0,0,0,0.0298555,0,0,0.0356628,0,0,0.426565,0,0,0,0,0,0,0,0,0,0,0,27.5696,355.599,0,0.0002544,0.004509,
12,5,18,0.436589,0,0.221825,0,0,0,0.736923,0.791698,1.59075,0,0,0,3.77778,0.363777,0,0,0,0.270196,0,0,0.0429574,0,0,0.67693,0,0,0,0,0,0,0,0,0,0,0,27.71,355.599,0,0.000254503,0.004509,
12,5,19,0.39556,0,0.221825,0,0,0,1.40685,0.809163,1.74082,0,0,0,4.57422,0.32959,0,0,0,0.239855,0,0,0.04701,0,0,0.616455,0,0,0,0,0,0,0,0,0,0,0,27.7099,355.599,0,0.000254454,0.004509,
12,5,20,0.358253,0,0.221825,0,0,0,1.9763,0.816149,1.80085,0,0,0,5.17337,0.298504,0,0,0,0.0767809,0,0,0.0486311,0,0,0.423916,0,0,0,0,0,0,0,0,0,0,0,27.7118,355.599,0,0.000254397,0.004509,
12,5,21,0.384393,0,0.221825,0,0,0,1.89255,0.823135,1.86088,0.382647,0,0,5.56543,0.320287,0,0,0,0.129421,0,0,0.0502522,0,0,0.49996,0,0,0,0,0,0,0,0,0,0,0,27.7085,355.599,0,0.000254402,0.004509,
12,5,22,0.453174,0,0.221825,0,0,0,1.60783,0.816149,1.80085,0.382647,0,0,5.28248,0.377596,0,0,0,0.0434114,0,0,0.0486311,0,0,0.469639,0,0,0,0,0,0,0,0,0,0,0,27.6858,355.599,0,0.000253558,0.004509,
12,5,23,0.538491,0,0.221825,0,0,0,1.05514,0.788205,1.56074,0.382647,0,0,4.54704,0.448684,0,0,0,0.0648486,0,0,0.042147,0,0,0.55568,0,0,0,0,0,0,0,0,0,0,0,27.667,355.599,0,0.000253244,0.004509,
12,5,24,0.643851,0,0.221825,0,0,0,0.636433,0.763754,1.35064,0.382647,0,0,3.99915,0.536473,0,0,0,0.0425429,0,0,0.0364733,0,0,0.615489,0,0,0,0,0,0,0,0,0,0,0,27.539,355.599,0,0.000249222,0.004509,
12,6,1,0.782183,0,0.221825,0,0,0,0.385211,0.735811,1.11052,0,0,0,3.23555,0.651734,0,0,0,0.00244505,0,0,0.0299892,0,0,0.684168,0,0,0,0,0,0,0,0,0,0,0,27.2476,355.599,0,0.000242061,0.004509,
12,6,2,0.872345,0,0.221825,0,0,0,0.318218,0.728825,1.0505,0,0,0,3.19171,0.726858,0,0,0,0,0,0,0.0283681,0,0,0.755226,0,0,0,0,0,0,0,0,0,0,0,27.1303,355.599,0,0.000239908,0.004509,
12,6,3,0.936196,0,0.221825,0,0,0,0.251224,0.725332,1.02048,0,0,0,3.15506,0.780061,0,0,0,0.0691165,0,0,0.0275576,0,0,0.876735,0,0,0,0,0,0,0,0,0,0,0,27.0587,355.599,0,0.000239202,0.004509,
12,6,4,0.925258,0,0.221825,0,0,0,0.28472,0.725332,1.02048,0,0,0,3.17762,0.770947,0,0,0,0.0467763,0,0,0.0275576,0,0,0.845281,0,0,0,0,0,0,0,0,0,0,0,27.0361,355.599,0,0.00023932,0.004509,
12,6,5,0.839525,0,0.221825,0,0,0,0.351715,0.718346,0.960451,0,0,0,3.09186,0.699514,0,0,0,0,0,0,0.0259366,0,0,0.725451,0,0,0,0,0,0,0,0,0,0,0,27.1364,355.599,0,0.000241175,0.004509,
12,6,6,0.768491,0,0.221825,0,0,0,0.519197,0.732318,1.08051,0,0,0,3.32234,0.640325,0,0,0,0.00412827,0,0,0.0291787,0,0,0.673632,0,0,0,0,0,0,0,0,0,0,0,27.2842,355.599,0,0.00024367,0.004509,
12,6,7,0.757691,0,0.221825,0,0,0,0.703426,0.753275,1.26059,0,0,0,3.69681,0.631326,0,0,0,0.00412225,0,0,0.0340418,0,0,0.66949,0,0,0,0,0,0,0,0,0,0,0,27.3178,355.599,0,0.000243973,0.004509,
12,6,8,0.613063,0,0.221825,0,0,0,0.686679,0.760261,1.32062,0,0,0,3.60245,0.510818,0,0,0,0.00760325,0,0,0.0356628,0,0,0.554084,0,0,0,0,0,0,0,0,0,0,0,27.2762,355.599,0,0.00024262,0.004509,
12,6,9,0.37527,0,0.221825,0,0,0,0.56944,0.735811,1.11052,0,0,0,3.01287,0.312683,0,0,0,0.0490883,0,0,0.0299892,0,0,0.391761,0,0,0,0,0,0,0,0,0,0,0,26.3594,355.599,0,0.000207855,0.004509,
12,6,10,0.230058,0,0.221825,0,0,0,0.4857,0.718346,0.960451,0,0,0,2.61638,0.19169,0,0,0,0.355403,0,0,0.0259366,0,0,0.57303,0,0,0,0,0,0,0,0,0,0,0,24.966,355.599,0,0.00015921,0.004509,
12,6,11,0.196404,0,0.221825,0,0,0,0.452204,0.721839,0.990466,0,0,0,2.58274,0.163649,0,0,0,0.119537,0,0,0.0267471,0,0,0.309933,0,0,0,0,0,0,0,0,0,0,0,24.737,355.599,0,0.000150643,0.004509,
12,6,12,0.158204,0,0.221825,0,0,0,0.418708,0.721839,0.990466,0,0,0,2.51104,0.13182,0,0,0,0.0501919,0,0,0.0267471,0,0,0.208759,0,0,0,0,0,0,0,0,0,0,0,24.6285,355.599,0,0.000146949,0.004509,
12,6,13,0.131202,0,0.221825,0,0,0,0.351715,0.718346,0.960451,0,0,0,2.38354,0.109321,0,0,0,0.0649591,0,0,0.0259366,0,0,0.200217,0,0,0,0,0,0,0,0,0,0,0,24.6342,355.599,0,0.000146894,0.004509,
12,6,14,0.0761697,0,0.221825,0,0,0,0.351715,0.721839,0.990466,0,0,0,2.36201,0.0634664,0,0,0,0.261192,0,0,0.0267471,0,0,0.351405,0,0,0,0,0,0,0,0,0,0,0,24.7356,355.599,0,0.00015034,0.004509,
12,6,15,0.0261914,0,0.221825,0,0,0,0.351715,0.728825,1.0505,0,0,0,2.37905,0.0218233,0,0,0,0.0318742,0,0,0.0283681,0,0,0.0820656,0,0,0,0,0,0,0,0,0,0,0,24.9303,355.599,0,0.000155948,0.004509,
12,6,16,0.0648036,0,0.221825,0,0,0,0.435454,0.735811,1.11052,0,0,0,2.56842,0.0539961,0,0,0,0.0636321,0,0,0.0299892,0,0,0.147617,0,0,0,0,0,0,0,0,0,0,0,26.0486,355.599,0,0.000195113,0.004509,
12,6,17,0.192221,0,0.221825,0,0,0,0.519197,0.760261,1.32062,0,0,0,3.01413,0.160163,0,0,0,0.0420466,0,0,0.0356628,0,0,0.237872,0,0,0,0,0,0,0,0,0,0,0,27.3522,355.599,0,0.000245303,0.004509,
12,6,18,0.282982,0,0.221825,0,0,0,0.736923,0.791698,1.59075,0,0,0,3.62418,0.235788,0,0,0,0.0798889,0,0,0.0429574,0,0,0.358634,0,0,0,0,0,0,0,0,0,0,0,27.3592,355.599,0,0.000245511,0.004509,
12,6,19,0.298306,0,0.221825,0,0,0,1.40685,0.809163,1.74082,0,0,0,4.47697,0.248556,0,0,0,0.169237,0,0,0.04701,0,0,0.464803,0,0,0,0,0,0,0,0,0,0,0,27.3594,355.599,0,0.000245482,0.004509,
12,6,20,0.298989,0,0.221825,0,0,0,1.9763,0.816149,1.80085,0,0,0,5.11411,0.249125,0,0,0,0.02738,0,0,0.0486311,0,0,0.325136,0,0,0,0,0,0,0,0,0,0,0,27.3579,355.599,0,0.000245421,0.004509,
12,6,21,0.317268,0,0.221825,0,0,0,1.89255,0.823135,1.86088,0.382647,0,0,5.4983,0.264356,0,0,0,0.128038,0,0,0.0502522,0,0,0.442646,0,0,0,0,0,0,0,0,0,0,0,27.3562,355.599,0,0.000245363,0.004509,
12,6,22,0.339894,0,0.221825,0,0,0,1.60783,0.816149,1.80085,0.382647,0,0,5.1692,0.283209,0,0,0,0.0318826,0,0,0.0486311,0,0,0.363723,0,0,0,0,0,0,0,0,0,0,0,27.3406,355.599,0,0.000244769,0.004509,
12,6,23,0.433453,0,0.221825,0,0,0,1.05514,0.788205,1.56074,0.382647,0,0,4.44201,0.361162,0,0,0,0.0439476,0,0,0.042147,0,0,0.447257,0,0,0,0,0,0,0,0,0,0,0,27.3137,355.599,0,0.00024423,0.004509,
12,6,24,0.528379,0,0.221825,0,0,0,0.636433,0.763754,1.35064,0.382647,0,0,3.88367,0.44026,0,0,0,0.0248442,0,0,0.0364733,0,0,0.501578,0,0,0,0,0,0,0,0,0,0,0,27.2917,355.599,0,0.000242742,0.004509,
12,7,1,0.573807,0,0.221825,0,0,0,0.385211,0.735811,1.11052,0,0,0,3.02718,0.47811,0,0,0,0.00480988,0,0,0.0299892,0,0,0.512909,0,0,0,0,0,0,0,0,0,0,0,26.5399,355.599,0,0.000220045,0.004509,
12,7,2,0.56726,0,0.221825,0,0,0,0.318218,0.728825,1.0505,0,0,0,2.88662,0.472656,0,0,0,0.00294524,0,0,0.0283681,0,0,0.503969,0,0,0,0,0,0,0,0,0,0,0,26.5077,355.599,0,0.000219096,0.004509,
12,7,3,0.582529,0,0.221825,0,0,0,0.251224,0.725332,1.02048,0,0,0,2.80139,0.485377,0,0,0,0.035089,0,0,0.0275576,0,0,0.548024,0,0,0,0,0,0,0,0,0,0,0,26.293,355.599,0,0.000215,0.004509,
12,7,4,0.622597,0,0.221825,0,0,0,0.28472,0.725332,1.02048,0,0,0,2.87495,0.518763,0,0,0,0,0,0,0.0275576,0,0,0.546321,0,0,0,0,0,0,0,0,0,0,0,25.9238,355.599,0,0.000205384,0.004509,
12,7,5,0.620721,0,0.221825,0,0,0,0.351715,0.718346,0.960451,0,0,0,2.87306,0.517201,0,0,0,0,0,0,0.0259366,0,0,0.543138,0,0,0,0,0,0,0,0,0,0,0,26.1499,355.599,0,0.000206567,0.004509,
12,7,6,0.577462,0,0.221825,0,0,0,0.519197,0.732318,1.08051,0,0,0,3.13131,0.481156,0,0,0,0.131382,0,0,0.0291787,0,0,0.641717,0,0,0,0,0,0,0,0,0,0,0,26.2443,355.599,0,0.00021482,0.004509,
12,7,7,0.527374,0,0.221825,0,0,0,0.703426,0.753275,1.26059,0,0,0,3.4665,0.439422,0,0,0,0.0182235,0,0,0.0340418,0,0,0.491687,0,0,0,0,0,0,0,0,0,0,0,32.7888,355.599,0,0.000220895,0.004509,
12,7,8,0.434894,0,0.221825,0,0,0,0.686679,0.760261,1.32062,0,0,0,3.42428,0.362366,0,0,0,0.0410053,0,0,0.0356628,0,0,0.439034,0,0,0,0,0,0,0,0,0,0,0,25.8629,355.599,0,0.000206827,0.004509,
12,7,9,0.411342,0,0.221825,0,0,0,0.56944,0.735811,1.11052,0,0,0,3.04894,0.342741,0,0,0,0.126548,0,0,0.0299892,0,0,0.499278,0,0,0,0,0,0,0,0,0,0,0,23.5004,355.599,0,0.000119241,0.004509,
12,7,10,0.463658,0,0.221825,0,0,0,0.4857,0.718346,0.960451,0,0,0,2.84998,0.386331,0,0,0,0.735007,0,0,0.0259366,0,0,1.14727,0,0,0,0,0,0,0,0,0,0,0,22.8993,355.599,0,8.58816e-005,0.004509,
12,7,11,0.436858,0,0.221825,0,0,0,0.452204,0.721839,0.990466,0,0,0,2.82319,0.364,0,0,0,0.249945,0,0,0.0267471,0,0,0.640692,0,0,0,0,0,0,0,0,0,0,0,22.8807,355.599,0,8.51017e-005,0.004509,
12,7,12,0.371506,0,0.221825,0,0,0,0.418708,0.721839,0.990466,0,0,0,2.72434,0.309549,0,0,0,0.153166,0,0,0.0267471,0,0,0.489462,0,0,0,0,0,0,0,0,0,0,0,22.8776,355.599,0,8.47923e-005,0.004509,
12,7,13,0.290376,0,0.221825,0,0,0,0.351715,0.718346,0.960451,0,0,0,2.54271,0.241948,0,0,0,0.037468,0,0,0.0259366,0,0,0.305353,0,0,0,0,0,0,0,0,0,0,0,22.891,355.599,0,8.46285e-005,0.004509,
12,7,14,0.248882,0,0.221825,0,0,0,0.351715,0.721839,0.990466,0,0,0,2.53473,0.207374,0,0,0,0.00673516,0,0,0.0267471,0,0,0.240856,0,0,0,0,0,0,0,0,0,0,0,22.894,355.599,0,8.58421e-005,0.004509,
12,7,15,0.234084,0,0.221825,0,0,0,0.351715,0.728825,1.0505,0,0,0,2.58694,0.195044,0,0,0,0.0589768,0,0,0.0283681,0,0,0.282389,0,0,0,0,0,0,0,0,0,0,0,22.9525,355.599,0,0.000100306,0.004509,
12,7,16,0.229792,0,0.221825,0,0,0,0.435454,0.735811,1.11052,0,0,0,2.73341,0.191468,0,0,0,0.0483607,0,0,0.0299892,0,0,0.269818,0,0,0,0,0,0,0,0,0,0,0,23.7029,355.599,0,0.000142323,0.004509,
12,7,17,0.279851,0,0.221825,0,0,0,0.519197,0.760261,1.32062,0,0,0,3.10176,0.233178,0,0,0,0.0949631,0,0,0.0356628,0,0,0.363804,0,0,0,0,0,0,0,0,0,0,0,26.7083,355.599,0,0.00022598,0.004509,
12,7,18,0.334818,0,0.221825,0,0,0,0.736923,0.791698,1.59075,0,0,0,3.67601,0.278979,0,0,0,0.000966762,0,0,0.0429574,0,0,0.322903,0,0,0,0,0,0,0,0,0,0,0,26.7155,355.599,0,0.000226285,0.004509,
12,7,19,0.303423,0,0.221825,0,0,0,1.40685,0.809163,1.74082,0,0,0,4.48208,0.252819,0,0,0,0.0751001,0,0,0.04701,0,0,0.374929,0,0,0,0,0,0,0,0,0,0,0,26.7149,355.599,0,0.00022624,0.004509,
12,7,20,0.27626,0,0.221825,0,0,0,1.9763,0.816149,1.80085,0,0,0,5.09138,0.230187,0,0,0,0.155202,0,0,0.0486311,0,0,0.43402,0,0,0,0,0,0,0,0,0,0,0,26.7144,355.599,0,0.000226249,0.004509,
12,7,21,0.330132,0,0.221825,0,0,0,1.89255,0.823135,1.86088,0.382647,0,0,5.51117,0.275073,0,0,0,0.00143902,0,0,0.0502522,0,0,0.326764,0,0,0,0,0,0,0,0,0,0,0,26.6904,355.599,0,0.000224808,0.004509,
12,7,22,0.347151,0,0.221825,0,0,0,1.60783,0.816149,1.80085,0.382647,0,0,5.17645,0.289255,0,0,0,0.0125958,0,0,0.0486311,0,0,0.350482,0,0,0,0,0,0,0,0,0,0,0,27.4047,355.599,0,0.000224597,0.004509,
12,7,23,0.380988,0,0.221825,0,0,0,1.05514,0.788205,1.56074,0.382647,0,0,4.38954,0.317449,0,0,0,0.0167518,0,0,0.042147,0,0,0.376348,0,0,0,0,0,0,0,0,0,0,0,26.5897,355.599,0,0.000221236,0.004509,
12,7,24,0.445246,0,0.221825,0,0,0,0.636433,0.763754,1.35064,0.382647,0,0,3.80054,0.37099,0,0,0,0.0070529,0,0,0.0364733,0,0,0.414516,0,0,0,0,0,0,0,0,0,0,0,26.4348,355.599,0,0.00022,0.004509,
12,8,1,0.494906,0,0.221825,0,0,0,0.385211,0.735811,1.11052,0,0,0,2.94828,0.412369,0,0,0,0.00501688,0,0,0.0299892,0,0,0.447375,0,0,0,0,0,0,0,0,0,0,0,26.0251,355.599,0,0.000201407,0.004509,
12,8,2,0.522011,0,0.221825,0,0,0,0.318218,0.728825,1.0505,0,0,0,2.84137,0.434952,0,0,0,0.0350861,0,0,0.0283681,0,0,0.498406,0,0,0,0,0,0,0,0,0,0,0,26.0781,355.599,0,0.000201886,0.004509,
12,8,3,0.51056,0,0.221825,0,0,0,0.251224,0.725332,1.02048,0,0,0,2.72942,0.425412,0,0,0,0.0218669,0,0,0.0275576,0,0,0.474837,0,0,0,0,0,0,0,0,0,0,0,26.1786,355.599,0,0.000205787,0.004509,
12,8,4,0.48723,0,0.221825,0,0,0,0.28472,0.725332,1.02048,0,0,0,2.73959,0.405971,0,0,0,0,0,0,0.0275576,0,0,0.433529,0,0,0,0,0,0,0,0,0,0,0,26.325,355.599,0,0.000208733,0.004509,
12,8,5,0.50522,0,0.221825,0,0,0,0.351715,0.718346,0.960451,0,0,0,2.75756,0.420961,0,0,0,0.00577222,0,0,0.0259366,0,0,0.45267,0,0,0,0,0,0,0,0,0,0,0,26.2546,355.599,0,0.000208641,0.004509,
12,8,6,0.533283,0,0.221825,0,0,0,0.519197,0.732318,1.08051,0,0,0,3.08713,0.444344,0,0,0,0.0151343,0,0,0.0291787,0,0,0.488657,0,0,0,0,0,0,0,0,0,0,0,26.7295,355.599,0,0.000220639,0.004509,
12,8,7,0.489713,0,0.221825,0,0,0,0.703426,0.753275,1.26059,0,0,0,3.42883,0.40804,0,0,0,0.142617,0,0,0.0340418,0,0,0.584699,0,0,0,0,0,0,0,0,0,0,0,41.0695,355.599,0,0.000233785,0.004509,
12,8,8,0.31177,0,0.221825,0,0,0,0.686679,0.760261,1.32062,0,0,0,3.30116,0.259774,0,0,0,0.541513,0,0,0.0356628,0,0,0.83695,0,0,0,0,0,0,0,0,0,0,0,26.2822,355.599,0,0.000215379,0.004509,
12,8,9,0.3068,0,0.221825,0,0,0,0.56944,0.735811,1.11052,0,0,0,2.9444,0.255632,0,0,0,0.360836,0,0,0.0299892,0,0,0.646457,0,0,0,0,0,0,0,0,0,0,0,25.7121,355.599,0,0.000197069,0.004509,
12,8,10,0.236917,0,0.221825,0,0,0,0.4857,0.718346,0.960451,0,0,0,2.62324,0.197405,0,0,0,0.718019,0,0,0.0259366,0,0,0.941361,0,0,0,0,0,0,0,0,0,0,0,25.2775,355.599,0,0.000178202,0.004509,
12,8,11,0.176522,0,0.221825,0,0,0,0.452204,0.721839,0.990466,0,0,0,2.56286,0.147083,0,0,0,0.177833,0,0,0.0267471,0,0,0.351663,0,0,0,0,0,0,0,0,0,0,0,25.2637,355.599,0,0.00017576,0.004509,
12,8,12,0.0292359,0,0.221825,0,0,0,0.418708,0.721839,0.990466,0,0,0,2.38207,0.0243601,0,0,0,0.269213,0,0,0.0267471,0,0,0.32032,0,0,0,0,0,0,0,0,0,0,0,25.2727,355.599,0,0.000175143,0.004509,
12,8,13,0,0,0.221825,0,0,0,0.351715,0.718346,0.960451,0,0,0,2.25234,0,0,0,0,0.171511,0,0,0.0259366,0,0,0.197448,0,0,0,0,0,0,0,0,0,0,0,25.2836,355.599,0,0.000174751,0.004509,
12,8,14,0,0,0.221825,0,0,0,0.351715,0.721839,0.990466,0,0,0,2.28584,0,0,0,0,0.118671,0,0,0.0267471,0,0,0.145418,0,0,0,0,0,0,0,0,0,0,0,25.2734,355.599,0,0.000174529,0.004509,
12,8,15,0,0,0.221825,0,0,0,0.351715,0.728825,1.0505,0,0,0,2.35286,0,0,0,0,0.100086,0,0,0.0283681,0,0,0.128454,0,0,0,0,0,0,0,0,0,0,0,25.3054,355.599,0,0.000175752,0.004509,
12,8,16,0,0,0.221825,0,0,0,0.435454,0.735811,1.11052,0,0,0,2.50361,0,0,0,0,0.0895629,0,0,0.0299892,0,0,0.119552,0,0,0,0,0,0,0,0,0,0,0,25.3988,355.599,0,0.000177796,0.004509,
12,8,17,0,0,0.221825,0,0,0,0.519197,0.760261,1.32062,0,0,0,2.8219,0,0,0,0,0.0583632,0,0,0.0356628,0,0,0.094026,0,0,0,0,0,0,0,0,0,0,0,28.0229,355.599,0,0.000267517,0.004509,
12,8,18,0.0184936,0,0.221825,0,0,0,0.736923,0.791698,1.59075,0,0,0,3.35969,0.0154093,0,0,0,0.119462,0,0,0.0429574,0,0,0.177829,0,0,0,0,0,0,0,0,0,0,0,28.1714,355.599,0,0.000273338,0.004509,
12,8,19,0.0316504,0,0.221825,0,0,0,1.40685,0.809163,1.74082,0,0,0,4.21031,0.0263718,0,0,0,0.441424,0,0,0.04701,0,0,0.514806,0,0,0,0,0,0,0,0,0,0,0,28.1711,355.599,0,0.000273288,0.004509,
12,8,20,0.0192785,0,0.221825,0,0,0,1.9763,0.816149,1.80085,0,0,0,4.8344,0.0160633,0,0,0,0.120947,0,0,0.0486311,0,0,0.185641,0,0,0,0,0,0,0,0,0,0,0,29.2552,355.599,0,0.000273282,0.004509,
12,8,21,0.0150517,0,0.221825,0,0,0,1.89255,0.823135,1.86088,0.382647,0,0,5.19609,0.0125414,0,0,0,0.334103,0,0,0.0502522,0,0,0.396897,0,0,0,0,0,0,0,0,0,0,0,30.4685,355.599,0,0.000269667,0.004509,
12,8,22,0.0411524,0,0.221825,0,0,0,1.60783,0.816149,1.80085,0.382647,0,0,4.87045,0.0342892,0,0,0,0.251574,0,0,0.0486311,0,0,0.334494,0,0,0,0,0,0,0,0,0,0,0,32.2344,355.599,0,0.000267475,0.004509,
12,8,23,0.135417,0,0.221825,0,0,0,1.05514,0.788205,1.56074,0.382647,0,0,4.14397,0.112833,0,0,0,0.239795,0,0,0.042147,0,0,0.394775,0,0,0,0,0,0,0,0,0,0,0,27.2346,355.599,0,0.000235636,0.004509,
12,8,24,0.230045,0,0.221825,0,0,0,0.636433,0.763754,1.35064,0.382647,0,0,3.58534,0.191679,0,0,0,0.587389,0,0,0.0364733,0,0,0.815541,0,0,0,0,0,0,0,0,0,0,0,26.1173,355.599,0,0.000203989,0.004509,
12,9,1,0.311348,0,0.221825,0,0,0,0.385211,0.735811,1.11052,0,0,0,2.76472,0.259423,0,0,0,0.0173307,0,0,0.0299892,0,0,0.306743,0,0,0,0,0,0,0,0,0,0,0,25.7874,355.599,0,0.000195548,0.004509,
12,9,2,0.398388,0,0.221825,0,0,0,0.318218,0.728825,1.0505,0,0,0,2.71775,0.331948,0,0,0,0.000494518,0,0,0.0283681,0,0,0.360811,0,0,0,0,0,0,0,0,0,0,0,25.6837,355.599,0,0.000194229,0.004509,
12,9,3,0.44942,0,0.221825,0,0,0,0.251224,0.725332,1.02048,0,0,0,2.66828,0.374468,0,0,0,0,0,0,0.0275576,0,0,0.402026,0,0,0,0,0,0,0,0,0,0,0,28.5731,355.599,0,0.000195794,0.004509,
12,9,4,0.473411,0,0.221825,0,0,0,0.28472,0.725332,1.02048,0,0,0,2.72577,0.394459,0,0,0,0,0,0,0.0275576,0,0,0.422017,0,0,0,0,0,0,0,0,0,0,0,29.0805,355.599,0,0.000203763,0.004509,
12,9,5,0.500674,0,0.221825,0,0,0,0.351715,0.718346,0.960451,0,0,0,2.75301,0.417174,0,0,0,0.00655649,0,0,0.0259366,0,0,0.449667,0,0,0,0,0,0,0,0,0,0,0,32.4676,355.599,0,0.000215858,0.004509,
12,9,6,0.459552,0,0.221825,0,0,0,0.519197,0.732318,1.08051,0,0,0,3.0134,0.38291,0,0,0,0.0790891,0,0,0.0291787,0,0,0.491178,0,0,0,0,0,0,0,0,0,0,0,46.7145,355.599,0,0.000234444,0.004509,
12,9,7,0.417134,0,0.221825,0,0,0,0.703426,0.753275,1.26059,0,0,0,3.35626,0.347566,0,0,0,0.139069,0,0,0.0340418,0,0,0.520677,0,0,0,0,0,0,0,0,0,0,0,69.9242,355.599,0,0.000244596,0.004509,
12,9,8,0.281557,0,0.221825,0,0,0,0.686679,0.760261,1.32062,0,0,0,3.27094,0.2346,0,0,0,0.338211,0,0,0.0356628,0,0,0.608474,0,0,0,0,0,0,0,0,0,0,0,33.6749,355.599,0,0.000243457,0.004509,
12,9,9,0.0965,0,0.221825,0,0,0,0.56944,0.735811,1.11052,0,0,0,2.7341,0.0804061,0,0,0,1.03606,0,0,0.0299892,0,0,1.14646,0,0,0,0,0,0,0,0,0,0,0,25.8116,355.599,0,0.000206201,0.004509,
12,9,10,0.002528,0,0.221825,0,0,0,0.4857,0.718346,0.960451,0,0,0,2.38885,0.00210639,0,0,0,0.231478,0,0,0.0259366,0,0,0.259521,0,0,0,0,0,0,0,0,0,0,0,25.5379,355.599,0,0.000192423,0.004509,
12,9,11,0,0,0.221825,0,0,0,0.452204,0.721839,0.990466,0,0,0,2.38633,0,0,0,0,0.0745945,0,0,0.0267471,0,0,0.101342,0,0,0,0,0,0,0,0,0,0,0,24.8039,355.599,0,0.000163039,0.004509,
12,9,12,0,0,0.221825,0,0,0,0.418708,0.721839,0.990466,0,0,0,2.35284,0,0,0,0,0.344768,0,0,0.0267471,0,0,0.371515,0,0,0,0,0,0,0,0,0,0,0,24.8034,355.599,0,0.000162548,0.004509,
12,9,13,0,0,0.221825,0,0,0,0.351715,0.718346,0.960451,0,0,0,2.25234,0,0,0,0,0.164402,0,0,0.0259366,0,0,0.190339,0,0,0,0,0,0,0,0,0,0,0,25.0975,355.599,0,0.000174509,0.004509,
12,9,14,0,0,0.221825,0,0,0,0.351715,0.721839,0.990466,0,0,0,2.28584,0,0,0,0,0.102923,0,0,0.0267471,0,0,0.12967,0,0,0,0,0,0,0,0,0,0,0,25.4704,355.599,0,0.000192699,0.004509,
12,9,15,0,0,0.221825,0,0,0,0.351715,0.728825,1.0505,0,0,0,2.35286,0,0,0,0,0.122351,0,0,0.0283681,0,0,0.150719,0,0,0,0,0,0,0,0,0,0,0,25.8187,355.599,0,0.000202597,0.004509,
12,9,16,0,0,0.221825,0,0,0,0.435454,0.735811,1.11052,0,0,0,2.50361,0,0,0,0,0.105566,0,0,0.0299892,0,0,0.135555,0,0,0,0,0,0,0,0,0,0,0,26.215,355.599,0,0.000213369,0.004509,
12,9,17,0,0,0.221825,0,0,0,0.519197,0.760261,1.32062,0,0,0,2.8219,0,0,0,0,0.308092,0,0,0.0356628,0,0,0.343755,0,0,0,0,0,0,0,0,0,0,0,27.7349,355.599,0,0.000255772,0.004509,
12,9,18,0,0,0.221825,0,0,0,0.736923,0.791698,1.59075,0,0,0,3.3412,0,0,0,0,0.297452,0,0,0.0429574,0,0,0.340409,0,0,0,0,0,0,0,0,0,0,0,27.7382,355.599,0,0.000255876,0.004509,
12,9,19,0,0,0.221825,0,0,0,1.40685,0.809163,1.74082,0,0,0,4.17866,0,0,0,0,0.399095,0,0,0.04701,0,0,0.446105,0,0,0,0,0,0,0,0,0,0,0,28.4737,355.599,0,0.00025587,0.004509,
12,9,20,0.00474009,0,0.221825,0,0,0,1.9763,0.816149,1.80085,0,0,0,4.81986,0.00394957,0,0,0,0.0755197,0,0,0.0486311,0,0,0.1281,0,0,0,0,0,0,0,0,0,0,0,28.6933,355.599,0,0.000255874,0.004509,
12,9,21,0.0696419,0,0.221825,0,0,0,1.89255,0.823135,1.86088,0.382647,0,0,5.25068,0.0580272,0,0,0,0.370857,0,0,0.0502522,0,0,0.479136,0,0,0,0,0,0,0,0,0,0,0,29.123,355.599,0,0.00025446,0.004509,
12,9,22,0.131165,0,0.221825,0,0,0,1.60783,0.816149,1.80085,0.382647,0,0,4.96047,0.10929,0,0,0,0.274587,0,0,0.0486311,0,0,0.432508,0,0,0,0,0,0,0,0,0,0,0,31.028,355.599,0,0.000253912,0.004509,
12,9,23,0.247588,0,0.221825,0,0,0,1.05514,0.788205,1.56074,0.382647,0,0,4.25614,0.206296,0,0,0,0.0295805,0,0,0.042147,0,0,0.278023,0,0,0,0,0,0,0,0,0,0,0,29.3787,355.599,0,0.000251239,0.004509,
12,9,24,0.386363,0,0.221825,0,0,0,0.636433,0.763754,1.35064,0.382647,0,0,3.74166,0.321928,0,0,0,0.0544907,0,0,0.0364733,0,0,0.412892,0,0,0,0,0,0,0,0,0,0,0,31.5828,355.599,0,0.000245782,0.004509,
12,10,1,0.511372,0,0.221825,0,0,0,0.385211,0.735811,1.11052,0,0,0,2.96474,0.426087,0,0,0,0.0604722,0,0,0.0299892,0,0,0.516548,0,0,0,0,0,0,0,0,0,0,0,27.0132,355.599,0,0.000234245,0.004509,
12,10,2,0.621987,0,0.221825,0,0,0,0.318218,0.728825,1.0505,0,0,0,2.94135,0.518255,0,0,0,0.000956087,0,0,0.0283681,0,0,0.547579,0,0,0,0,0,0,0,0,0,0,0,26.6419,355.599,0,0.000228138,0.004509,
12,10,3,0.698174,0,0.221825,0,0,0,0.251224,0.725332,1.02048,0,0,0,2.91704,0.581736,0,0,0,0.0242329,0,0,0.0275576,0,0,0.633526,0,0,0,0,0,0,0,0,0,0,0,26.5574,355.599,0,0.000220825,0.004509,
12,10,4,0.762626,0,0.221825,0,0,0,0.28472,0.725332,1.02048,0,0,0,3.01498,0.635439,0,0,0,0,0,0,0.0275576,0,0,0.662997,0,0,0,0,0,0,0,0,0,0,0,26.7017,355.599,0,0.00022432,0.004509,
12,10,5,0.824681,0,0.221825,0,0,0,0.351715,0.718346,0.960451,0,0,0,3.07702,0.687144,0,0,0,0,0,0,0.0259366,0,0,0.713081,0,0,0,0,0,0,0,0,0,0,0,27.0698,355.599,0,0.000234685,0.004509,
12,10,6,0.82891,0,0.221825,0,0,0,0.519197,0.732318,1.08051,0,0,0,3.38276,0.690667,0,0,0,0.0102005,0,0,0.0291787,0,0,0.730046,0,0,0,0,0,0,0,0,0,0,0,35.3573,355.599,0,0.000245606,0.004509,
12,10,7,0.779165,0,0.221825,0,0,0,0.703426,0.753275,1.26059,0,0,0,3.71829,0.649219,0,0,0,0.0746972,0,0,0.0340418,0,0,0.757958,0,0,0,0,0,0,0,0,0,0,0,47.8212,355.599,0,0.000250285,0.004509,
12,10,8,0.554815,0,0.221825,0,0,0,0.686679,0.760261,1.32062,0,0,0,3.5442,0.462285,0,0,0,0.302332,0,0,0.0356628,0,0,0.80028,0,0,0,0,0,0,0,0,0,0,0,27.3759,355.599,0,0.00024871,0.004509,
12,10,9,0.343579,0,0.221825,0,0,0,0.56944,0.735811,1.11052,0,0,0,2.98118,0.286278,0,0,0,0.57204,0,0,0.0299892,0,0,0.888307,0,0,0,0,0,0,0,0,0,0,0,23.6189,355.599,0,0.000134121,0.004509,
12,10,10,0.161877,0,0.221825,0,0,0,0.4857,0.718346,0.960451,0,0,0,2.5482,0.13488,0,0,0,0.150868,0,0,0.0259366,0,0,0.311685,0,0,0,0,0,0,0,0,0,0,0,23.1493,355.599,0,9.68417e-005,0.004509,
12,10,11,0.0391237,0,0.221825,0,0,0,0.452204,0.721839,0.990466,0,0,0,2.42546,0.0325987,0,0,0,0.191172,0,0,0.0267471,0,0,0.250518,0,0,0,0,0,0,0,0,0,0,0,22.8902,355.599,0,8.7329e-005,0.004509,
12,10,12,0,0,0.221825,0,0,0,0.418708,0.721839,0.990466,0,0,0,2.35284,0,0,0,0,0.0339387,0,0,0.0267471,0,0,0.0606858,0,0,0,0,0,0,0,0,0,0,0,22.8803,355.599,0,8.42162e-005,0.004509,
12,10,13,0,0,0.221825,0,0,0,0.351715,0.718346,0.960451,0,0,0,2.25234,0,0,0,0,0.0185611,0,0,0.0259366,0,0,0.0444977,0,0,0,0,0,0,0,0,0,0,0,22.8807,355.599,0,8.41432e-005,0.004509,
12,10,14,0,0,0.221825,0,0,0,0.351715,0.721839,0.990466,0,0,0,2.28584,0,0,0,0,0.116464,0,0,0.0267471,0,0,0.143211,0,0,0,0,0,0,0,0,0,0,0,23.0599,355.599,0,8.57352e-005,0.004509,
12,10,15,0,0,0.221825,0,0,0,0.351715,0.728825,1.0505,0,0,0,2.35286,0,0,0,0,0.234979,0,0,0.0283681,0,0,0.263347,0,0,0,0,0,0,0,0,0,0,0,23.2494,355.599,0,9.01687e-005,0.004509,
12,10,16,0,0,0.221825,0,0,0,0.435454,0.735811,1.11052,0,0,0,2.50361,0,0,0,0,0.0809908,0,0,0.0299892,0,0,0.11098,0,0,0,0,0,0,0,0,0,0,0,23.8254,355.599,0,0.000114392,0.004509,
12,10,17,0,0,0.221825,0,0,0,0.519197,0.760261,1.32062,0,0,0,2.8219,0,0,0,0,0.170684,0,0,0.0356628,0,0,0.206347,0,0,0,0,0,0,0,0,0,0,0,27.6946,355.599,0,0.000253397,0.004509,
12,10,18,0,0,0.221825,0,0,0,0.736923,0.791698,1.59075,0,0,0,3.3412,0,0,0,0,0.139572,0,0,0.0429574,0,0,0.182529,0,0,0,0,0,0,0,0,0,0,0,27.7068,355.599,0,0.000254123,0.004509,
12,10,19,0,0,0.221825,0,0,0,1.40685,0.809163,1.74082,0,0,0,4.17866,0,0,0,0,0.116128,0,0,0.04701,0,0,0.163138,0,0,0,0,0,0,0,0,0,0,0,27.7083,355.599,0,0.000254187,0.004509,
12,10,20,0,0,0.221825,0,0,0,1.9763,0.816149,1.80085,0,0,0,4.81512,0,0,0,0,0.0827836,0,0,0.0486311,0,0,0.131415,0,0,0,0,0,0,0,0,0,0,0,27.7111,355.599,0,0.000254215,0.004509,
12,10,21,0.0206541,0,0.221825,0,0,0,1.89255,0.823135,1.86088,0.382647,0,0,5.20169,0.0172095,0,0,0,0.135796,0,0,0.0502522,0,0,0.203258,0,0,0,0,0,0,0,0,0,0,0,29.0036,355.599,0,0.000252864,0.004509,
12,10,22,0.108688,0,0.221825,0,0,0,1.60783,0.816149,1.80085,0.382647,0,0,4.93799,0.0905611,0,0,0,0.209092,0,0,0.0486311,0,0,0.348284,0,0,0,0,0,0,0,0,0,0,0,30.1761,355.599,0,0.000252561,0.004509,
12,10,23,0.174406,0,0.221825,0,0,0,1.05514,0.788205,1.56074,0.382647,0,0,4.18296,0.145319,0,0,0,0.0902475,0,0,0.042147,0,0,0.277714,0,0,0,0,0,0,0,0,0,0,0,27.5761,355.599,0,0.000250536,0.004509,
12,10,24,0.364871,0,0.221825,0,0,0,0.636433,0.763754,1.35064,0.382647,0,0,3.72017,0.304019,0,0,0,0.123046,0,0,0.0364733,0,0,0.463538,0,0,0,0,0,0,0,0,0,0,0,27.4426,355.599,0,0.000245846,0.004509,
12,11,1,0.501978,0,0.221825,0,0,0,0.385211,0.735811,1.11052,0,0,0,2.95535,0.418262,0,0,0,0,0,0,0.0299892,0,0,0.448251,0,0,0,0,0,0,0,0,0,0,0,27.291,355.599,0,0.000246261,0.004509,
12,11,2,0.570182,0,0.221825,0,0,0,0.318218,0.728825,1.0505,0,0,0,2.88954,0.47509,0,0,0,0,0,0,0.0283681,0,0,0.503458,0,0,0,0,0,0,0,0,0,0,0,27.3032,355.599,0,0.000245795,0.004509,
12,11,3,0.609613,0,0.221825,0,0,0,0.251224,0.725332,1.02048,0,0,0,2.82847,0.507945,0,0,0,0.00184115,0,0,0.0275576,0,0,0.537344,0,0,0,0,0,0,0,0,0,0,0,27.0389,355.599,0,0.000234611,0.004509,
12,11,4,0.67347,0,0.221825,0,0,0,0.28472,0.725332,1.02048,0,0,0,2.92583,0.561151,0,0,0,0,0,0,0.0275576,0,0,0.588709,0,0,0,0,0,0,0,0,0,0,0,27.0694,355.599,0,0.000235355,0.004509,
12,11,5,0.769267,0,0.221825,0,0,0,0.351715,0.718346,0.960451,0,0,0,3.0216,0.640972,0,0,0,0,0,0,0.0259366,0,0,0.666909,0,0,0,0,0,0,0,0,0,0,0,27.1561,355.599,0,0.000240027,0.004509,
12,11,6,0.771574,0,0.221825,0,0,0,0.519197,0.732318,1.08051,0,0,0,3.32542,0.642895,0,0,0,0.013354,0,0,0.0291787,0,0,0.685428,0,0,0,0,0,0,0,0,0,0,0,27.2929,355.599,0,0.000244417,0.004509,
12,11,7,0.725167,0,0.221825,0,0,0,0.703426,0.753275,1.26059,0,0,0,3.66429,0.604228,0,0,0,0.322119,0,0,0.0340418,0,0,0.960389,0,0,0,0,0,0,0,0,0,0,0,27.4474,355.599,0,0.000249537,0.004509,
12,11,8,0.495718,0,0.221825,0,0,0,0.686679,0.760261,1.32062,0,0,0,3.48511,0.413044,0,0,0,0.54709,0,0,0.0356628,0,0,0.995797,0,0,0,0,0,0,0,0,0,0,0,26.7603,355.599,0,0.000235785,0.004509,
12,11,9,0.288507,0,0.221825,0,0,0,0.56944,0.735811,1.11052,0,0,0,2.92611,0.240391,0,0,0,0.144602,0,0,0.0299892,0,0,0.414982,0,0,0,0,0,0,0,0,0,0,0,23.0665,355.599,0,0.000126972,0.004509,
12,11,10,0.10236,0,0.221825,0,0,0,0.4857,0.718346,0.960451,0,0,0,2.48868,0.085289,0,0,0,0.314003,0,0,0.0259366,0,0,0.425229,0,0,0,0,0,0,0,0,0,0,0,22.0462,355.599,0,8.7903e-005,0.004509,
12,11,11,0.00419449,0,0.221825,0,0,0,0.452204,0.721839,0.990466,0,0,0,2.39053,0.00349494,0,0,0,0.0416253,0,0,0.0267471,0,0,0.0718673,0,0,0,0,0,0,0,0,0,0,0,21.8249,355.599,0,6.43122e-005,0.004509,
12,11,12,0,0,0.221825,0,0,0,0.418708,0.721839,0.990466,0,0,0,2.35284,0,0,0,0,0.00255869,0,0,0.0267471,0,0,0.0293058,0,0,0,0,0,0,0,0,0,0,0,21.8118,355.599,0,6.14388e-005,0.004509,
12,11,13,0,0,0.221825,0,0,0,0.351715,0.718346,0.960451,0,0,0,2.25234,0,0,0,0,0.0905283,0,0,0.0259366,0,0,0.116465,0,0,0,0,0,0,0,0,0,0,0,21.8167,355.599,0,6.14273e-005,0.004509,
12,11,14,0,0,0.221825,0,0,0,0.351715,0.721839,0.990466,0,0,0,2.28584,0,0,0,0,0.0396528,0,0,0.0267471,0,0,0.0663999,0,0,0,0,0,0,0,0,0,0,0,21.8047,355.599,0,6.15707e-005,0.004509,
12,11,15,0,0,0.221825,0,0,0,0.351715,0.728825,1.0505,0,0,0,2.35286,0,0,0,0,0.365555,0,0,0.0283681,0,0,0.393923,0,0,0,0,0,0,0,0,0,0,0,21.8639,355.599,0,6.25877e-005,0.004509,
12,11,16,0,0,0.221825,0,0,0,0.435454,0.735811,1.11052,0,0,0,2.50361,0,0,0,0,0.228742,0,0,0.0299892,0,0,0.258731,0,0,0,0,0,0,0,0,0,0,0,22.7097,355.599,0,8.18481e-005,0.004509,
12,11,17,0,0,0.221825,0,0,0,0.519197,0.760261,1.32062,0,0,0,2.8219,0,0,0,0,0.0645759,0,0,0.0356628,0,0,0.100239,0,0,0,0,0,0,0,0,0,0,0,27.7217,355.599,0,0.000259481,0.004509,
12,11,18,0,0,0.221825,0,0,0,0.736923,0.791698,1.59075,0,0,0,3.3412,0,0,0,0,0.0632968,0,0,0.0429574,0,0,0.106254,0,0,0,0,0,0,0,0,0,0,0,27.7418,355.599,0,0.000260221,0.004509,
12,11,19,0,0,0.221825,0,0,0,1.40685,0.809163,1.74082,0,0,0,4.17866,0,0,0,0,0.315644,0,0,0.04701,0,0,0.362654,0,0,0,0,0,0,0,0,0,0,0,27.7448,355.599,0,0.000260394,0.004509,
12,11,20,0,0,0.221825,0,0,0,1.9763,0.816149,1.80085,0,0,0,4.81512,0,0,0,0,0.168204,0,0,0.0486311,0,0,0.216835,0,0,0,0,0,0,0,0,0,0,0,27.7483,355.599,0,0.000260457,0.004509,
12,11,21,0,0,0.221825,0,0,0,1.89255,0.823135,1.86088,0.382647,0,0,5.18104,0,0,0,0,0.0643636,0,0,0.0502522,0,0,0.114616,0,0,0,0,0,0,0,0,0,0,0,27.727,355.599,0,0.000259063,0.004509,
12,11,22,0.025666,0,0.221825,0,0,0,1.60783,0.816149,1.80085,0.382647,0,0,4.85497,0.0213855,0,0,0,0.0407272,0,0,0.0486311,0,0,0.110744,0,0,0,0,0,0,0,0,0,0,0,27.6959,355.599,0,0.000258074,0.004509,
12,11,23,0.127836,0,0.221825,0,0,0,1.05514,0.788205,1.56074,0.382647,0,0,4.13639,0.106516,0,0,0,0.209863,0,0,0.042147,0,0,0.358526,0,0,0,0,0,0,0,0,0,0,0,27.5561,355.599,0,0.000254707,0.004509,
12,11,24,0.218945,0,0.221825,0,0,0,0.636433,0.763754,1.35064,0.382647,0,0,3.57424,0.18243,0,0,0,0.0612928,0,0,0.0364733,0,0,0.280196,0,0,0,0,0,0,0,0,0,0,0,27.2777,355.599,0,0.000244958,0.004509,
12,12,1,0.377198,0,0.221825,0,0,0,0.385211,0.735811,1.11052,0,0,0,2.83057,0.31429,0,0,0,0.00729644,0,0,0.0299892,0,0,0.351576,0,0,0,0,0,0,0,0,0,0,0,27.8912,355.599,0,0.000261041,0.004509,
12,12,2,0.502523,0,0.221825,0,0,0,0.318218,0.728825,1.0505,0,0,0,2.82189,0.418714,0,0,0,0,0,0,0.0283681,0,0,0.447082,0,0,0,0,0,0,0,0,0,0,0,27.163,355.599,0,0.000241277,0.004509,
12,12,3,0.607825,0,0.221825,0,0,0,0.251224,0.725332,1.02048,0,0,0,2.82669,0.506456,0,0,0,0,0,0,0.0275576,0,0,0.534014,0,0,0,0,0,0,0,0,0,0,0,26.9674,355.599,0,0.000240469,0.004509,
12,12,4,0.67624,0,0.221825,0,0,0,0.28472,0.725332,1.02048,0,0,0,2.9286,0.56346,0,0,0,0,0,0,0.0275576,0,0,0.591018,0,0,0,0,0,0,0,0,0,0,0,27.0409,355.599,0,0.000240851,0.004509,
12,12,5,0.743576,0,0.221825,0,0,0,0.351715,0.718346,0.960451,0,0,0,2.99591,0.619564,0,0,0,0,0,0,0.0259366,0,0,0.645501,0,0,0,0,0,0,0,0,0,0,0,27.5477,355.599,0,0.000253797,0.004509,
12,12,6,0.757907,0,0.221825,0,0,0,0.519197,0.732318,1.08051,0,0,0,3.31176,0.631508,0,0,0,0,0,0,0.0291787,0,0,0.660687,0,0,0,0,0,0,0,0,0,0,0,28.0021,355.599,0,0.000263906,0.004509,
12,12,7,0.734906,0,0.221825,0,0,0,0.703426,0.753275,1.26059,0,0,0,3.67403,0.612343,0,0,0,0.0175978,0,0,0.0340418,0,0,0.663983,0,0,0,0,0,0,0,0,0,0,0,30.0037,355.599,0,0.000264621,0.004509,
12,12,8,0.532154,0,0.221825,0,0,0,0.686679,0.760261,1.32062,0,0,0,3.52154,0.443403,0,0,0,0.243239,0,0,0.0356628,0,0,0.722305,0,0,0,0,0,0,0,0,0,0,0,27.0182,355.599,0,0.000244424,0.004509,
12,12,9,0.300988,0,0.221825,0,0,0,0.56944,0.735811,1.11052,0,0,0,2.93859,0.250791,0,0,0,0.608523,0,0,0.0299892,0,0,0.889303,0,0,0,0,0,0,0,0,0,0,0,23.9886,355.599,0,0.00015789,0.004509,
12,12,10,0.107132,0,0.221825,0,0,0,0.4857,0.718346,0.960451,0,0,0,2.49346,0.0892655,0,0,0,0.503021,0,0,0.0259366,0,0,0.618223,0,0,0,0,0,0,0,0,0,0,0,23.523,355.599,0,0.00013908,0.004509,
12,12,11,0.00467852,0,0.221825,0,0,0,0.452204,0.721839,0.990466,0,0,0,2.39101,0.00389826,0,0,0,0.313536,0,0,0.0267471,0,0,0.344181,0,0,0,0,0,0,0,0,0,0,0,23.5251,355.599,0,0.000135269,0.004509,
12,12,12,0,0,0.221825,0,0,0,0.418708,0.721839,0.990466,0,0,0,2.35284,0,0,0,0,0.187954,0,0,0.0267471,0,0,0.214701,0,0,0,0,0,0,0,0,0,0,0,23.5191,355.599,0,0.00013583,0.004509,
12,12,13,0,0,0.221825,0,0,0,0.351715,0.718346,0.960451,0,0,0,2.25234,0,0,0,0,0.10038,0,0,0.0259366,0,0,0.126317,0,0,0,0,0,0,0,0,0,0,0,23.5205,355.599,0,0.000136354,0.004509,
12,12,14,0,0,0.221825,0,0,0,0.351715,0.721839,0.990466,0,0,0,2.28584,0,0,0,0,0.167661,0,0,0.0267471,0,0,0.194408,0,0,0,0,0,0,0,0,0,0,0,23.5505,355.599,0,0.000137364,0.004509,
12,12,15,0,0,0.221825,0,0,0,0.351715,0.728825,1.0505,0,0,0,2.35286,0,0,0,0,0.111314,0,0,0.0283681,0,0,0.139682,0,0,0,0,0,0,0,0,0,0,0,23.7544,355.599,0,0.000140387,0.004509,
12,12,16,0,0,0.221825,0,0,0,0.435454,0.735811,1.11052,0,0,0,2.50361,0,0,0,0,0.0966506,0,0,0.0299892,0,0,0.12664,0,0,0,0,0,0,0,0,0,0,0,24.2743,355.599,0,0.00015124,0.004509,
12,12,17,0,0,0.221825,0,0,0,0.519197,0.760261,1.32062,0,0,0,2.8219,0,0,0,0,0.0854317,0,0,0.0356628,0,0,0.121095,0,0,0,0,0,0,0,0,0,0,0,28.2923,355.599,0,0.000280524,0.004509,
12,12,18,0,0,0.221825,0,0,0,0.736923,0.791698,1.59075,0,0,0,3.3412,0,0,0,0,0.243816,0,0,0.0429574,0,0,0.286773,0,0,0,0,0,0,0,0,0,0,0,28.5071,355.599,0,0.000285406,0.004509,
12,12,19,0,0,0.221825,0,0,0,1.40685,0.809163,1.74082,0,0,0,4.17866,0,0,0,0,0.121287,0,0,0.04701,0,0,0.168297,0,0,0,0,0,0,0,0,0,0,0,28.5087,355.599,0,0.000285394,0.004509,
12,12,20,0,0,0.221825,0,0,0,1.9763,0.816149,1.80085,0,0,0,4.81512,0,0,0,0,0.0873207,0,0,0.0486311,0,0,0.135952,0,0,0,0,0,0,0,0,0,0,0,28.5081,355.599,0,0.000285392,0.004509,
12,12,21,0,0,0.221825,0,0,0,1.89255,0.823135,1.86088,0.382647,0,0,5.18104,0,0,0,0,0.151658,0,0,0.0502522,0,0,0.20191,0,0,0,0,0,0,0,0,0,0,0,30.8042,355.599,0,0.000285421,0.004509,
12,12,22,0.0278779,0,0.221825,0,0,0,1.60783,0.816149,1.80085,0.382647,0,0,4.85718,0.0232285,0,0,0,0.236948,0,0,0.0486311,0,0,0.308808,0,0,0,0,0,0,0,0,0,0,0,30.7669,355.599,0,0.000283963,0.004509,
12,12,23,0.101337,0,0.221825,0,0,0,1.05514,0.788205,1.56074,0.382647,0,0,4.10989,0.0844367,0,0,0,0.03321,0,0,0.042147,0,0,0.159794,0,0,0,0,0,0,0,0,0,0,0,29.173,355.599,0,0.00028256,0.004509,
12,12,24,0.155197,0,0.221825,0,0,0,0.636433,0.763754,1.35064,0.382647,0,0,3.51049,0.129314,0,0,0,0.0221849,0,0,0.0364733,0,0,0.187972,0,0,0,0,0,0,0,0,0,0,0,28.3865,355.599,0,0.000281667,0.004509,
12,13,1,0.308872,0,0.221825,0,0,0,0.385211,0.735811,1.11052,0,0,0,2.76224,0.257359,0,0,0,0.00294583,0,0,0.0299892,0,0,0.290294,0,0,0,0,0,0,0,0,0,0,0,30.6413,355.599,0,0.000278148,0.004509,
12,13,2,0.423171,0,0.221825,0,0,0,0.318218,0.728825,1.0505,0,0,0,2.74253,0.352597,0,0,0,0.00218378,0,0,0.0283681,0,0,0.383149,0,0,0,0,0,0,0,0,0,0,0,28.3609,355.599,0,0.00027743,0.004509,
12,13,3,0.511923,0,0.221825,0,0,0,0.251224,0.725332,1.02048,0,0,0,2.73078,0.426546,0,0,0,0.01713,0,0,0.0275576,0,0,0.471234,0,0,0,0,0,0,0,0,0,0,0,28.3599,355.599,0,0.000276782,0.004509,
12,13,4,0.566709,0,0.221825,0,0,0,0.28472,0.725332,1.02048,0,0,0,2.81907,0.472197,0,0,0,0.00185583,0,0,0.0275576,0,0,0.50161,0,0,0,0,0,0,0,0,0,0,0,28.3705,355.599,0,0.000277015,0.004509,
12,13,5,0.646574,0,0.221825,0,0,0,0.351715,0.718346,0.960451,0,0,0,2.89891,0.538741,0,0,0,0.00218378,0,0,0.0259366,0,0,0.566861,0,0,0,0,0,0,0,0,0,0,0,28.3877,355.599,0,0.000278077,0.004509,
12,13,6,0.695885,0,0.221825,0,0,0,0.519197,0.732318,1.08051,0,0,0,3.24973,0.57983,0,0,0,0.0359506,0,0,0.0291787,0,0,0.644959,0,0,0,0,0,0,0,0,0,0,0,29.3956,355.599,0,0.000280299,0.004509,
12,13,7,0.695191,0,0.221825,0,0,0,0.703426,0.753275,1.26059,0,0,0,3.63431,0.579251,0,0,0,0.0428013,0,0,0.0340418,0,0,0.656094,0,0,0,0,0,0,0,0,0,0,0,34.3614,355.599,0,0.000280921,0.004509,
12,13,8,0.510911,0,0.221825,0,0,0,0.686679,0.760261,1.32062,0,0,0,3.5003,0.425705,0,0,0,0.198954,0,0,0.0356628,0,0,0.660322,0,0,0,0,0,0,0,0,0,0,0,28.4427,355.599,0,0.000279872,0.004509,
12,13,9,0.299572,0,0.221825,0,0,0,0.56944,0.735811,1.11052,0,0,0,2.93717,0.249612,0,0,0,0.313951,0,0,0.0299892,0,0,0.593552,0,0,0,0,0,0,0,0,0,0,0,24.7411,355.599,0,0.000187748,0.004509,
12,13,10,0.138181,0,0.221825,0,0,0,0.4857,0.718346,0.960451,0,0,0,2.5245,0.115136,0,0,0,0.333,0,0,0.0259366,0,0,0.474073,0,0,0,0,0,0,0,0,0,0,0,24.4761,355.599,0,0.00017543,0.004509,
12,13,11,0.022345,0,0.221825,0,0,0,0.452204,0.721839,0.990466,0,0,0,2.40868,0.0186184,0,0,0,0.279493,0,0,0.0267471,0,0,0.324858,0,0,0,0,0,0,0,0,0,0,0,24.3353,355.599,0,0.000167412,0.004509,
12,13,12,0,0,0.221825,0,0,0,0.418708,0.721839,0.990466,0,0,0,2.35284,0,0,0,0,0.142201,0,0,0.0267471,0,0,0.168948,0,0,0,0,0,0,0,0,0,0,0,24.3336,355.599,0,0.000163473,0.004509,
12,13,13,0,0,0.221825,0,0,0,0.351715,0.718346,0.960451,0,0,0,2.25234,0,0,0,0,0.0871716,0,0,0.0259366,0,0,0.113108,0,0,0,0,0,0,0,0,0,0,0,24.3333,355.599,0,0.000164042,0.004509,
12,13,14,0,0,0.221825,0,0,0,0.351715,0.721839,0.990466,0,0,0,2.28584,0,0,0,0,0.086828,0,0,0.0267471,0,0,0.113575,0,0,0,0,0,0,0,0,0,0,0,24.3372,355.599,0,0.000165388,0.004509,
12,13,15,0,0,0.221825,0,0,0,0.351715,0.728825,1.0505,0,0,0,2.35286,0,0,0,0,0.0983833,0,0,0.0283681,0,0,0.126751,0,0,0,0,0,0,0,0,0,0,0,24.4301,355.599,0,0.000169147,0.004509,
12,13,16,0,0,0.221825,0,0,0,0.435454,0.735811,1.11052,0,0,0,2.50361,0,0,0,0,0.101494,0,0,0.0299892,0,0,0.131483,0,0,0,0,0,0,0,0,0,0,0,24.9161,355.599,0,0.000178413,0.004509,
12,13,17,0,0,0.221825,0,0,0,0.519197,0.760261,1.32062,0,0,0,2.8219,0,0,0,0,0.46613,0,0,0.0356628,0,0,0.501793,0,0,0,0,0,0,0,0,0,0,0,28.6312,355.599,0,0.000287502,0.004509,
12,13,18,0,0,0.221825,0,0,0,0.736923,0.791698,1.59075,0,0,0,3.3412,0,0,0,0,0.465973,0,0,0.0429574,0,0,0.50893,0,0,0,0,0,0,0,0,0,0,0,28.6845,355.599,0,0.000287767,0.004509,
12,13,19,0,0,0.221825,0,0,0,1.40685,0.809163,1.74082,0,0,0,4.17866,0,0,0,0,0.080863,0,0,0.04701,0,0,0.127873,0,0,0,0,0,0,0,0,0,0,0,28.6853,355.599,0,0.000287806,0.004509,
12,13,20,0,0,0.221825,0,0,0,1.9763,0.816149,1.80085,0,0,0,4.81512,0,0,0,0,0.0358749,0,0,0.0486311,0,0,0.084506,0,0,0,0,0,0,0,0,0,0,0,31.4136,355.599,0,0.000287741,0.004509,
12,13,21,0.00548749,0,0.221825,0,0,0,1.89255,0.823135,1.86088,0.382647,0,0,5.18652,0.0045723,0,0,0,0.0506373,0,0,0.0502522,0,0,0.105462,0,0,0,0,0,0,0,0,0,0,0,33.5574,355.599,0,0.000287741,0.004509,
12,13,22,0.0912462,0,0.221825,0,0,0,1.60783,0.816149,1.80085,0.382647,0,0,4.92055,0.0760284,0,0,0,0.325503,0,0,0.0486311,0,0,0.450163,0,0,0,0,0,0,0,0,0,0,0,34.4591,355.599,0,0.000287527,0.004509,
12,13,23,0.174161,0,0.221825,0,0,0,1.05514,0.788205,1.56074,0.382647,0,0,4.18271,0.145115,0,0,0,0.01571,0,0,0.042147,0,0,0.202972,0,0,0,0,0,0,0,0,0,0,0,33.8898,355.599,0,0.000287016,0.004509,
12,13,24,0.335044,0,0.221825,0,0,0,0.636433,0.763754,1.35064,0.382647,0,0,3.69034,0.279168,0,0,0,0.133318,0,0,0.0364733,0,0,0.448959,0,0,0,0,0,0,0,0,0,0,0,34.782,355.599,0,0.000285119,0.004509,
12,14,1,0.501961,0,0.221825,0,0,0,0.385211,0.735811,1.11052,0,0,0,2.95533,0.418246,0,0,0,0.0680701,0,0,0.0299892,0,0,0.516305,0,0,0,0,0,0,0,0,0,0,0,33.6894,355.599,0,0.000258365,0.004509,
12,14,2,0.600402,0,0.221825,0,0,0,0.318218,0.728825,1.0505,0,0,0,2.91976,0.500269,0,0,0,0.00345148,0,0,0.0283681,0,0,0.532089,0,0,0,0,0,0,0,0,0,0,0,31.7344,355.599,0,0.000238734,0.004509,
12,14,3,0.683121,0,0.221825,0,0,0,0.251224,0.725332,1.02048,0,0,0,2.90198,0.569193,0,0,0,0.00340598,0,0,0.0275576,0,0,0.600157,0,0,0,0,0,0,0,0,0,0,0,32.0168,355.599,0,0.00022873,0.004509,
12,14,4,0.754701,0,0.221825,0,0,0,0.28472,0.725332,1.02048,0,0,0,3.00706,0.628836,0,0,0,0.0014055,0,0,0.0275576,0,0,0.657799,0,0,0,0,0,0,0,0,0,0,0,33.1427,355.599,0,0.000232251,0.004509,
12,14,5,0.812345,0,0.221825,0,0,0,0.351715,0.718346,0.960451,0,0,0,3.06468,0.676865,0,0,0,0.00120508,0,0,0.0259366,0,0,0.704007,0,0,0,0,0,0,0,0,0,0,0,40.2807,355.599,0,0.000245585,0.004509,
12,14,6,0.822705,0,0.221825,0,0,0,0.519197,0.732318,1.08051,0,0,0,3.37655,0.685499,0,0,0,0.00210318,0,0,0.0291787,0,0,0.716781,0,0,0,0,0,0,0,0,0,0,0,56.9046,355.599,0,0.000265645,0.004509,
12,14,7,0.798576,0,0.221825,0,0,0,0.703426,0.753275,1.26059,0,0,0,3.7377,0.665393,0,0,0,0.182954,0,0,0.0340418,0,0,0.882389,0,0,0,0,0,0,0,0,0,0,0,82.5756,355.599,0,0.000269308,0.004509,
12,14,8,0.587069,0,0.221825,0,0,0,0.686679,0.760261,1.32062,0,0,0,3.57646,0.489161,0,0,0,0.539395,0,0,0.0356628,0,0,1.06422,0,0,0,0,0,0,0,0,0,0,0,60.0104,355.599,0,0.000269158,0.004509,
12,14,9,0.349853,0,0.221825,0,0,0,0.56944,0.735811,1.11052,0,0,0,2.98745,0.291506,0,0,0,0.249471,0,0,0.0299892,0,0,0.570966,0,0,0,0,0,0,0,0,0,0,0,24.8413,355.599,0,0.000179972,0.004509,
12,14,10,0.170157,0,0.221825,0,0,0,0.4857,0.718346,0.960451,0,0,0,2.55648,0.141779,0,0,0,0.279083,0,0,0.0259366,0,0,0.446799,0,0,0,0,0,0,0,0,0,0,0,24.4698,355.599,0,0.000152764,0.004509,
12,14,11,0.0377002,0,0.221825,0,0,0,0.452204,0.721839,0.990466,0,0,0,2.42403,0.0314126,0,0,0,0.151968,0,0,0.0267471,0,0,0.210128,0,0,0,0,0,0,0,0,0,0,0,24.4435,355.599,0,0.000147083,0.004509,
12,14,12,0,0,0.221825,0,0,0,0.418708,0.721839,0.990466,0,0,0,2.35284,0,0,0,0,0.177634,0,0,0.0267471,0,0,0.204381,0,0,0,0,0,0,0,0,0,0,0,24.4351,355.599,0,0.000144719,0.004509,
12,14,13,0,0,0.221825,0,0,0,0.351715,0.718346,0.960451,0,0,0,2.25234,0,0,0,0,0.144253,0,0,0.0259366,0,0,0.17019,0,0,0,0,0,0,0,0,0,0,0,24.4378,355.599,0,0.000146796,0.004509,
12,14,14,0,0,0.221825,0,0,0,0.351715,0.721839,0.990466,0,0,0,2.28584,0,0,0,0,0.0561117,0,0,0.0267471,0,0,0.0828588,0,0,0,0,0,0,0,0,0,0,0,24.4491,355.599,0,0.000147127,0.004509,
12,14,15,0,0,0.221825,0,0,0,0.351715,0.728825,1.0505,0,0,0,2.35286,0,0,0,0,0.10654,0,0,0.0283681,0,0,0.134908,0,0,0,0,0,0,0,0,0,0,0,24.5673,355.599,0,0.000154827,0.004509,
12,14,16,0,0,0.221825,0,0,0,0.435454,0.735811,1.11052,0,0,0,2.50361,0,0,0,0,0.230151,0,0,0.0299892,0,0,0.26014,0,0,0,0,0,0,0,0,0,0,0,25.1685,355.599,0,0.000187347,0.004509,
12,14,17,0,0,0.221825,0,0,0,0.519197,0.760261,1.32062,0,0,0,2.8219,0,0,0,0,0.386761,0,0,0.0356628,0,0,0.422424,0,0,0,0,0,0,0,0,0,0,0,28.3547,355.599,0,0.000273674,0.004509,
12,14,18,0,0,0.221825,0,0,0,0.736923,0.791698,1.59075,0,0,0,3.3412,0,0,0,0,0.0461162,0,0,0.0429574,0,0,0.0890736,0,0,0,0,0,0,0,0,0,0,0,28.3572,355.599,0,0.00027385,0.004509,
12,14,19,0,0,0.221825,0,0,0,1.40685,0.809163,1.74082,0,0,0,4.17866,0,0,0,0,0.243545,0,0,0.04701,0,0,0.290555,0,0,0,0,0,0,0,0,0,0,0,28.3599,355.599,0,0.000273961,0.004509,
12,14,20,0,0,0.221825,0,0,0,1.9763,0.816149,1.80085,0,0,0,4.81512,0,0,0,0,0.242141,0,0,0.0486311,0,0,0.290772,0,0,0,0,0,0,0,0,0,0,0,33.4915,355.599,0,0.000274041,0.004509,
12,14,21,0,0,0.221825,0,0,0,1.89255,0.823135,1.86088,0.382647,0,0,5.18104,0,0,0,0,0.248736,0,0,0.0502522,0,0,0.298988,0,0,0,0,0,0,0,0,0,0,0,52.9334,355.599,0,0.000272533,0.004509,
12,14,22,0.0660994,0,0.221825,0,0,0,1.60783,0.816149,1.80085,0.382647,0,0,4.8954,0.0550757,0,0,0,0.204846,0,0,0.0486311,0,0,0.308553,0,0,0,0,0,0,0,0,0,0,0,62.5312,355.599,0,0.000272472,0.004509,
12,14,23,0.1777,0,0.221825,0,0,0,1.05514,0.788205,1.56074,0.382647,0,0,4.18625,0.148064,0,0,0,0.041985,0,0,0.042147,0,0,0.232196,0,0,0,0,0,0,0,0,0,0,0,56.6872,355.599,0,0.000269327,0.004509,
12,14,24,0.339039,0,0.221825,0,0,0,0.636433,0.763754,1.35064,0.382647,0,0,3.69433,0.282496,0,0,0,0.0101649,0,0,0.0364733,0,0,0.329134,0,0,0,0,0,0,0,0,0,0,0,43.2747,355.599,0,0.000268357,0.004509,
12,15,1,0.47308,0,0.221825,0,0,0,0.385211,0.735811,1.11052,0,0,0,2.92645,0.394181,0,0,0,0.0153398,0,0,0.0299892,0,0,0.43951,0,0,0,0,0,0,0,0,0,0,0,31.4214,355.599,0,0.000253308,0.004509,
12,15,2,0.592412,0,0.221825,0,0,0,0.318218,0.728825,1.0505,0,0,0,2.91178,0.493611,0,0,0,0.0356603,0,0,0.0283681,0,0,0.557639,0,0,0,0,0,0,0,0,0,0,0,27.3034,355.599,0,0.000242346,0.004509,
12,15,3,0.703775,0,0.221825,0,0,0,0.251224,0.725332,1.02048,0,0,0,2.92264,0.586402,0,0,0,0.0274367,0,0,0.0275576,0,0,0.641396,0,0,0,0,0,0,0,0,0,0,0,27.0343,355.599,0,0.000239274,0.004509,
12,15,4,0.770273,0,0.221825,0,0,0,0.28472,0.725332,1.02048,0,0,0,3.02263,0.641811,0,0,0,0,0,0,0.0275576,0,0,0.669369,0,0,0,0,0,0,0,0,0,0,0,27.0249,355.599,0,0.000239628,0.004509,
12,15,5,0.826536,0,0.221825,0,0,0,0.351715,0.718346,0.960451,0,0,0,3.07887,0.688689,0,0,0,0,0,0,0.0259366,0,0,0.714626,0,0,0,0,0,0,0,0,0,0,0,30.215,355.599,0,0.000242035,0.004509,
12,15,6,0.804358,0,0.221825,0,0,0,0.519197,0.732318,1.08051,0,0,0,3.35821,0.670211,0,0,0,0.0160614,0,0,0.0291787,0,0,0.715451,0,0,0,0,0,0,0,0,0,0,0,47.0788,355.599,0,0.000245951,0.004509,
12,15,7,0.798617,0,0.221825,0,0,0,0.703426,0.753275,1.26059,0,0,0,3.73774,0.665427,0,0,0,0.133686,0,0,0.0340418,0,0,0.833155,0,0,0,0,0,0,0,0,0,0,0,66.4051,355.599,0,0.000248909,0.004509,
12,15,8,0.607708,0,0.221825,0,0,0,0.686679,0.760261,1.32062,0,0,0,3.5971,0.506357,0,0,0,0.22951,0,0,0.0356628,0,0,0.77153,0,0,0,0,0,0,0,0,0,0,0,45.5546,355.599,0,0.000239994,0.004509,
12,15,9,0.371257,0,0.221825,0,0,0,0.56944,0.735811,1.11052,0,0,0,3.00886,0.309342,0,0,0,0.448456,0,0,0.0299892,0,0,0.787787,0,0,0,0,0,0,0,0,0,0,0,24.5506,355.599,0,0.000191822,0.004509,
12,15,10,0.201603,0,0.221825,0,0,0,0.4857,0.718346,0.960451,0,0,0,2.58793,0.16798,0,0,0,0.316169,0,0,0.0259366,0,0,0.510086,0,0,0,0,0,0,0,0,0,0,0,23.2848,355.599,0,0.000144716,0.004509,
12,15,11,0.060427,0,0.221825,0,0,0,0.452204,0.721839,0.990466,0,0,0,2.44676,0.0503492,0,0,0,0.0366975,0,0,0.0267471,0,0,0.113794,0,0,0,0,0,0,0,0,0,0,0,23.1553,355.599,0,0.000132618,0.004509,
12,15,12,0.00168391,0,0.221825,0,0,0,0.418708,0.721839,0.990466,0,0,0,2.35452,0.00140307,0,0,0,0.136849,0,0,0.0267471,0,0,0.164999,0,0,0,0,0,0,0,0,0,0,0,23.0459,355.599,0,0.00012962,0.004509,
12,15,13,0,0,0.221825,0,0,0,0.351715,0.718346,0.960451,0,0,0,2.25234,0,0,0,0,0.052527,0,0,0.0259366,0,0,0.0784636,0,0,0,0,0,0,0,0,0,0,0,23.0469,355.599,0,0.000129394,0.004509,
12,15,14,0,0,0.221825,0,0,0,0.351715,0.721839,0.990466,0,0,0,2.28584,0,0,0,0,0.0838829,0,0,0.0267471,0,0,0.11063,0,0,0,0,0,0,0,0,0,0,0,23.2409,355.599,0,0.000131697,0.004509,
12,15,15,0,0,0.221825,0,0,0,0.351715,0.728825,1.0505,0,0,0,2.35286,0,0,0,0,0.132961,0,0,0.0283681,0,0,0.161329,0,0,0,0,0,0,0,0,0,0,0,23.3758,355.599,0,0.000134296,0.004509,
12,15,16,0,0,0.221825,0,0,0,0.435454,0.735811,1.11052,0,0,0,2.50361,0,0,0,0,0.00528784,0,0,0.0299892,0,0,0.035277,0,0,0,0,0,0,0,0,0,0,0,23.7935,355.599,0,0.00015125,0.004509,
12,15,17,0,0,0.221825,0,0,0,0.519197,0.760261,1.32062,0,0,0,2.8219,0,0,0,0,0.109381,0,0,0.0356628,0,0,0.145044,0,0,0,0,0,0,0,0,0,0,0,28.5099,355.599,0,0.000253515,0.004509,
12,15,18,0,0,0.221825,0,0,0,0.736923,0.791698,1.59075,0,0,0,3.3412,0,0,0,0,0.0580921,0,0,0.0429574,0,0,0.10105,0,0,0,0,0,0,0,0,0,0,0,32.1513,355.599,0,0.000254059,0.004509,
12,15,19,0,0,0.221825,0,0,0,1.40685,0.809163,1.74082,0,0,0,4.17866,0,0,0,0,0.284714,0,0,0.04701,0,0,0.331724,0,0,0,0,0,0,0,0,0,0,0,32.1576,355.599,0,0.000254163,0.004509,
12,15,20,0.0548382,0,0.221825,0,0,0,1.9763,0.816149,1.80085,0,0,0,4.86996,0.0456926,0,0,0,0.0513908,0,0,0.0486311,0,0,0.145715,0,0,0,0,0,0,0,0,0,0,0,38.7749,355.599,0,0.000254282,0.004509,
12,15,21,0.114459,0,0.221825,0,0,0,1.89255,0.823135,1.86088,0.382647,0,0,5.29549,0.09537,0,0,0,0.211836,0,0,0.0502522,0,0,0.357458,0,0,0,0,0,0,0,0,0,0,0,42.091,355.599,0,0.000252869,0.004509,
12,15,22,0.233654,0,0.221825,0,0,0,1.60783,0.816149,1.80085,0.382647,0,0,5.06296,0.194686,0,0,0,0.105057,0,0,0.0486311,0,0,0.348374,0,0,0,0,0,0,0,0,0,0,0,55.8804,355.599,0,0.000252543,0.004509,
12,15,23,0.409382,0,0.221825,0,0,0,1.05514,0.788205,1.56074,0.382647,0,0,4.41793,0.341107,0,0,0,0.197829,0,0,0.042147,0,0,0.581083,0,0,0,0,0,0,0,0,0,0,0,56.8247,355.599,0,0.000250329,0.004509,
12,15,24,0.554311,0,0.221825,0,0,0,0.636433,0.763754,1.35064,0.382647,0,0,3.90961,0.461865,0,0,0,0.00302944,0,0,0.0364733,0,0,0.501368,0,0,0,0,0,0,0,0,0,0,0,53.9452,355.599,0,0.000249903,0.004509,
12,16,1,0.608573,0,0.221825,0,0,0,0.385211,0.735811,1.11052,0,0,0,3.06194,0.507078,0,0,0,0.000878961,0,0,0.0299892,0,0,0.537946,0,0,0,0,0,0,0,0,0,0,0,37.8632,355.599,0,0.000244847,0.004509,
12,16,2,0.67245,0,0.221825,0,0,0,0.318218,0.728825,1.0505,0,0,0,2.99181,0.560301,0,0,0,0.0407601,0,0,0.0283681,0,0,0.629429,0,0,0,0,0,0,0,0,0,0,0,34.6153,355.599,0,0.00023919,0.004509,
12,16,3,0.781952,0,0.221825,0,0,0,0.251224,0.725332,1.02048,0,0,0,3.00081,0.651542,0,0,0,0.02018,0,0,0.0275576,0,0,0.69928,0,0,0,0,0,0,0,0,0,0,0,30.963,355.599,0,0.000235784,0.004509,
12,16,4,0.805862,0,0.221825,0,0,0,0.28472,0.725332,1.02048,0,0,0,3.05822,0.671464,0,0,0,0.00043948,0,0,0.0275576,0,0,0.699461,0,0,0,0,0,0,0,0,0,0,0,31.6564,355.599,0,0.000237645,0.004509,
12,16,5,0.794968,0,0.221825,0,0,0,0.351715,0.718346,0.960451,0,0,0,3.0473,0.662387,0,0,0,0,0,0,0.0259366,0,0,0.688324,0,0,0,0,0,0,0,0,0,0,0,43.7216,355.599,0,0.000243877,0.004509,
12,16,6,0.777778,0,0.221825,0,0,0,0.519197,0.732318,1.08051,0,0,0,3.33163,0.648065,0,0,0,0.0132086,0,0,0.0291787,0,0,0.690452,0,0,0,0,0,0,0,0,0,0,0,61.3158,355.599,0,0.000245898,0.004509,
12,16,7,0.798889,0,0.221825,0,0,0,0.703426,0.753275,1.26059,0,0,0,3.73801,0.665654,0,0,0,0.610946,0,0,0.0340418,0,0,1.31064,0,0,0,0,0,0,0,0,0,0,0,91.2336,355.599,0,0.000247483,0.004509,
12,16,8,0.596676,0,0.221825,0,0,0,0.686679,0.760261,1.32062,0,0,0,3.58606,0.497166,0,0,0,0.517396,0,0,0.0356628,0,0,1.05022,0,0,0,0,0,0,0,0,0,0,0,59.7176,355.599,0,0.00023916,0.004509,
12,16,9,0.324552,0,0.221825,0,0,0,0.56944,0.735811,1.11052,0,0,0,2.96215,0.270424,0,0,0,0.191609,0,0,0.0299892,0,0,0.492022,0,0,0,0,0,0,0,0,0,0,0,23.0965,355.599,0,0.000146885,0.004509,
12,16,10,0.120673,0,0.221825,0,0,0,0.4857,0.718346,0.960451,0,0,0,2.507,0.100548,0,0,0,0.339803,0,0,0.0259366,0,0,0.466288,0,0,0,0,0,0,0,0,0,0,0,22.2767,355.599,0,9.15493e-005,0.004509,
12,16,11,0.0176884,0,0.221825,0,0,0,0.452204,0.721839,0.990466,0,0,0,2.40402,0.0147384,0,0,0,0.241953,0,0,0.0267471,0,0,0.283438,0,0,0,0,0,0,0,0,0,0,0,22.1432,355.599,0,7.55899e-005,0.004509,
12,16,12,0,0,0.221825,0,0,0,0.418708,0.721839,0.990466,0,0,0,2.35284,0,0,0,0,0.0507557,0,0,0.0267471,0,0,0.0775028,0,0,0,0,0,0,0,0,0,0,0,22.0137,355.599,0,6.82569e-005,0.004509,
12,16,13,0,0,0.221825,0,0,0,0.351715,0.718346,0.960451,0,0,0,2.25234,0,0,0,0,0.120407,0,0,0.0259366,0,0,0.146344,0,0,0,0,0,0,0,0,0,0,0,21.9167,355.599,0,6.29174e-005,0.004509,
12,16,14,0,0,0.221825,0,0,0,0.351715,0.721839,0.990466,0,0,0,2.28584,0,0,0,0,0.0464193,0,0,0.0267471,0,0,0.0731664,0,0,0,0,0,0,0,0,0,0,0,22.1075,355.599,0,7.0202e-005,0.004509,
12,16,15,0,0,0.221825,0,0,0,0.351715,0.728825,1.0505,0,0,0,2.35286,0,0,0,0,0.0760122,0,0,0.0283681,0,0,0.10438,0,0,0,0,0,0,0,0,0,0,0,22.1627,355.599,0,7.09182e-005,0.004509,
12,16,16,0,0,0.221825,0,0,0,0.435454,0.735811,1.11052,0,0,0,2.50361,0,0,0,0,0.0265172,0,0,0.0299892,0,0,0.0565064,0,0,0,0,0,0,0,0,0,0,0,22.605,355.599,0,8.54911e-005,0.004509,
12,16,17,0,0,0.221825,0,0,0,0.519197,0.760261,1.32062,0,0,0,2.8219,0,0,0,0,0.18032,0,0,0.0356628,0,0,0.215983,0,0,0,0,0,0,0,0,0,0,0,34.5833,355.599,0,0.000248137,0.004509,
12,16,18,0.00642667,0,0.221825,0,0,0,0.736923,0.791698,1.59075,0,0,0,3.34762,0.00535487,0,0,0,0.221832,0,0,0.0429574,0,0,0.270144,0,0,0,0,0,0,0,0,0,0,0,34.5885,355.599,0,0.000248996,0.004509,
12,16,19,0.0644288,0,0.221825,0,0,0,1.40685,0.809163,1.74082,0,0,0,4.24309,0.0536835,0,0,0,0.0957692,0,0,0.04701,0,0,0.196463,0,0,0,0,0,0,0,0,0,0,0,34.5894,355.599,0,0.000249118,0.004509,
12,16,20,0.130497,0,0.221825,0,0,0,1.9763,0.816149,1.80085,0,0,0,4.94562,0.108733,0,0,0,0.0303053,0,0,0.0486311,0,0,0.187669,0,0,0,0,0,0,0,0,0,0,0,34.5929,355.599,0,0.000249136,0.004509,
12,16,21,0.234653,0,0.221825,0,0,0,1.89255,0.823135,1.86088,0.382647,0,0,5.41569,0.195519,0,0,0,0.110898,0,0,0.0502522,0,0,0.356669,0,0,0,0,0,0,0,0,0,0,0,46.3778,355.599,0,0.000247954,0.004509,
12,16,22,0.309894,0,0.221825,0,0,0,1.60783,0.816149,1.80085,0.382647,0,0,5.1392,0.258212,0,0,0,0.263893,0,0,0.0486311,0,0,0.570736,0,0,0,0,0,0,0,0,0,0,0,58.3601,355.599,0,0.000247724,0.004509,
12,16,23,0.430624,0,0.221825,0,0,0,1.05514,0.788205,1.56074,0.382647,0,0,4.43918,0.358807,0,0,0,0.2388,0,0,0.042147,0,0,0.639754,0,0,0,0,0,0,0,0,0,0,0,60.4376,355.599,0,0.000245527,0.004509,
12,16,24,0.589622,0,0.221825,0,0,0,0.636433,0.763754,1.35064,0.382647,0,0,3.94492,0.491288,0,0,0,0.0873164,0,0,0.0364733,0,0,0.615078,0,0,0,0,0,0,0,0,0,0,0,50.7258,355.599,0,0.000245514,0.004509,
12,17,1,0.689012,0,0.221825,0,0,0,0.385211,0.735811,1.11052,0,0,0,3.14238,0.574103,0,0,0,0,0,0,0.0299892,0,0,0.604092,0,0,0,0,0,0,0,0,0,0,0,35.5229,355.599,0,0.000250236,0.004509,
12,17,2,0.732608,0,0.221825,0,0,0,0.318218,0.728825,1.0505,0,0,0,3.05197,0.610426,0,0,0,0.00035332,0,0,0.0283681,0,0,0.639147,0,0,0,0,0,0,0,0,0,0,0,26.9304,355.599,0,0.000239845,0.004509,
12,17,3,0.769936,0,0.221825,0,0,0,0.251224,0.725332,1.02048,0,0,0,2.9888,0.641529,0,0,0,0.0109458,0,0,0.0275576,0,0,0.680032,0,0,0,0,0,0,0,0,0,0,0,26.215,355.599,0,0.000223732,0.004509,
12,17,4,0.819179,0,0.221825,0,0,0,0.28472,0.725332,1.02048,0,0,0,3.07154,0.68256,0,0,0,0.0060243,0,0,0.0275576,0,0,0.716142,0,0,0,0,0,0,0,0,0,0,0,27.7847,355.599,0,0.000226874,0.004509,
12,17,5,0.92063,0,0.221825,0,0,0,0.351715,0.718346,0.960451,0,0,0,3.17297,0.767092,0,0,0,0,0,0,0.0259366,0,0,0.793029,0,0,0,0,0,0,0,0,0,0,0,31.9613,355.599,0,0.000235105,0.004509,
12,17,6,0.91808,0,0.221825,0,0,0,0.519197,0.732318,1.08051,0,0,0,3.47193,0.764967,0,0,0,0.115438,0,0,0.0291787,0,0,0.909584,0,0,0,0,0,0,0,0,0,0,0,48.4576,355.599,0,0.000242165,0.004509,
12,17,7,0.886313,0,0.221825,0,0,0,0.703426,0.753275,1.26059,0,0,0,3.82543,0.738497,0,0,0,0.0746179,0,0,0.0340418,0,0,0.847157,0,0,0,0,0,0,0,0,0,0,0,69.1857,355.599,0,0.000251731,0.004509,
12,17,8,0.664933,0,0.221825,0,0,0,0.686679,0.760261,1.32062,0,0,0,3.65432,0.554037,0,0,0,0.297974,0,0,0.0356628,0,0,0.887674,0,0,0,0,0,0,0,0,0,0,0,40.1935,355.599,0,0.000241961,0.004509,
12,17,9,0.389613,0,0.221825,0,0,0,0.56944,0.735811,1.11052,0,0,0,3.02721,0.324635,0,0,0,0.225478,0,0,0.0299892,0,0,0.580102,0,0,0,0,0,0,0,0,0,0,0,22.4983,355.599,0,0.000118477,0.004509,
12,17,10,0.204728,0,0.221825,0,0,0,0.4857,0.718346,0.960451,0,0,0,2.59105,0.170585,0,0,0,0.218517,0,0,0.0259366,0,0,0.415039,0,0,0,0,0,0,0,0,0,0,0,21.9824,355.599,0,6.36331e-005,0.004509,
12,17,11,0.0857702,0,0.221825,0,0,0,0.452204,0.721839,0.990466,0,0,0,2.4721,0.0714659,0,0,0,0.103046,0,0,0.0267471,0,0,0.201259,0,0,0,0,0,0,0,0,0,0,0,21.9725,355.599,0,6.09e-005,0.004509,
12,17,12,0.0109221,0,0.221825,0,0,0,0.418708,0.721839,0.990466,0,0,0,2.36376,0.00910057,0,0,0,0.000900499,0,0,0.0267471,0,0,0.0367482,0,0,0,0,0,0,0,0,0,0,0,21.9544,355.599,0,6.00174e-005,0.004509,
12,17,13,0,0,0.221825,0,0,0,0.351715,0.718346,0.960451,0,0,0,2.25234,0,0,0,0,0.00543848,0,0,0.0259366,0,0,0.0313751,0,0,0,0,0,0,0,0,0,0,0,21.0011,355.599,0,2.28488e-005,0.004509,
12,17,14,0,0,0.221825,0,0,0,0.351715,0.721839,0.990466,0,0,0,2.28584,0,0,0,0,0.0704231,0,0,0.0267471,0,0,0.0971702,0,0,0,0,0,0,0,0,0,0,0,21.9714,355.599,0,5.98839e-005,0.004509,
12,17,15,0,0,0.221825,0,0,0,0.351715,0.728825,1.0505,0,0,0,2.35286,0,0,0,0,0.0510787,0,0,0.0283681,0,0,0.0794468,0,0,0,0,0,0,0,0,0,0,0,22.3015,355.599,0,6.64759e-005,0.004509,
12,17,16,0,0,0.221825,0,0,0,0.435454,0.735811,1.11052,0,0,0,2.50361,0,0,0,0,0.0600508,0,0,0.0299892,0,0,0.09004,0,0,0,0,0,0,0,0,0,0,0,23.5019,355.599,0,0.000109908,0.004509,
12,17,17,0,0,0.221825,0,0,0,0.519197,0.760261,1.32062,0,0,0,2.8219,0,0,0,0,0.0356402,0,0,0.0356628,0,0,0.071303,0,0,0,0,0,0,0,0,0,0,0,28.0005,355.599,0,0.00026135,0.004509,
12,17,18,0,0,0.221825,0,0,0,0.736923,0.791698,1.59075,0,0,0,3.3412,0,0,0,0,0.018291,0,0,0.0429574,0,0,0.0612484,0,0,0,0,0,0,0,0,0,0,0,28.0074,355.599,0,0.000262072,0.004509,
12,17,19,0.00940574,0,0.221825,0,0,0,1.40685,0.809163,1.74082,0,0,0,4.18807,0.00783708,0,0,0,0.175607,0,0,0.04701,0,0,0.230454,0,0,0,0,0,0,0,0,0,0,0,28.0115,355.599,0,0.000262032,0.004509,
12,17,20,0.105859,0,0.221825,0,0,0,1.9763,0.816149,1.80085,0,0,0,4.92098,0.0882043,0,0,0,0.0455081,0,0,0.0486311,0,0,0.182344,0,0,0,0,0,0,0,0,0,0,0,28.0132,355.599,0,0.000262131,0.004509,
12,17,21,0.28064,0,0.221825,0,0,0,1.89255,0.823135,1.86088,0.382647,0,0,5.46167,0.233836,0,0,0,0.0470236,0,0,0.0502522,0,0,0.331112,0,0,0,0,0,0,0,0,0,0,0,33.2398,355.599,0,0.000260685,0.004509,
12,17,22,0.400006,0,0.221825,0,0,0,1.60783,0.816149,1.80085,0.382647,0,0,5.22931,0.333295,0,0,0,0.176593,0,0,0.0486311,0,0,0.558519,0,0,0,0,0,0,0,0,0,0,0,47.5366,355.599,0,0.000260552,0.004509,
12,17,23,0.459719,0,0.221825,0,0,0,1.05514,0.788205,1.56074,0.382647,0,0,4.46827,0.38305,0,0,0,0.00362708,0,0,0.042147,0,0,0.428824,0,0,0,0,0,0,0,0,0,0,0,45.1782,355.599,0,0.000257832,0.004509,
12,17,24,0.635519,0,0.221825,0,0,0,0.636433,0.763754,1.35064,0.382647,0,0,3.99081,0.529529,0,0,0,0.0209763,0,0,0.0364733,0,0,0.586979,0,0,0,0,0,0,0,0,0,0,0,38.8004,355.599,0,0.000256861,0.004509,
12,18,1,0.846773,0,0.221825,0,0,0,0.385211,0.735811,1.11052,0,0,0,3.30014,0.705553,0,0,0,0.00196777,0,0,0.0299892,0,0,0.73751,0,0,0,0,0,0,0,0,0,0,0,27.3089,355.599,0,0.000241097,0.004509,
12,18,2,0.940088,0,0.221825,0,0,0,0.318218,0.728825,1.0505,0,0,0,3.25945,0.783303,0,0,0,0.0421392,0,0,0.0283681,0,0,0.85381,0,0,0,0,0,0,0,0,0,0,0,26.8519,355.599,0,0.000233927,0.004509,
12,18,3,1.00636,0,0.221825,0,0,0,0.251224,0.725332,1.02048,0,0,0,3.22522,0.838526,0,0,0,0.0192386,0,0,0.0275576,0,0,0.885322,0,0,0,0,0,0,0,0,0,0,0,26.4722,355.599,0,0.000224599,0.004509,
12,18,4,1.03882,0,0.221825,0,0,0,0.28472,0.725332,1.02048,0,0,0,3.29118,0.865569,0,0,0,0,0,0,0.0275576,0,0,0.893127,0,0,0,0,0,0,0,0,0,0,0,26.1861,355.599,0,0.000217596,0.004509,
12,18,5,1.08621,0,0.221825,0,0,0,0.351715,0.718346,0.960451,0,0,0,3.33855,0.905059,0,0,0,0.00048093,0,0,0.0259366,0,0,0.931477,0,0,0,0,0,0,0,0,0,0,0,26.2586,355.599,0,0.000220826,0.004509,
12,18,6,1.08737,0,0.221825,0,0,0,0.519197,0.732318,1.08051,0,0,0,3.64122,0.906027,0,0,0,0,0,0,0.0291787,0,0,0.935206,0,0,0,0,0,0,0,0,0,0,0,29.2122,355.599,0,0.000233617,0.004509,
12,18,7,1.05344,0,0.221825,0,0,0,0.703426,0.753275,1.26059,0,0,0,3.99256,0.877753,0,0,0,0.00995768,0,0,0.0340418,0,0,0.921752,0,0,0,0,0,0,0,0,0,0,0,46.4227,355.599,0,0.00023977,0.004509,
12,18,8,0.793409,0,0.221825,0,0,0,0.686679,0.760261,1.32062,0,0,0,3.7828,0.661087,0,0,0,0.0217678,0,0,0.0356628,0,0,0.718518,0,0,0,0,0,0,0,0,0,0,0,26.4507,355.599,0,0.000230291,0.004509,
12,18,9,0.517846,0,0.221825,0,0,0,0.56944,0.735811,1.11052,0,0,0,3.15545,0.431482,0,0,0,0.160102,0,0,0.0299892,0,0,0.621573,0,0,0,0,0,0,0,0,0,0,0,22.2722,355.599,0,0.000110988,0.004509,
12,18,10,0.31175,0,0.221825,0,0,0,0.4857,0.718346,0.960451,0,0,0,2.69807,0.259758,0,0,0,0.333908,0,0,0.0259366,0,0,0.619603,0,0,0,0,0,0,0,0,0,0,0,21.7519,355.599,0,6.83131e-005,0.004509,
12,18,11,0.155813,0,0.221825,0,0,0,0.452204,0.721839,0.990466,0,0,0,2.54215,0.129827,0,0,0,0.150895,0,0,0.0267471,0,0,0.307469,0,0,0,0,0,0,0,0,0,0,0,21.6664,355.599,0,5.78674e-005,0.004509,
12,18,12,0.0548124,0,0.221825,0,0,0,0.418708,0.721839,0.990466,0,0,0,2.40765,0.0456711,0,0,0,0.0065202,0,0,0.0267471,0,0,0.0789384,0,0,0,0,0,0,0,0,0,0,0,21.6512,355.599,0,5.65367e-005,0.004509,
12,18,13,0.000867948,0,0.221825,0,0,0,0.351715,0.718346,0.960451,0,0,0,2.2532,0.000723195,0,0,0,0.0405798,0,0,0.0259366,0,0,0.0672396,0,0,0,0,0,0,0,0,0,0,0,21.6556,355.599,0,5.64208e-005,0.004509,
12,18,14,0,0,0.221825,0,0,0,0.351715,0.721839,0.990466,0,0,0,2.28584,0,0,0,0,0.113117,0,0,0.0267471,0,0,0.139864,0,0,0,0,0,0,0,0,0,0,0,21.6827,355.599,0,5.65724e-005,0.004509,
12,18,15,0,0,0.221825,0,0,0,0.351715,0.728825,1.0505,0,0,0,2.35286,0,0,0,0,0.057849,0,0,0.0283681,0,0,0.0862171,0,0,0,0,0,0,0,0,0,0,0,21.8731,355.599,0,5.84084e-005,0.004509,
12,18,16,0,0,0.221825,0,0,0,0.435454,0.735811,1.11052,0,0,0,2.50361,0,0,0,0,0.04352,0,0,0.0299892,0,0,0.0735092,0,0,0,0,0,0,0,0,0,0,0,22.7719,355.599,0,8.08625e-005,0.004509,
12,18,17,0,0,0.221825,0,0,0,0.519197,0.760261,1.32062,0,0,0,2.8219,0,0,0,0,0.0313324,0,0,0.0356628,0,0,0.0669952,0,0,0,0,0,0,0,0,0,0,0,27.5844,355.599,0,0.000248769,0.004509,
12,18,18,0,0,0.221825,0,0,0,0.736923,0.791698,1.59075,0,0,0,3.3412,0,0,0,0,0.0141256,0,0,0.0429574,0,0,0.057083,0,0,0,0,0,0,0,0,0,0,0,27.5966,355.599,0,0.000248965,0.004509,
12,18,19,0.004532,0,0.221825,0,0,0,1.40685,0.809163,1.74082,0,0,0,4.18319,0.00377617,0,0,0,0.113286,0,0,0.04701,0,0,0.164072,0,0,0,0,0,0,0,0,0,0,0,27.605,355.599,0,0.000249142,0.004509,
12,18,20,0.0718127,0,0.221825,0,0,0,1.9763,0.816149,1.80085,0,0,0,4.88693,0.0598362,0,0,0,0.0446804,0,0,0.0486311,0,0,0.153148,0,0,0,0,0,0,0,0,0,0,0,27.6005,355.599,0,0.000248997,0.004509,
12,18,21,0.122007,0,0.221825,0,0,0,1.89255,0.823135,1.86088,0.382647,0,0,5.30304,0.101659,0,0,0,0.0109371,0,0,0.0502522,0,0,0.162848,0,0,0,0,0,0,0,0,0,0,0,27.5784,355.599,0,0.000247729,0.004509,
12,18,22,0.291499,0,0.221825,0,0,0,1.60783,0.816149,1.80085,0.382647,0,0,5.1208,0.242884,0,0,0,0.153222,0,0,0.0486311,0,0,0.444737,0,0,0,0,0,0,0,0,0,0,0,30.5798,355.599,0,0.000247393,0.004509,
12,18,23,0.471219,0,0.221825,0,0,0,1.05514,0.788205,1.56074,0.382647,0,0,4.47977,0.392632,0,0,0,0.267459,0,0,0.042147,0,0,0.702238,0,0,0,0,0,0,0,0,0,0,0,27.8618,355.599,0,0.000245907,0.004509,
12,18,24,0.622122,0,0.221825,0,0,0,0.636433,0.763754,1.35064,0.382647,0,0,3.97742,0.518367,0,0,0,0.0817261,0,0,0.0364733,0,0,0.636566,0,0,0,0,0,0,0,0,0,0,0,27.5365,355.599,0,0.000245899,0.004509,
12,19,1,0.744165,0,0.221825,0,0,0,0.385211,0.735811,1.11052,0,0,0,3.19754,0.620055,0,0,0,0.00113382,0,0,0.0299892,0,0,0.651178,0,0,0,0,0,0,0,0,0,0,0,27.4033,355.599,0,0.000241961,0.004509,
12,19,2,0.86175,0,0.221825,0,0,0,0.318218,0.728825,1.0505,0,0,0,3.18111,0.718031,0,0,0,0.000563101,0,0,0.0283681,0,0,0.746962,0,0,0,0,0,0,0,0,0,0,0,27.3971,355.599,0,0.000241767,0.004509,
12,19,3,0.943268,0,0.221825,0,0,0,0.251224,0.725332,1.02048,0,0,0,3.16213,0.785953,0,0,0,0.00061306,0,0,0.0275576,0,0,0.814124,0,0,0,0,0,0,0,0,0,0,0,27.3134,355.599,0,0.000238923,0.004509,
12,19,4,0.973347,0,0.221825,0,0,0,0.28472,0.725332,1.02048,0,0,0,3.22571,0.811016,0,0,0,0,0,0,0.0275576,0,0,0.838574,0,0,0,0,0,0,0,0,0,0,0,27.3948,355.599,0,0.000241895,0.004509,
12,19,5,1.00052,0,0.221825,0,0,0,0.351715,0.718346,0.960451,0,0,0,3.25286,0.833659,0,0,0,0,0,0,0.0259366,0,0,0.859596,0,0,0,0,0,0,0,0,0,0,0,27.4012,355.599,0,0.00024237,0.004509,
12,19,6,1.00561,0,0.221825,0,0,0,0.519197,0.732318,1.08051,0,0,0,3.55946,0.837898,0,0,0,0.00184137,0,0,0.0291787,0,0,0.868918,0,0,0,0,0,0,0,0,0,0,0,27.4301,355.599,0,0.00024257,0.004509,
12,19,7,0.987544,0,0.221825,0,0,0,0.703426,0.753275,1.26059,0,0,0,3.92667,0.822845,0,0,0,0.158178,0,0,0.0340418,0,0,1.01506,0,0,0,0,0,0,0,0,0,0,0,27.4334,355.599,0,0.000242653,0.004509,
12,19,8,0.738699,0,0.221825,0,0,0,0.686679,0.760261,1.32062,0,0,0,3.72809,0.615502,0,0,0,0.433149,0,0,0.0356628,0,0,1.08431,0,0,0,0,0,0,0,0,0,0,0,27.3998,355.599,0,0.000243139,0.004509,
12,19,9,0.449874,0,0.221825,0,0,0,0.56944,0.735811,1.11052,0,0,0,3.08747,0.374847,0,0,0,0.145687,0,0,0.0299892,0,0,0.550523,0,0,0,0,0,0,0,0,0,0,0,23.0099,355.599,0,0.0001351,0.004509,
12,19,10,0.226343,0,0.221825,0,0,0,0.4857,0.718346,0.960451,0,0,0,2.61267,0.188594,0,0,0,0.353884,0,0,0.0259366,0,0,0.568415,0,0,0,0,0,0,0,0,0,0,0,22.0992,355.599,0,7.92229e-005,0.004509,
12,19,11,0.0824924,0,0.221825,0,0,0,0.452204,0.721839,0.990466,0,0,0,2.46883,0.0687346,0,0,0,0.718928,0,0,0.0267471,0,0,0.81441,0,0,0,0,0,0,0,0,0,0,0,22.0496,355.599,0,6.82357e-005,0.004509,
12,19,12,0.00947647,0,0.221825,0,0,0,0.418708,0.721839,0.990466,0,0,0,2.36231,0.00789602,0,0,0,0.713168,0,0,0.0267471,0,0,0.747811,0,0,0,0,0,0,0,0,0,0,0,22.0497,355.599,0,6.65925e-005,0.004509,
12,19,13,0,0,0.221825,0,0,0,0.351715,0.718346,0.960451,0,0,0,2.25234,0,0,0,0,0.195129,0,0,0.0259366,0,0,0.221066,0,0,0,0,0,0,0,0,0,0,0,22.0112,355.599,0,6.6641e-005,0.004509,
12,19,14,0,0,0.221825,0,0,0,0.351715,0.721839,0.990466,0,0,0,2.28584,0,0,0,0,0.128314,0,0,0.0267471,0,0,0.155061,0,0,0,0,0,0,0,0,0,0,0,22.1405,355.599,0,6.73862e-005,0.004509,
12,19,15,0,0,0.221825,0,0,0,0.351715,0.728825,1.0505,0,0,0,2.35286,0,0,0,0,0.0339792,0,0,0.0283681,0,0,0.0623473,0,0,0,0,0,0,0,0,0,0,0,22.2896,355.599,0,7.11791e-005,0.004509,
12,19,16,0,0,0.221825,0,0,0,0.435454,0.735811,1.11052,0,0,0,2.50361,0,0,0,0,0.234252,0,0,0.0299892,0,0,0.264241,0,0,0,0,0,0,0,0,0,0,0,22.6525,355.599,0,8.81914e-005,0.004509,
12,19,17,0,0,0.221825,0,0,0,0.519197,0.760261,1.32062,0,0,0,2.8219,0,0,0,0,0.482213,0,0,0.0356628,0,0,0.517876,0,0,0,0,0,0,0,0,0,0,0,27.3595,355.599,0,0.000241819,0.004509,
12,19,18,0,0,0.221825,0,0,0,0.736923,0.791698,1.59075,0,0,0,3.3412,0,0,0,0,0.157133,0,0,0.0429574,0,0,0.20009,0,0,0,0,0,0,0,0,0,0,0,27.3595,355.599,0,0.000242215,0.004509,
12,19,19,0,0,0.221825,0,0,0,1.40685,0.809163,1.74082,0,0,0,4.17866,0,0,0,0,0.350761,0,0,0.04701,0,0,0.397771,0,0,0,0,0,0,0,0,0,0,0,27.3758,355.599,0,0.000242795,0.004509,
12,19,20,0.0258989,0,0.221825,0,0,0,1.9763,0.816149,1.80085,0,0,0,4.84102,0.0215796,0,0,0,0.304404,0,0,0.0486311,0,0,0.374615,0,0,0,0,0,0,0,0,0,0,0,27.3628,355.599,0,0.000241946,0.004509,
12,19,21,0.103348,0,0.221825,0,0,0,1.89255,0.823135,1.86088,0.382647,0,0,5.28438,0.0861117,0,0,0,0.272925,0,0,0.0502522,0,0,0.409289,0,0,0,0,0,0,0,0,0,0,0,27.3626,355.599,0,0.000241928,0.004509,
12,19,22,0.200448,0,0.221825,0,0,0,1.60783,0.816149,1.80085,0.382647,0,0,5.02975,0.167018,0,0,0,0.222339,0,0,0.0486311,0,0,0.437988,0,0,0,0,0,0,0,0,0,0,0,27.3622,355.599,0,0.0002419,0.004509,
12,19,23,0.403605,0,0.221825,0,0,0,1.05514,0.788205,1.56074,0.382647,0,0,4.41216,0.336293,0,0,0,0.00107469,0,0,0.042147,0,0,0.379515,0,0,0,0,0,0,0,0,0,0,0,27.3656,355.599,0,0.000241999,0.004509,
12,19,24,0.569897,0,0.221825,0,0,0,0.636433,0.763754,1.35064,0.382647,0,0,3.92519,0.474853,0,0,0,0.0010339,0,0,0.0364733,0,0,0.51236,0,0,0,0,0,0,0,0,0,0,0,27.3667,355.599,0,0.00024199,0.004509,
12,20,1,0.697664,0,0.221825,0,0,0,0.385211,0.735811,1.11052,0,0,0,3.15104,0.581311,0,0,0,0.0539901,0,0,0.0299892,0,0,0.66529,0,0,0,0,0,0,0,0,0,0,0,27.7091,355.599,0,0.000257369,0.004509,
12,20,2,0.779874,0,0.221825,0,0,0,0.318218,0.728825,1.0505,0,0,0,3.09924,0.649809,0,0,0,0.0208274,0,0,0.0283681,0,0,0.699005,0,0,0,0,0,0,0,0,0,0,0,27.6036,355.599,0,0.000254904,0.004509,
12,20,3,0.809516,0,0.221825,0,0,0,0.251224,0.725332,1.02048,0,0,0,3.02838,0.674509,0,0,0,0.015037,0,0,0.0275576,0,0,0.717104,0,0,0,0,0,0,0,0,0,0,0,27.4274,355.599,0,0.000252075,0.004509,
12,20,4,0.843118,0,0.221825,0,0,0,0.28472,0.725332,1.02048,0,0,0,3.09548,0.702507,0,0,0,0,0,0,0.0275576,0,0,0.730065,0,0,0,0,0,0,0,0,0,0,0,27.4778,355.599,0,0.000247178,0.004509,
12,20,5,0.891635,0,0.221825,0,0,0,0.351715,0.718346,0.960451,0,0,0,3.14397,0.742931,0,0,0,0,0,0,0.0259366,0,0,0.768868,0,0,0,0,0,0,0,0,0,0,0,27.7058,355.599,0,0.000255908,0.004509,
12,20,6,0.918552,0,0.221825,0,0,0,0.519197,0.732318,1.08051,0,0,0,3.4724,0.76536,0,0,0,0.00208773,0,0,0.0291787,0,0,0.796626,0,0,0,0,0,0,0,0,0,0,0,27.7181,355.599,0,0.00025781,0.004509,
12,20,7,0.92857,0,0.221825,0,0,0,0.703426,0.753275,1.26059,0,0,0,3.86769,0.773707,0,0,0,0,0,0,0.0340418,0,0,0.807749,0,0,0,0,0,0,0,0,0,0,0,27.7198,355.599,0,0.000257934,0.004509,
12,20,8,0.763754,0,0.221825,0,0,0,0.686679,0.760261,1.32062,0,0,0,3.75314,0.636378,0,0,0,0.0148093,0,0,0.0356628,0,0,0.68685,0,0,0,0,0,0,0,0,0,0,0,27.4167,355.599,0,0.000246494,0.004509,
12,20,9,0.507881,0,0.221825,0,0,0,0.56944,0.735811,1.11052,0,0,0,3.14548,0.423178,0,0,0,0.0196277,0,0,0.0299892,0,0,0.472795,0,0,0,0,0,0,0,0,0,0,0,23.7276,355.599,0,0.000156398,0.004509,
12,20,10,0.283396,0,0.221825,0,0,0,0.4857,0.718346,0.960451,0,0,0,2.66972,0.236133,0,0,0,0.265091,0,0,0.0259366,0,0,0.527161,0,0,0,0,0,0,0,0,0,0,0,22.9979,355.599,0,0.000128595,0.004509,
12,20,11,0.129528,0,0.221825,0,0,0,0.452204,0.721839,0.990466,0,0,0,2.51586,0.107926,0,0,0,0.368958,0,0,0.0267471,0,0,0.503631,0,0,0,0,0,0,0,0,0,0,0,22.9061,355.599,0,0.000123749,0.004509,
12,20,12,0.022981,0,0.221825,0,0,0,0.418708,0.721839,0.990466,0,0,0,2.37582,0.0191483,0,0,0,0.543412,0,0,0.0267471,0,0,0.589307,0,0,0,0,0,0,0,0,0,0,0,22.901,355.599,0,0.000122901,0.004509,
12,20,13,0,0,0.221825,0,0,0,0.351715,0.718346,0.960451,0,0,0,2.25234,0,0,0,0,0.0450743,0,0,0.0259366,0,0,0.0710109,0,0,0,0,0,0,0,0,0,0,0,22.918,355.599,0,0.000123607,0.004509,
12,20,14,0,0,0.221825,0,0,0,0.351715,0.721839,0.990466,0,0,0,2.28584,0,0,0,0,0.142635,0,0,0.0267471,0,0,0.169382,0,0,0,0,0,0,0,0,0,0,0,22.9297,355.599,0,0.000124208,0.004509,
12,20,15,0,0,0.221825,0,0,0,0.351715,0.728825,1.0505,0,0,0,2.35286,0,0,0,0,0.0584189,0,0,0.0283681,0,0,0.086787,0,0,0,0,0,0,0,0,0,0,0,23.0727,355.599,0,0.000126745,0.004509,
12,20,16,0,0,0.221825,0,0,0,0.435454,0.735811,1.11052,0,0,0,2.50361,0,0,0,0,0.0437529,0,0,0.0299892,0,0,0.0737421,0,0,0,0,0,0,0,0,0,0,0,23.6054,355.599,0,0.00013886,0.004509,
12,20,17,0,0,0.221825,0,0,0,0.519197,0.760261,1.32062,0,0,0,2.8219,0,0,0,0,0.178214,0,0,0.0356628,0,0,0.213877,0,0,0,0,0,0,0,0,0,0,0,27.7058,355.599,0,0.000256531,0.004509,
12,20,18,0,0,0.221825,0,0,0,0.736923,0.791698,1.59075,0,0,0,3.3412,0,0,0,0,0.185677,0,0,0.0429574,0,0,0.228634,0,0,0,0,0,0,0,0,0,0,0,27.7135,355.599,0,0.000256714,0.004509,
12,20,19,0,0,0.221825,0,0,0,1.40685,0.809163,1.74082,0,0,0,4.17866,0,0,0,0,0.364422,0,0,0.04701,0,0,0.411432,0,0,0,0,0,0,0,0,0,0,0,27.7123,355.599,0,0.000256673,0.004509,
12,20,20,0,0,0.221825,0,0,0,1.9763,0.816149,1.80085,0,0,0,4.81512,0,0,0,0,0.187093,0,0,0.0486311,0,0,0.235724,0,0,0,0,0,0,0,0,0,0,0,27.7112,355.599,0,0.000256598,0.004509,
12,20,21,0,0,0.221825,0,0,0,1.89255,0.823135,1.86088,0.382647,0,0,5.18104,0,0,0,0,0.238755,0,0,0.0502522,0,0,0.289007,0,0,0,0,0,0,0,0,0,0,0,27.7106,355.599,0,0.000256597,0.004509,
12,20,22,0,0,0.221825,0,0,0,1.60783,0.816149,1.80085,0.382647,0,0,4.8293,0,0,0,0,0.209094,0,0,0.0486311,0,0,0.257725,0,0,0,0,0,0,0,0,0,0,0,27.7079,355.599,0,0.000256498,0.004509,
12,20,23,0,0,0.221825,0,0,0,1.05514,0.788205,1.56074,0.382647,0,0,4.00855,0,0,0,0,0.00141051,0,0,0.042147,0,0,0.0435575,0,0,0,0,0,0,0,0,0,0,0,28.8705,355.599,0,0.000256216,0.004509,
12,20,24,0.0544232,0,0.221825,0,0,0,0.636433,0.763754,1.35064,0.382647,0,0,3.40972,0.0453468,0,0,0,0.0538181,0,0,0.0364733,0,0,0.135638,0,0,0,0,0,0,0,0,0,0,0,27.6925,355.599,0,0.00025541,0.004509,
12,21,1,0.131271,0,0.221825,0,0,0,0.385211,0.735811,1.11052,0,0,0,2.58464,0.109378,0,0,0,0.00108072,0,0,0.0299892,0,0,0.140448,0,0,0,0,0,0,0,0,0,0,0,27.2538,355.599,0,0.000242696,0.004509,
12,21,2,0.270272,0,0.221825,0,0,0,0.318218,0.728825,1.0505,0,0,0,2.58964,0.225197,0,0,0,0.0445128,0,0,0.0283681,0,0,0.298078,0,0,0,0,0,0,0,0,0,0,0,26.9202,355.599,0,0.000235454,0.004509,
12,21,3,0.401377,0,0.221825,0,0,0,0.251224,0.725332,1.02048,0,0,0,2.62024,0.334437,0,0,0,0.0228057,0,0,0.0275576,0,0,0.3848,0,0,0,0,0,0,0,0,0,0,0,27.9319,355.599,0,0.000232415,0.004509,
12,21,4,0.494467,0,0.221825,0,0,0,0.28472,0.725332,1.02048,0,0,0,2.74682,0.412001,0,0,0,0,0,0,0.0275576,0,0,0.439559,0,0,0,0,0,0,0,0,0,0,0,29.5783,355.599,0,0.00023422,0.004509,
12,21,5,0.605413,0,0.221825,0,0,0,0.351715,0.718346,0.960451,0,0,0,2.85775,0.504445,0,0,0,0.000527513,0,0,0.0259366,0,0,0.530909,0,0,0,0,0,0,0,0,0,0,0,37.8704,355.599,0,0.000237949,0.004509,
12,21,6,0.703227,0,0.221825,0,0,0,0.519197,0.732318,1.08051,0,0,0,3.25708,0.585945,0,0,0,0.0121405,0,0,0.0291787,0,0,0.627264,0,0,0,0,0,0,0,0,0,0,0,49.2381,355.599,0,0.000244213,0.004509,
12,21,7,0.713139,0,0.221825,0,0,0,0.703426,0.753275,1.26059,0,0,0,3.65226,0.594204,0,0,0,0.605875,0,0,0.0340418,0,0,1.23412,0,0,0,0,0,0,0,0,0,0,0,55.7822,355.599,0,0.00024445,0.004509,
12,21,8,0.530832,0,0.221825,0,0,0,0.686679,0.760261,1.32062,0,0,0,3.52022,0.442303,0,0,0,0.171902,0,0,0.0356628,0,0,0.649868,0,0,0,0,0,0,0,0,0,0,0,53.799,355.599,0,0.000244634,0.004509,
12,21,9,0.313171,0,0.221825,0,0,0,0.56944,0.735811,1.11052,0,0,0,2.95077,0.260941,0,0,0,0.117118,0,0,0.0299892,0,0,0.408048,0,0,0,0,0,0,0,0,0,0,0,23.5127,355.599,0,0.000155927,0.004509,
12,21,10,0.117666,0,0.221825,0,0,0,0.4857,0.718346,0.960451,0,0,0,2.50399,0.0980422,0,0,0,0.579723,0,0,0.0259366,0,0,0.703702,0,0,0,0,0,0,0,0,0,0,0,22.6376,355.599,0,0.000119176,0.004509,
12,21,11,0.00614557,0,0.221825,0,0,0,0.452204,0.721839,0.990466,0,0,0,2.39248,0.00512065,0,0,0,0.227714,0,0,0.0267471,0,0,0.259582,0,0,0,0,0,0,0,0,0,0,0,22.5148,355.599,0,0.000114848,0.004509,
12,21,12,0,0,0.221825,0,0,0,0.418708,0.721839,0.990466,0,0,0,2.35284,0,0,0,0,0.0467611,0,0,0.0267471,0,0,0.0735082,0,0,0,0,0,0,0,0,0,0,0,22.4639,355.599,0,0.000114917,0.004509,
12,21,13,0,0,0.221825,0,0,0,0.351715,0.718346,0.960451,0,0,0,2.25234,0,0,0,0,0.0923298,0,0,0.0259366,0,0,0.118266,0,0,0,0,0,0,0,0,0,0,0,22.5036,355.599,0,0.000114364,0.004509,
12,21,14,0,0,0.221825,0,0,0,0.351715,0.721839,0.990466,0,0,0,2.28584,0,0,0,0,0.0637453,0,0,0.0267471,0,0,0.0904924,0,0,0,0,0,0,0,0,0,0,0,22.5093,355.599,0,0.000114287,0.004509,
12,21,15,0,0,0.221825,0,0,0,0.351715,0.728825,1.0505,0,0,0,2.35286,0,0,0,0,0.431344,0,0,0.0283681,0,0,0.459712,0,0,0,0,0,0,0,0,0,0,0,22.5616,355.599,0,0.00011728,0.004509,
12,21,16,0,0,0.221825,0,0,0,0.435454,0.735811,1.11052,0,0,0,2.50361,0,0,0,0,0.147057,0,0,0.0299892,0,0,0.177046,0,0,0,0,0,0,0,0,0,0,0,23.194,355.599,0,0.000133103,0.004509,
12,21,17,0,0,0.221825,0,0,0,0.519197,0.760261,1.32062,0,0,0,2.8219,0,0,0,0,0.0843394,0,0,0.0356628,0,0,0.120002,0,0,0,0,0,0,0,0,0,0,0,27.4166,355.599,0,0.000247528,0.004509,
12,21,18,0,0,0.221825,0,0,0,0.736923,0.791698,1.59075,0,0,0,3.3412,0,0,0,0,0.078573,0,0,0.0429574,0,0,0.12153,0,0,0,0,0,0,0,0,0,0,0,27.432,355.599,0,0.000247748,0.004509,
12,21,19,0,0,0.221825,0,0,0,1.40685,0.809163,1.74082,0,0,0,4.17866,0,0,0,0,0.0573255,0,0,0.04701,0,0,0.104336,0,0,0,0,0,0,0,0,0,0,0,27.4314,355.599,0,0.000247862,0.004509,
12,21,20,0,0,0.221825,0,0,0,1.9763,0.816149,1.80085,0,0,0,4.81512,0,0,0,0,0.0713648,0,0,0.0486311,0,0,0.119996,0,0,0,0,0,0,0,0,0,0,0,28.5737,355.599,0,0.000247799,0.004509,
12,21,21,0.0648866,0,0.221825,0,0,0,1.89255,0.823135,1.86088,0.382647,0,0,5.24592,0.0540651,0,0,0,0.0672963,0,0,0.0502522,0,0,0.171614,0,0,0,0,0,0,0,0,0,0,0,34.5447,355.599,0,0.000246301,0.004509,
12,21,22,0.176139,0,0.221825,0,0,0,1.60783,0.816149,1.80085,0.382647,0,0,5.00544,0.146763,0,0,0,0.121451,0,0,0.0486311,0,0,0.316845,0,0,0,0,0,0,0,0,0,0,0,40.002,355.599,0,0.000246198,0.004509,
12,21,23,0.341928,0,0.221825,0,0,0,1.05514,0.788205,1.56074,0.382647,0,0,4.35048,0.284902,0,0,0,0.255784,0,0,0.042147,0,0,0.582833,0,0,0,0,0,0,0,0,0,0,0,43.8777,355.599,0,0.000244549,0.004509,
12,21,24,0.494783,0,0.221825,0,0,0,0.636433,0.763754,1.35064,0.382647,0,0,3.85008,0.412265,0,0,0,0.0441108,0,0,0.0364733,0,0,0.492849,0,0,0,0,0,0,0,0,0,0,0,39.0759,355.599,0,0.000244549,0.004509,
12,22,1,0.641474,0,0.221825,0,0,0,0.385211,0.735811,1.11052,0,0,0,3.09485,0.534493,0,0,0,0.00714247,0,0,0.0299892,0,0,0.571625,0,0,0,0,0,0,0,0,0,0,0,27.2755,355.599,0,0.000224141,0.004509,
12,22,2,0.730533,0,0.221825,0,0,0,0.318218,0.728825,1.0505,0,0,0,3.0499,0.608699,0,0,0,0.00749816,0,0,0.0283681,0,0,0.644565,0,0,0,0,0,0,0,0,0,0,0,26.5386,355.599,0,0.00022029,0.004509,
12,22,3,0.78087,0,0.221825,0,0,0,0.251224,0.725332,1.02048,0,0,0,2.99973,0.65064,0,0,0,0.0120738,0,0,0.0275576,0,0,0.690271,0,0,0,0,0,0,0,0,0,0,0,26.3239,355.599,0,0.000215045,0.004509,
12,22,4,0.772875,0,0.221825,0,0,0,0.28472,0.725332,1.02048,0,0,0,3.02523,0.643979,0,0,0,0,0,0,0.0275576,0,0,0.671537,0,0,0,0,0,0,0,0,0,0,0,26.4219,355.599,0,0.000215462,0.004509,
12,22,5,0.745311,0,0.221825,0,0,0,0.351715,0.718346,0.960451,0,0,0,2.99765,0.621011,0,0,0,0.00727035,0,0,0.0259366,0,0,0.654218,0,0,0,0,0,0,0,0,0,0,0,31.3546,355.599,0,0.000222202,0.004509,
12,22,6,0.757884,0,0.221825,0,0,0,0.519197,0.732318,1.08051,0,0,0,3.31173,0.631488,0,0,0,0.138833,0,0,0.0291787,0,0,0.7995,0,0,0,0,0,0,0,0,0,0,0,50.3039,355.599,0,0.000224115,0.004509,
12,22,7,0.775709,0,0.221825,0,0,0,0.703426,0.753275,1.26059,0,0,0,3.71483,0.646339,0,0,0,0.153231,0,0,0.0340418,0,0,0.833612,0,0,0,0,0,0,0,0,0,0,0,71.187,355.599,0,0.000224528,0.004509,
12,22,8,0.705733,0,0.221825,0,0,0,0.686679,0.760261,1.32062,0,0,0,3.69512,0.588034,0,0,0,0.768136,0,0,0.0356628,0,0,1.39183,0,0,0,0,0,0,0,0,0,0,0,69.5052,355.599,0,0.000224306,0.004509,
12,22,9,0.59029,0,0.221825,0,0,0,0.56944,0.735811,1.11052,0,0,0,3.22789,0.491844,0,0,0,0.210611,0,0,0.0299892,0,0,0.732444,0,0,0,0,0,0,0,0,0,0,0,23.0026,355.599,0,0.000117438,0.004509,
12,22,10,0.39558,0,0.221825,0,0,0,0.4857,0.718346,0.960451,0,0,0,2.7819,0.329606,0,0,0,0.255874,0,0,0.0259366,0,0,0.611417,0,0,0,0,0,0,0,0,0,0,0,21.479,355.599,0,4.14353e-005,0.004509,
12,22,11,0.267997,0,0.221825,0,0,0,0.452204,0.721839,0.990466,0,0,0,2.65433,0.223302,0,0,0,0.18659,0,0,0.0267471,0,0,0.436639,0,0,0,0,0,0,0,0,0,0,0,21.261,355.599,0,3.66292e-005,0.004509,
12,22,12,0.214994,0,0.221825,0,0,0,0.418708,0.721839,0.990466,0,0,0,2.56783,0.179138,0,0,0,0.456707,0,0,0.0267471,0,0,0.662592,0,0,0,0,0,0,0,0,0,0,0,21.1902,355.599,0,3.57111e-005,0.004509,
12,22,13,0.16558,0,0.221825,0,0,0,0.351715,0.718346,0.960451,0,0,0,2.41792,0.137965,0,0,0,0.107766,0,0,0.0259366,0,0,0.271668,0,0,0,0,0,0,0,0,0,0,0,20.4686,355.599,0,9.72935e-006,0.004509,
12,22,14,0.109646,0,0.221825,0,0,0,0.351715,0.721839,0.990466,0,0,0,2.39549,0.0913596,0,0,0,0.123497,0,0,0.0267471,0,0,0.241604,0,0,0,0,0,0,0,0,0,0,0,21.1841,355.599,0,3.57174e-005,0.004509,
12,22,15,0.0568561,0,0.221825,0,0,0,0.351715,0.728825,1.0505,0,0,0,2.40972,0.047374,0,0,0,0.0689229,0,0,0.0283681,0,0,0.144665,0,0,0,0,0,0,0,0,0,0,0,21.2241,355.599,0,3.62803e-005,0.004509,
12,22,16,0.0497617,0,0.221825,0,0,0,0.435454,0.735811,1.11052,0,0,0,2.55338,0.0414627,0,0,0,0.196884,0,0,0.0299892,0,0,0.268336,0,0,0,0,0,0,0,0,0,0,0,22.5787,355.599,0,4.11083e-005,0.004509,
12,22,17,0.190274,0,0.221825,0,0,0,0.519197,0.760261,1.32062,0,0,0,3.01218,0.158541,0,0,0,0.148339,0,0,0.0356628,0,0,0.342543,0,0,0,0,0,0,0,0,0,0,0,30.4103,355.599,0,0.000226373,0.004509,
12,22,18,0.312348,0,0.221825,0,0,0,0.736923,0.791698,1.59075,0,0,0,3.65354,0.260255,0,0,0,0.0103616,0,0,0.0429574,0,0,0.313574,0,0,0,0,0,0,0,0,0,0,0,30.4711,355.599,0,0.000228276,0.004509,
12,22,19,0.39109,0,0.221825,0,0,0,1.40685,0.809163,1.74082,0,0,0,4.56975,0.325866,0,0,0,0.156429,0,0,0.04701,0,0,0.529305,0,0,0,0,0,0,0,0,0,0,0,30.478,355.599,0,0.000228285,0.004509,
12,22,20,0.454962,0,0.221825,0,0,0,1.9763,0.816149,1.80085,0,0,0,5.27008,0.379087,0,0,0,0.308583,0,0,0.0486311,0,0,0.736301,0,0,0,0,0,0,0,0,0,0,0,30.478,355.599,0,0.000228308,0.004509,
12,22,21,0.509792,0,0.221825,0,0,0,1.89255,0.823135,1.86088,0.382647,0,0,5.69083,0.424771,0,0,0,0.218231,0,0,0.0502522,0,0,0.693254,0,0,0,0,0,0,0,0,0,0,0,40.3187,355.599,0,0.000227062,0.004509,
12,22,22,0.570343,0,0.221825,0,0,0,1.60783,0.816149,1.80085,0.382647,0,0,5.39964,0.475224,0,0,0,0.380869,0,0,0.0486311,0,0,0.904724,0,0,0,0,0,0,0,0,0,0,0,45.3185,355.599,0,0.000226124,0.004509,
12,22,23,0.683502,0,0.221825,0,0,0,1.05514,0.788205,1.56074,0.382647,0,0,4.69206,0.569512,0,0,0,0.0680977,0,0,0.042147,0,0,0.679757,0,0,0,0,0,0,0,0,0,0,0,36.131,355.599,0,0.000224353,0.004509,
12,22,24,0.847304,0,0.221825,0,0,0,0.636433,0.763754,1.35064,0.382647,0,0,4.2026,0.705994,0,0,0,0.0445324,0,0,0.0364733,0,0,0.787,0,0,0,0,0,0,0,0,0,0,0,31.5288,355.599,0,0.000223864,0.004509,
12,23,1,0.957726,0,0.221825,0,0,0,0.385211,0.735811,1.11052,0,0,0,3.4111,0.798,0,0,0,0.00108401,0,0,0.0299892,0,0,0.829073,0,0,0,0,0,0,0,0,0,0,0,28.6184,355.599,0,0.00023493,0.004509,
12,23,2,0.991858,0,0.221825,0,0,0,0.318218,0.728825,1.0505,0,0,0,3.31122,0.826441,0,0,0,0.000516452,0,0,0.0283681,0,0,0.855326,0,0,0,0,0,0,0,0,0,0,0,26.7457,355.599,0,0.000226892,0.004509,
12,23,3,1.0195,0,0.221825,0,0,0,0.251224,0.725332,1.02048,0,0,0,3.23836,0.849473,0,0,0,0,0,0,0.0275576,0,0,0.877031,0,0,0,0,0,0,0,0,0,0,0,27.7341,355.599,0,0.000228558,0.004509,
12,23,4,1.0372,0,0.221825,0,0,0,0.28472,0.725332,1.02048,0,0,0,3.28956,0.864224,0,0,0,0,0,0,0.0275576,0,0,0.891782,0,0,0,0,0,0,0,0,0,0,0,27.8611,355.599,0,0.000225458,0.004509,
12,23,5,1.07236,0,0.221825,0,0,0,0.351715,0.718346,0.960451,0,0,0,3.3247,0.893518,0,0,0,0,0,0,0.0259366,0,0,0.919455,0,0,0,0,0,0,0,0,0,0,0,31.3397,355.599,0,0.00022931,0.004509,
12,23,6,1.06831,0,0.221825,0,0,0,0.519197,0.732318,1.08051,0,0,0,3.62216,0.890145,0,0,0,0.0187369,0,0,0.0291787,0,0,0.938061,0,0,0,0,0,0,0,0,0,0,0,56.628,355.599,0,0.000235789,0.004509,
12,23,7,1.03281,0,0.221825,0,0,0,0.703426,0.753275,1.26059,0,0,0,3.97193,0.860562,0,0,0,0.256507,0,0,0.0340418,0,0,1.15111,0,0,0,0,0,0,0,0,0,0,0,82.5515,355.599,0,0.000235783,0.004509,
12,23,8,0.823321,0,0.221825,0,0,0,0.686679,0.760261,1.32062,0,0,0,3.81271,0.68601,0,0,0,0.635029,0,0,0.0356628,0,0,1.3567,0,0,0,0,0,0,0,0,0,0,0,55.3984,355.599,0,0.000235216,0.004509,
12,23,9,0.623866,0,0.221825,0,0,0,0.56944,0.735811,1.11052,0,0,0,3.26147,0.519821,0,0,0,0.241791,0,0,0.0299892,0,0,0.791601,0,0,0,0,0,0,0,0,0,0,0,23.5177,355.599,0,0.000124905,0.004509,
12,23,10,0.421208,0,0.221825,0,0,0,0.4857,0.718346,0.960451,0,0,0,2.80753,0.350959,0,0,0,0.0584677,0,0,0.0259366,0,0,0.435363,0,0,0,0,0,0,0,0,0,0,0,22.0056,355.599,0,5.39572e-005,0.004509,
12,23,11,0.275028,0,0.221825,0,0,0,0.452204,0.721839,0.990466,0,0,0,2.66136,0.22916,0,0,0,0.16704,0,0,0.0267471,0,0,0.422947,0,0,0,0,0,0,0,0,0,0,0,21.5765,355.599,0,4.58425e-005,0.004509,
12,23,12,0.224458,0,0.221825,0,0,0,0.418708,0.721839,0.990466,0,0,0,2.5773,0.187024,0,0,0,0.0884832,0,0,0.0267471,0,0,0.302254,0,0,0,0,0,0,0,0,0,0,0,20.7272,355.599,0,1.42457e-005,0.004509,
12,23,13,0.166788,0,0.221825,0,0,0,0.351715,0.718346,0.960451,0,0,0,2.41912,0.138972,0,0,0,0.0496337,0,0,0.0259366,0,0,0.214542,0,0,0,0,0,0,0,0,0,0,0,20.7355,355.599,0,1.43384e-005,0.004509,
12,23,14,0.0968485,0,0.221825,0,0,0,0.351715,0.721839,0.990466,0,0,0,2.38269,0.0806966,0,0,0,0.0660104,0,0,0.0267471,0,0,0.173454,0,0,0,0,0,0,0,0,0,0,0,21.5799,355.599,0,4.53161e-005,0.004509,
12,23,15,0.0466483,0,0.221825,0,0,0,0.351715,0.728825,1.0505,0,0,0,2.39951,0.0388684,0,0,0,0.0406,0,0,0.0283681,0,0,0.107837,0,0,0,0,0,0,0,0,0,0,0,21.7287,355.599,0,4.65986e-005,0.004509,
12,23,16,0.0540255,0,0.221825,0,0,0,0.435454,0.735811,1.11052,0,0,0,2.55764,0.0450154,0,0,0,0.148903,0,0,0.0299892,0,0,0.223908,0,0,0,0,0,0,0,0,0,0,0,22.1394,355.599,0,5.84636e-005,0.004509,
12,23,17,0.163186,0,0.221825,0,0,0,0.519197,0.760261,1.32062,0,0,0,2.98509,0.13597,0,0,0,0.0327062,0,0,0.0356628,0,0,0.204339,0,0,0,0,0,0,0,0,0,0,0,27.0297,355.599,0,0.00023564,0.004509,
12,23,18,0.316644,0,0.221825,0,0,0,0.736923,0.791698,1.59075,0,0,0,3.65784,0.263836,0,0,0,0.0249424,0,0,0.0429574,0,0,0.331736,0,0,0,0,0,0,0,0,0,0,0,27.0411,355.599,0,0.000236034,0.004509,
12,23,19,0.412107,0,0.221825,0,0,0,1.40685,0.809163,1.74082,0,0,0,4.59077,0.343378,0,0,0,0.0663465,0,0,0.04701,0,0,0.456734,0,0,0,0,0,0,0,0,0,0,0,27.0409,355.599,0,0.000236072,0.004509,
12,23,20,0.467424,0,0.221825,0,0,0,1.9763,0.816149,1.80085,0,0,0,5.28254,0.389469,0,0,0,0.0518579,0,0,0.0486311,0,0,0.489958,0,0,0,0,0,0,0,0,0,0,0,27.0389,355.599,0,0.000236111,0.004509,
12,23,21,0.515533,0,0.221825,0,0,0,1.89255,0.823135,1.86088,0.382647,0,0,5.69657,0.429554,0,0,0,0.261579,0,0,0.0502522,0,0,0.741385,0,0,0,0,0,0,0,0,0,0,0,27.0102,355.599,0,0.000234888,0.004509,
12,23,22,0.597538,0,0.221825,0,0,0,1.60783,0.816149,1.80085,0.382647,0,0,5.42684,0.497884,0,0,0,0.0251877,0,0,0.0486311,0,0,0.571703,0,0,0,0,0,0,0,0,0,0,0,26.9951,355.599,0,0.000234773,0.004509,
12,23,23,0.691049,0,0.221825,0,0,0,1.05514,0.788205,1.56074,0.382647,0,0,4.6996,0.5758,0,0,0,0.000394392,0,0,0.042147,0,0,0.618341,0,0,0,0,0,0,0,0,0,0,0,26.7783,355.599,0,0.00023135,0.004509,
12,23,24,0.77279,0,0.221825,0,0,0,0.636433,0.763754,1.35064,0.382647,0,0,4.12809,0.643907,0,0,0,0.0497688,0,0,0.0364733,0,0,0.730149,0,0,0,0,0,0,0,0,0,0,0,26.9693,355.599,0,0.000225794,0.004509,
12,24,1,0.852573,0,0.221825,0,0,0,0.385211,0.735811,1.11052,0,0,0,3.30594,0.710385,0,0,0,0,0,0,0.0299892,0,0,0.740374,0,0,0,0,0,0,0,0,0,0,0,26.5823,355.599,0,0.000228393,0.004509,
12,24,2,0.926726,0,0.221825,0,0,0,0.318218,0.728825,1.0505,0,0,0,3.24609,0.77217,0,0,0,0,0,0,0.0283681,0,0,0.800538,0,0,0,0,0,0,0,0,0,0,0,26.457,355.599,0,0.000225338,0.004509,
12,24,3,0.995944,0,0.221825,0,0,0,0.251224,0.725332,1.02048,0,0,0,3.21481,0.829845,0,0,0,0.0121167,0,0,0.0275576,0,0,0.869519,0,0,0,0,0,0,0,0,0,0,0,26.8312,355.599,0,0.00023167,0.004509,
12,24,4,1.03706,0,0.221825,0,0,0,0.28472,0.725332,1.02048,0,0,0,3.28942,0.864102,0,0,0,0,0,0,0.0275576,0,0,0.89166,0,0,0,0,0,0,0,0,0,0,0,27.2504,355.599,0,0.000241645,0.004509,
12,24,5,1.0974,0,0.221825,0,0,0,0.351715,0.718346,0.960451,0,0,0,3.34974,0.914384,0,0,0,0.00688368,0,0,0.0259366,0,0,0.947204,0,0,0,0,0,0,0,0,0,0,0,27.3583,355.599,0,0.000243094,0.004509,
12,24,6,1.11355,0,0.221825,0,0,0,0.519197,0.732318,1.08051,0,0,0,3.6674,0.927835,0,0,0,0.0836801,0,0,0.0291787,0,0,1.04069,0,0,0,0,0,0,0,0,0,0,0,27.3759,355.599,0,0.000243132,0.004509,
12,24,7,1.07273,0,0.221825,0,0,0,0.703426,0.753275,1.26059,0,0,0,4.01185,0.893824,0,0,0,0.0177087,0,0,0.0340418,0,0,0.945574,0,0,0,0,0,0,0,0,0,0,0,43.1861,355.599,0,0.000243737,0.004509,
12,24,8,0.830469,0,0.221825,0,0,0,0.686679,0.760261,1.32062,0,0,0,3.81986,0.691966,0,0,0,0.276346,0,0,0.0356628,0,0,1.00397,0,0,0,0,0,0,0,0,0,0,0,35.5466,355.599,0,0.000243283,0.004509,
12,24,9,0.600138,0,0.221825,0,0,0,0.56944,0.735811,1.11052,0,0,0,3.23774,0.50005,0,0,0,0.211942,0,0,0.0299892,0,0,0.741981,0,0,0,0,0,0,0,0,0,0,0,22.8671,355.599,0,0.000114418,0.004509,
12,24,10,0.449956,0,0.221825,0,0,0,0.4857,0.718346,0.960451,0,0,0,2.83628,0.374914,0,0,0,0.248197,0,0,0.0259366,0,0,0.649048,0,0,0,0,0,0,0,0,0,0,0,20.5384,355.599,0,1.43009e-005,0.004509,
12,24,11,0.293883,0,0.221825,0,0,0,0.452204,0.721839,0.990466,0,0,0,2.68022,0.244871,0,0,0,0.113771,0,0,0.0267471,0,0,0.385389,0,0,0,0,0,0,0,0,0,0,0,20.1496,355.599,0,9.2279e-006,0.004509,
12,24,12,0.154663,0,0.221825,0,0,0,0.418708,0.721839,0.990466,0,0,0,2.5075,0.128869,0,0,0,0.00531848,0,0,0.0267471,0,0,0.160935,0,0,0,0,0,0,0,0,0,0,0,20.0705,355.599,0,6.19108e-006,0.004509,
12,24,13,0.0564194,0,0.221825,0,0,0,0.351715,0.718346,0.960451,0,0,0,2.30876,0.0470101,0,0,0,0.0264175,0,0,0.0259366,0,0,0.0993642,0,0,0,0,0,0,0,0,0,0,0,20.0989,355.599,0,6.16077e-006,0.004509,
12,24,14,0.00167502,0,0.221825,0,0,0,0.351715,0.721839,0.990466,0,0,0,2.28752,0.00139567,0,0,0,0.0761784,0,0,0.0267471,0,0,0.104321,0,0,0,0,0,0,0,0,0,0,0,20.1008,355.599,0,4.95079e-006,0.004509,
12,24,15,0,0,0.221825,0,0,0,0.351715,0.728825,1.0505,0,0,0,2.35286,0,0,0,0,0.377954,0,0,0.0283681,0,0,0.406322,0,0,0,0,0,0,0,0,0,0,0,20.2911,355.599,0,6.1725e-006,0.004509,
12,24,16,0,0,0.221825,0,0,0,0.435454,0.735811,1.11052,0,0,0,2.50361,0,0,0,0,0.0993783,0,0,0.0299892,0,0,0.129368,0,0,0,0,0,0,0,0,0,0,0,20.9853,355.599,0,2.29149e-005,0.004509,
12,24,17,0.0160338,0,0.221825,0,0,0,0.519197,0.760261,1.32062,0,0,0,2.83794,0.0133598,0,0,0,0.0704961,0,0,0.0356628,0,0,0.119519,0,0,0,0,0,0,0,0,0,0,0,27.5069,355.599,0,0.000248918,0.004509,
12,24,18,0.123708,0,0.221825,0,0,0,0.736923,0.791698,1.59075,0,0,0,3.4649,0.103076,0,0,0,0.05782,0,0,0.0429574,0,0,0.203853,0,0,0,0,0,0,0,0,0,0,0,27.5749,355.599,0,0.000250366,0.004509,
12,24,19,0.217188,0,0.221825,0,0,0,1.40685,0.809163,1.74082,0,0,0,4.39585,0.180966,0,0,0,0.0841772,0,0,0.04701,0,0,0.312153,0,0,0,0,0,0,0,0,0,0,0,27.5745,355.599,0,0.000250402,0.004509,
12,24,20,0.335076,0,0.221825,0,0,0,1.9763,0.816149,1.80085,0,0,0,5.1502,0.279193,0,0,0,0.106346,0,0,0.0486311,0,0,0.43417,0,0,0,0,0,0,0,0,0,0,0,31.422,355.599,0,0.000250329,0.004509,
12,24,21,0.489437,0,0.221825,0,0,0,1.89255,0.823135,1.86088,0.382647,0,0,5.67047,0.40781,0,0,0,0.0367154,0,0,0.0502522,0,0,0.494778,0,0,0,0,0,0,0,0,0,0,0,31.3972,355.599,0,0.000248972,0.004509,
12,24,22,0.645759,0,0.221825,0,0,0,1.60783,0.816149,1.80085,0.382647,0,0,5.47506,0.538062,0,0,0,0.129904,0,0,0.0486311,0,0,0.716597,0,0,0,0,0,0,0,0,0,0,0,30.9584,355.599,0,0.000248901,0.004509,
12,24,23,0.787471,0,0.221825,0,0,0,1.05514,0.788205,1.56074,0.382647,0,0,4.79602,0.656139,0,0,0,0.0414441,0,0,0.042147,0,0,0.73973,0,0,0,0,0,0,0,0,0,0,0,28.3012,355.599,0,0.000246717,0.004509,
12,24,24,0.905229,0,0.221825,0,0,0,0.636433,0.763754,1.35064,0.382647,0,0,4.26052,0.754257,0,0,0,0.0608393,0,0,0.0364733,0,0,0.85157,0,0,0,0,0,0,0,0,0,0,0,27.4724,355.599,0,0.000246356,0.004509,
12,25,1,1.00037,0,0.221825,0,0,0,0.385211,0.735811,1.11052,0,0,0,3.45374,0.833535,0,0,0,0.0295371,0,0,0.0299892,0,0,0.893061,0,0,0,0,0,0,0,0,0,0,0,27.0057,355.599,0,0.000230517,0.004509,
12,25,2,1.08354,0,0.221825,0,0,0,0.318218,0.728825,1.0505,0,0,0,3.4029,0.902832,0,0,0,0.0155305,0,0,0.0283681,0,0,0.946731,0,0,0,0,0,0,0,0,0,0,0,26.9189,355.599,0,0.000228863,0.004509,
12,25,3,1.13982,0,0.221825,0,0,0,0.251224,0.725332,1.02048,0,0,0,3.35868,0.949727,0,0,0,0.0139207,0,0,0.0275576,0,0,0.991205,0,0,0,0,0,0,0,0,0,0,0,26.7884,355.599,0,0.000226177,0.004509,
12,25,4,1.14168,0,0.221825,0,0,0,0.28472,0.725332,1.02048,0,0,0,3.39403,0.951273,0,0,0,0.000729217,0,0,0.0275576,0,0,0.97956,0,0,0,0,0,0,0,0,0,0,0,26.799,355.599,0,0.000226025,0.004509,
12,25,5,1.17949,0,0.221825,0,0,0,0.351715,0.718346,0.960451,0,0,0,3.43182,0.982776,0,0,0,0,0,0,0.0259366,0,0,1.00871,0,0,0,0,0,0,0,0,0,0,0,26.911,355.599,0,0.000227818,0.004509,
12,25,6,1.15184,0,0.221825,0,0,0,0.519197,0.732318,1.08051,0,0,0,3.70569,0.959742,0,0,0,0.000729217,0,0,0.0291787,0,0,0.98965,0,0,0,0,0,0,0,0,0,0,0,27.0412,355.599,0,0.00023088,0.004509,
12,25,7,1.09926,0,0.221825,0,0,0,0.703426,0.753275,1.26059,0,0,0,4.03838,0.915932,0,0,0,0.414127,0,0,0.0340418,0,0,1.3641,0,0,0,0,0,0,0,0,0,0,0,27.0484,355.599,0,0.000230906,0.004509,
12,25,8,1.01086,0,0.221825,0,0,0,0.686679,0.760261,1.32062,0,0,0,4.00025,0.842276,0,0,0,0.0714072,0,0,0.0356628,0,0,0.949346,0,0,0,0,0,0,0,0,0,0,0,27.0412,355.599,0,0.000231015,0.004509,
12,25,9,0.696246,0,0.221825,0,0,0,0.56944,0.735811,1.11052,0,0,0,3.33385,0.58013,0,0,0,0.691629,0,0,0.0299892,0,0,1.30175,0,0,0,0,0,0,0,0,0,0,0,23.7549,355.599,0,0.000153923,0.004509,
12,25,10,0.41228,0,0.221825,0,0,0,0.4857,0.718346,0.960451,0,0,0,2.7986,0.343521,0,0,0,0.195955,0,0,0.0259366,0,0,0.565413,0,0,0,0,0,0,0,0,0,0,0,22.0115,355.599,0,7.65833e-005,0.004509,
12,25,11,0.245176,0,0.221825,0,0,0,0.452204,0.721839,0.990466,0,0,0,2.63151,0.204287,0,0,0,0.131627,0,0,0.0267471,0,0,0.362661,0,0,0,0,0,0,0,0,0,0,0,21.8395,355.599,0,6.29057e-005,0.004509,
12,25,12,0.152054,0,0.221825,0,0,0,0.418708,0.721839,0.990466,0,0,0,2.50489,0.126695,0,0,0,0.130562,0,0,0.0267471,0,0,0.284004,0,0,0,0,0,0,0,0,0,0,0,21.8155,355.599,0,6.03734e-005,0.004509,
12,25,13,0.0780363,0,0.221825,0,0,0,0.351715,0.718346,0.960451,0,0,0,2.33037,0.0650218,0,0,0,0.0456733,0,0,0.0259366,0,0,0.136632,0,0,0,0,0,0,0,0,0,0,0,21.8027,355.599,0,6.02387e-005,0.004509,
12,25,14,0.00819308,0,0.221825,0,0,0,0.351715,0.721839,0.990466,0,0,0,2.29404,0.00682667,0,0,0,0.136993,0,0,0.0267471,0,0,0.170567,0,0,0,0,0,0,0,0,0,0,0,21.8015,355.599,0,6.02192e-005,0.004509,
12,25,15,0,0,0.221825,0,0,0,0.351715,0.728825,1.0505,0,0,0,2.35286,0,0,0,0,0.089522,0,0,0.0283681,0,0,0.11789,0,0,0,0,0,0,0,0,0,0,0,21.8086,355.599,0,6.02687e-005,0.004509,
12,25,16,0,0,0.221825,0,0,0,0.435454,0.735811,1.11052,0,0,0,2.50361,0,0,0,0,0.128269,0,0,0.0299892,0,0,0.158258,0,0,0,0,0,0,0,0,0,0,0,22.1083,355.599,0,6.35992e-005,0.004509,
12,25,17,0,0,0.221825,0,0,0,0.519197,0.760261,1.32062,0,0,0,2.8219,0,0,0,0,0.00110055,0,0,0.0356628,0,0,0.0367634,0,0,0,0,0,0,0,0,0,0,0,27.0302,355.599,0,0.000230525,0.004509,
12,25,18,0.0201921,0,0.221825,0,0,0,0.736923,0.791698,1.59075,0,0,0,3.36139,0.0168245,0,0,0,0.0456017,0,0,0.0429574,0,0,0.105384,0,0,0,0,0,0,0,0,0,0,0,27.2165,355.599,0,0.00023528,0.004509,
12,25,19,0.0643239,0,0.221825,0,0,0,1.40685,0.809163,1.74082,0,0,0,4.24298,0.0535963,0,0,0,0.109503,0,0,0.04701,0,0,0.210109,0,0,0,0,0,0,0,0,0,0,0,27.2155,355.599,0,0.000235213,0.004509,
12,25,20,0.093068,0,0.221825,0,0,0,1.9763,0.816149,1.80085,0,0,0,4.90819,0.0775466,0,0,0,0.035791,0,0,0.0486311,0,0,0.161969,0,0,0,0,0,0,0,0,0,0,0,27.2146,355.599,0,0.000235226,0.004509,
12,25,21,0.192229,0,0.221825,0,0,0,1.89255,0.823135,1.86088,0.382647,0,0,5.37326,0.16017,0,0,0,1.78903,0,0,0.0502522,0,0,1.99945,0,0,0,0,0,0,0,0,0,0,0,27.2148,355.599,0,0.000235264,0.004509,
12,25,22,0.29388,0,0.221825,0,0,0,1.60783,0.816149,1.80085,0.382647,0,0,5.12318,0.244868,0,0,0,0.0836216,0,0,0.0486311,0,0,0.377121,0,0,0,0,0,0,0,0,0,0,0,27.2052,355.599,0,0.000233227,0.004509,
12,25,23,0.406756,0,0.221825,0,0,0,1.05514,0.788205,1.56074,0.382647,0,0,4.41531,0.338918,0,0,0,0.0647595,0,0,0.042147,0,0,0.445825,0,0,0,0,0,0,0,0,0,0,0,27.0885,355.599,0,0.000231842,0.004509,
12,25,24,0.517878,0,0.221825,0,0,0,0.636433,0.763754,1.35064,0.382647,0,0,3.87317,0.431509,0,0,0,0.0273364,0,0,0.0364733,0,0,0.495319,0,0,0,0,0,0,0,0,0,0,0,27.0227,355.599,0,0.000230245,0.004509,
12,26,1,0.58262,0,0.221825,0,0,0,0.385211,0.735811,1.11052,0,0,0,3.03599,0.485454,0,0,0,0.00369446,0,0,0.0299892,0,0,0.519138,0,0,0,0,0,0,0,0,0,0,0,27.1784,355.599,0,0.000241527,0.004509,
12,26,2,0.659672,0,0.221825,0,0,0,0.318218,0.728825,1.0505,0,0,0,2.97903,0.549656,0,0,0,0,0,0,0.0283681,0,0,0.578024,0,0,0,0,0,0,0,0,0,0,0,26.5178,355.599,0,0.000225326,0.004509,
12,26,3,0.732301,0,0.221825,0,0,0,0.251224,0.725332,1.02048,0,0,0,2.95116,0.610172,0,0,0,0,0,0,0.0275576,0,0,0.63773,0,0,0,0,0,0,0,0,0,0,0,26.0489,355.599,0,0.000218317,0.004509,
12,26,4,0.792251,0,0.221825,0,0,0,0.28472,0.725332,1.02048,0,0,0,3.04461,0.660122,0,0,0,0,0,0,0.0275576,0,0,0.68768,0,0,0,0,0,0,0,0,0,0,0,26.1758,355.599,0,0.000218219,0.004509,
12,26,5,0.847547,0,0.221825,0,0,0,0.351715,0.718346,0.960451,0,0,0,3.09988,0.706197,0,0,0,0,0,0,0.0259366,0,0,0.732134,0,0,0,0,0,0,0,0,0,0,0,26.8943,355.599,0,0.000231388,0.004509,
12,26,6,0.808356,0,0.221825,0,0,0,0.519197,0.732318,1.08051,0,0,0,3.36221,0.673542,0,0,0,0.0309603,0,0,0.0291787,0,0,0.733681,0,0,0,0,0,0,0,0,0,0,0,27.3458,355.599,0,0.000247369,0.004509,
12,26,7,0.778362,0,0.221825,0,0,0,0.703426,0.753275,1.26059,0,0,0,3.71748,0.64855,0,0,0,0.198919,0,0,0.0340418,0,0,0.881511,0,0,0,0,0,0,0,0,0,0,0,27.3457,355.599,0,0.000247409,0.004509,
12,26,8,0.786193,0,0.221825,0,0,0,0.686679,0.760261,1.32062,0,0,0,3.77558,0.655075,0,0,0,0.23351,0,0,0.0356628,0,0,0.924248,0,0,0,0,0,0,0,0,0,0,0,27.1814,355.599,0,0.000240207,0.004509,
12,26,9,0.698329,0,0.221825,0,0,0,0.56944,0.735811,1.11052,0,0,0,3.33593,0.581866,0,0,0,0.0832704,0,0,0.0299892,0,0,0.695126,0,0,0,0,0,0,0,0,0,0,0,22.6719,355.599,0,0.000116525,0.004509,
12,26,10,0.644804,0,0.221825,0,0,0,0.4857,0.718346,0.960451,0,0,0,3.03113,0.537267,0,0,0,0.0200362,0,0,0.0259366,0,0,0.58324,0,0,0,0,0,0,0,0,0,0,0,21.6991,355.599,0,7.50884e-005,0.004509,
12,26,11,0.527216,0,0.221825,0,0,0,0.452204,0.721839,0.990466,0,0,0,2.91355,0.439289,0,0,0,0.0231094,0,0,0.0267471,0,0,0.489146,0,0,0,0,0,0,0,0,0,0,0,21.5826,355.599,0,6.80869e-005,0.004509,
12,26,12,0.395665,0,0.221825,0,0,0,0.418708,0.721839,0.990466,0,0,0,2.7485,0.329679,0,0,0,0.168571,0,0,0.0267471,0,0,0.524997,0,0,0,0,0,0,0,0,0,0,0,21.5574,355.599,0,6.74068e-005,0.004509,
12,26,13,0.34488,0,0.221825,0,0,0,0.351715,0.718346,0.960451,0,0,0,2.59722,0.287363,0,0,0,0.00111297,0,0,0.0259366,0,0,0.314413,0,0,0,0,0,0,0,0,0,0,0,21.5434,355.599,0,6.69715e-005,0.004509,
12,26,14,0.309683,0,0.221825,0,0,0,0.351715,0.721839,0.990466,0,0,0,2.59553,0.258036,0,0,0,0.0154321,0,0,0.0267471,0,0,0.300215,0,0,0,0,0,0,0,0,0,0,0,21.556,355.599,0,6.71846e-005,0.004509,
12,26,15,0.306908,0,0.221825,0,0,0,0.351715,0.728825,1.0505,0,0,0,2.65977,0.255723,0,0,0,0.0759395,0,0,0.0283681,0,0,0.360031,0,0,0,0,0,0,0,0,0,0,0,21.6544,355.599,0,6.75753e-005,0.004509,
12,26,16,0.296325,0,0.221825,0,0,0,0.435454,0.735811,1.11052,0,0,0,2.79994,0.246905,0,0,0,0.0313498,0,0,0.0299892,0,0,0.308244,0,0,0,0,0,0,0,0,0,0,0,22.0525,355.599,0,7.65656e-005,0.004509,
12,26,17,0.339519,0,0.221825,0,0,0,0.519197,0.760261,1.32062,0,0,0,3.16142,0.282895,0,0,0,0.15576,0,0,0.0356628,0,0,0.474318,0,0,0,0,0,0,0,0,0,0,0,27.3289,355.599,0,0.000246691,0.004509,
12,26,18,0.369437,0,0.221825,0,0,0,0.736923,0.791698,1.59075,0,0,0,3.71063,0.307824,0,0,0,0.017915,0,0,0.0429574,0,0,0.368696,0,0,0,0,0,0,0,0,0,0,0,27.3371,355.599,0,0.000246706,0.004509,
12,26,19,0.327975,0,0.221825,0,0,0,1.40685,0.809163,1.74082,0,0,0,4.50664,0.273277,0,0,0,0.232589,0,0,0.04701,0,0,0.552876,0,0,0,0,0,0,0,0,0,0,0,27.3367,355.599,0,0.000246664,0.004509,
12,26,20,0.285332,0,0.221825,0,0,0,1.9763,0.816149,1.80085,0,0,0,5.10045,0.237746,0,0,0,0.0307192,0,0,0.0486311,0,0,0.317096,0,0,0,0,0,0,0,0,0,0,0,27.3347,355.599,0,0.0002466,0.004509,
12,26,21,0.309631,0,0.221825,0,0,0,1.89255,0.823135,1.86088,0.382647,0,0,5.49067,0.257991,0,0,0,0.0950801,0,0,0.0502522,0,0,0.403323,0,0,0,0,0,0,0,0,0,0,0,27.334,355.599,0,0.000246596,0.004509,
12,26,22,0.338441,0,0.221825,0,0,0,1.60783,0.816149,1.80085,0.382647,0,0,5.16774,0.281996,0,0,0,0.0268759,0,0,0.0486311,0,0,0.357503,0,0,0,0,0,0,0,0,0,0,0,27.3342,355.599,0,0.000246584,0.004509,
12,26,23,0.399936,0,0.221825,0,0,0,1.05514,0.788205,1.56074,0.382647,0,0,4.40849,0.333237,0,0,0,0,0,0,0.042147,0,0,0.375384,0,0,0,0,0,0,0,0,0,0,0,27.3302,355.599,0,0.000246602,0.004509,
12,26,24,0.497673,0,0.221825,0,0,0,0.636433,0.763754,1.35064,0.382647,0,0,3.85297,0.414673,0,0,0,0.00817799,0,0,0.0364733,0,0,0.459324,0,0,0,0,0,0,0,0,0,0,0,27.1773,355.599,0,0.000244039,0.004509,
12,27,1,0.556597,0,0.221825,0,0,0,0.385211,0.735811,1.11052,0,0,0,3.00997,0.463771,0,0,0,0.0150757,0,0,0.0299892,0,0,0.508836,0,0,0,0,0,0,0,0,0,0,0,27.903,355.599,0,0.000269804,0.004509,
12,27,2,0.570642,0,0.221825,0,0,0,0.318218,0.728825,1.0505,0,0,0,2.89001,0.475474,0,0,0,0.00148774,0,0,0.0283681,0,0,0.50533,0,0,0,0,0,0,0,0,0,0,0,27.8267,355.599,0,0.000266525,0.004509,
12,27,3,0.580551,0,0.221825,0,0,0,0.251224,0.725332,1.02048,0,0,0,2.79941,0.483731,0,0,0,0.000370089,0,0,0.0275576,0,0,0.511659,0,0,0,0,0,0,0,0,0,0,0,27.5695,355.599,0,0.000257157,0.004509,
12,27,4,0.589124,0,0.221825,0,0,0,0.28472,0.725332,1.02048,0,0,0,2.84148,0.490872,0,0,0,0.00169433,0,0,0.0275576,0,0,0.520124,0,0,0,0,0,0,0,0,0,0,0,27.46,355.599,0,0.000258235,0.004509,
12,27,5,0.63439,0,0.221825,0,0,0,0.351715,0.718346,0.960451,0,0,0,2.88673,0.52859,0,0,0,0.000635488,0,0,0.0259366,0,0,0.555162,0,0,0,0,0,0,0,0,0,0,0,27.6496,355.599,0,0.000261809,0.004509,
12,27,6,0.624584,0,0.221825,0,0,0,0.519197,0.732318,1.08051,0,0,0,3.17843,0.52042,0,0,0,0.00132332,0,0,0.0291787,0,0,0.550922,0,0,0,0,0,0,0,0,0,0,0,28.208,355.599,0,0.000275787,0.004509,
12,27,7,0.59092,0,0.221825,0,0,0,0.703426,0.753275,1.26059,0,0,0,3.53004,0.492369,0,0,0,0.0176058,0,0,0.0340418,0,0,0.544017,0,0,0,0,0,0,0,0,0,0,0,28.2085,355.599,0,0.000275928,0.004509,
12,27,8,0.586304,0,0.221825,0,0,0,0.686679,0.760261,1.32062,0,0,0,3.57569,0.488523,0,0,0,0.0206842,0,0,0.0356628,0,0,0.54487,0,0,0,0,0,0,0,0,0,0,0,28.2022,355.599,0,0.000275763,0.004509,
12,27,9,0.554619,0,0.221825,0,0,0,0.56944,0.735811,1.11052,0,0,0,3.19222,0.462123,0,0,0,0.045731,0,0,0.0299892,0,0,0.537843,0,0,0,0,0,0,0,0,0,0,0,26.2345,355.599,0,0.000229501,0.004509,
12,27,10,0.389402,0,0.221825,0,0,0,0.4857,0.718346,0.960451,0,0,0,2.77572,0.32446,0,0,0,0.943438,0,0,0.0259366,0,0,1.29383,0,0,0,0,0,0,0,0,0,0,0,25.3363,355.599,0,0.000191523,0.004509,
12,27,11,0.33005,0,0.221825,0,0,0,0.452204,0.721839,0.990466,0,0,0,2.71638,0.275006,0,0,0,0.277229,0,0,0.0267471,0,0,0.578982,0,0,0,0,0,0,0,0,0,0,0,25.3154,355.599,0,0.00017829,0.004509,
12,27,12,0.256904,0,0.221825,0,0,0,0.418708,0.721839,0.990466,0,0,0,2.60974,0.214058,0,0,0,0.312568,0,0,0.0267471,0,0,0.553373,0,0,0,0,0,0,0,0,0,0,0,25.306,355.599,0,0.000177806,0.004509,
12,27,13,0.201265,0,0.221825,0,0,0,0.351715,0.718346,0.960451,0,0,0,2.4536,0.167699,0,0,0,0.35975,0,0,0.0259366,0,0,0.553386,0,0,0,0,0,0,0,0,0,0,0,25.3034,355.599,0,0.000178494,0.004509,
12,27,14,0.134567,0,0.221825,0,0,0,0.351715,0.721839,0.990466,0,0,0,2.42041,0.112124,0,0,0,0.094922,0,0,0.0267471,0,0,0.233793,0,0,0,0,0,0,0,0,0,0,0,25.3115,355.599,0,0.000184411,0.004509,
12,27,15,0.0997195,0,0.221825,0,0,0,0.351715,0.728825,1.0505,0,0,0,2.45258,0.0830887,0,0,0,0.171812,0,0,0.0283681,0,0,0.283269,0,0,0,0,0,0,0,0,0,0,0,25.8514,355.599,0,0.000214193,0.004509,
12,27,16,0.177711,0,0.221825,0,0,0,0.435454,0.735811,1.11052,0,0,0,2.68133,0.148073,0,0,0,0.0431084,0,0,0.0299892,0,0,0.221171,0,0,0,0,0,0,0,0,0,0,0,28.1373,355.599,0,0.00027532,0.004509,
12,27,17,0.213164,0,0.221825,0,0,0,0.519197,0.760261,1.32062,0,0,0,3.03507,0.177613,0,0,0,0.0344322,0,0,0.0356628,0,0,0.247708,0,0,0,0,0,0,0,0,0,0,0,28.2606,355.599,0,0.000277761,0.004509,
12,27,18,0.231392,0,0.221825,0,0,0,0.736923,0.791698,1.59075,0,0,0,3.57259,0.192802,0,0,0,0.114619,0,0,0.0429574,0,0,0.350378,0,0,0,0,0,0,0,0,0,0,0,28.2638,355.599,0,0.000277865,0.004509,
12,27,19,0.235696,0,0.221825,0,0,0,1.40685,0.809163,1.74082,0,0,0,4.41436,0.196388,0,0,0,0.346479,0,0,0.04701,0,0,0.589877,0,0,0,0,0,0,0,0,0,0,0,28.2629,355.599,0,0.000277874,0.004509,
12,27,20,0.207939,0,0.221825,0,0,0,1.9763,0.816149,1.80085,0,0,0,5.02306,0.17326,0,0,0,0.058999,0,0,0.0486311,0,0,0.28089,0,0,0,0,0,0,0,0,0,0,0,28.2615,355.599,0,0.000277822,0.004509,
12,27,21,0.198559,0,0.221825,0,0,0,1.89255,0.823135,1.86088,0.382647,0,0,5.37959,0.165445,0,0,0,0.105395,0,0,0.0502522,0,0,0.321092,0,0,0,0,0,0,0,0,0,0,0,28.2593,355.599,0,0.000277803,0.004509,
12,27,22,0.247399,0,0.221825,0,0,0,1.60783,0.816149,1.80085,0.382647,0,0,5.0767,0.206139,0,0,0,0.152522,0,0,0.0486311,0,0,0.407292,0,0,0,0,0,0,0,0,0,0,0,28.5973,355.599,0,0.000277296,0.004509,
12,27,23,0.327477,0,0.221825,0,0,0,1.05514,0.788205,1.56074,0.382647,0,0,4.33603,0.272863,0,0,0,0.041202,0,0,0.042147,0,0,0.356212,0,0,0,0,0,0,0,0,0,0,0,28.2133,355.599,0,0.000276176,0.004509,
12,27,24,0.423877,0,0.221825,0,0,0,0.636433,0.763754,1.35064,0.382647,0,0,3.77917,0.353185,0,0,0,0.053045,0,0,0.0364733,0,0,0.442703,0,0,0,0,0,0,0,0,0,0,0,27.8108,355.599,0,0.000262947,0.004509,
12,28,1,0.480906,0,0.221825,0,0,0,0.385211,0.735811,1.11052,0,0,0,2.93428,0.400703,0,0,0,0,0,0,0.0299892,0,0,0.430692,0,0,0,0,0,0,0,0,0,0,0,26.9096,355.599,0,0.000247247,0.004509,
12,28,2,0.507482,0,0.221825,0,0,0,0.318218,0.728825,1.0505,0,0,0,2.82685,0.422848,0,0,0,0,0,0,0.0283681,0,0,0.451216,0,0,0,0,0,0,0,0,0,0,0,26.5054,355.599,0,0.00023538,0.004509,
12,28,3,0.543332,0,0.221825,0,0,0,0.251224,0.725332,1.02048,0,0,0,2.76219,0.452718,0,0,0,0.00180235,0,0,0.0275576,0,0,0.482078,0,0,0,0,0,0,0,0,0,0,0,26.4818,355.599,0,0.000233561,0.004509,
12,28,4,0.569716,0,0.221825,0,0,0,0.28472,0.725332,1.02048,0,0,0,2.82207,0.474702,0,0,0,0,0,0,0.0275576,0,0,0.50226,0,0,0,0,0,0,0,0,0,0,0,26.4682,355.599,0,0.000230135,0.004509,
12,28,5,0.578766,0,0.221825,0,0,0,0.351715,0.718346,0.960451,0,0,0,2.8311,0.482243,0,0,0,0,0,0,0.0259366,0,0,0.50818,0,0,0,0,0,0,0,0,0,0,0,26.4824,355.599,0,0.000233948,0.004509,
12,28,6,0.548842,0,0.221825,0,0,0,0.519197,0.732318,1.08051,0,0,0,3.10269,0.457308,0,0,0,0.00314695,0,0,0.0291787,0,0,0.489634,0,0,0,0,0,0,0,0,0,0,0,26.8676,355.599,0,0.000245451,0.004509,
12,28,7,0.494537,0,0.221825,0,0,0,0.703426,0.753275,1.26059,0,0,0,3.43366,0.412059,0,0,0,0.0250773,0,0,0.0340418,0,0,0.471178,0,0,0,0,0,0,0,0,0,0,0,37.8176,355.599,0,0.000261941,0.004509,
12,28,8,0.479385,0,0.221825,0,0,0,0.686679,0.760261,1.32062,0,0,0,3.46877,0.399434,0,0,0,0.362849,0,0,0.0356628,0,0,0.797946,0,0,0,0,0,0,0,0,0,0,0,33.3432,355.599,0,0.000275023,0.004509,
12,28,9,0.53165,0,0.221825,0,0,0,0.56944,0.735811,1.11052,0,0,0,3.16925,0.442984,0,0,0,0.695404,0,0,0.0299892,0,0,1.16838,0,0,0,0,0,0,0,0,0,0,0,26.8134,355.599,0,0.000252841,0.004509,
12,28,10,0.488306,0,0.221825,0,0,0,0.4857,0.718346,0.960451,0,0,0,2.87463,0.406869,0,0,0,0.224252,0,0,0.0259366,0,0,0.657058,0,0,0,0,0,0,0,0,0,0,0,26.128,355.599,0,0.000226732,0.004509,
12,28,11,0.422392,0,0.221825,0,0,0,0.452204,0.721839,0.990466,0,0,0,2.80873,0.351946,0,0,0,0.112806,0,0,0.0267471,0,0,0.491499,0,0,0,0,0,0,0,0,0,0,0,25.3886,355.599,0,0.000189391,0.004509,
12,28,12,0.332342,0,0.221825,0,0,0,0.418708,0.721839,0.990466,0,0,0,2.68518,0.276915,0,0,0,0.138845,0,0,0.0267471,0,0,0.442507,0,0,0,0,0,0,0,0,0,0,0,25.3839,355.599,0,0.000185135,0.004509,
12,28,13,0.256475,0,0.221825,0,0,0,0.351715,0.718346,0.960451,0,0,0,2.50881,0.213701,0,0,0,0.0265993,0,0,0.0259366,0,0,0.266237,0,0,0,0,0,0,0,0,0,0,0,25.3772,355.599,0,0.000183706,0.004509,
12,28,14,0.194409,0,0.221825,0,0,0,0.351715,0.721839,0.990466,0,0,0,2.48025,0.161987,0,0,0,0.0254022,0,0,0.0267471,0,0,0.214136,0,0,0,0,0,0,0,0,0,0,0,25.4415,355.599,0,0.000194283,0.004509,
12,28,15,0.145328,0,0.221825,0,0,0,0.351715,0.728825,1.0505,0,0,0,2.49819,0.121091,0,0,0,0.451353,0,0,0.0283681,0,0,0.600812,0,0,0,0,0,0,0,0,0,0,0,26.1718,355.599,0,0.00022869,0.004509,
12,28,16,0.128486,0,0.221825,0,0,0,0.435454,0.735811,1.11052,0,0,0,2.6321,0.107057,0,0,0,0.378884,0,0,0.0299892,0,0,0.51593,0,0,0,0,0,0,0,0,0,0,0,27.3471,355.599,0,0.000261736,0.004509,
12,28,17,0.243373,0,0.221825,0,0,0,0.519197,0.760261,1.32062,0,0,0,3.06528,0.202784,0,0,0,0.157288,0,0,0.0356628,0,0,0.395735,0,0,0,0,0,0,0,0,0,0,0,28.4356,355.599,0,0.000284017,0.004509,
12,28,18,0.318546,0,0.221825,0,0,0,0.736923,0.791698,1.59075,0,0,0,3.65974,0.265421,0,0,0,0.137372,0,0,0.0429574,0,0,0.44575,0,0,0,0,0,0,0,0,0,0,0,28.4961,355.599,0,0.000286496,0.004509,
12,28,19,0.293558,0,0.221825,0,0,0,1.40685,0.809163,1.74082,0,0,0,4.47222,0.244601,0,0,0,0.238502,0,0,0.04701,0,0,0.530113,0,0,0,0,0,0,0,0,0,0,0,28.5636,355.599,0,0.000286459,0.004509,
12,28,20,0.284972,0,0.221825,0,0,0,1.9763,0.816149,1.80085,0,0,0,5.10009,0.237446,0,0,0,0.0890516,0,0,0.0486311,0,0,0.375129,0,0,0,0,0,0,0,0,0,0,0,31.8317,355.599,0,0.000286455,0.004509,
12,28,21,0.311301,0,0.221825,0,0,0,1.89255,0.823135,1.86088,0.382647,0,0,5.49234,0.259385,0,0,0,0.138587,0,0,0.0502522,0,0,0.448224,0,0,0,0,0,0,0,0,0,0,0,33.5994,355.599,0,0.000284638,0.004509,
12,28,22,0.353203,0,0.221825,0,0,0,1.60783,0.816149,1.80085,0.382647,0,0,5.1825,0.294298,0,0,0,0.0380752,0,0,0.0486311,0,0,0.381004,0,0,0,0,0,0,0,0,0,0,0,34.7287,355.599,0,0.000281357,0.004509,
12,28,23,0.439936,0,0.221825,0,0,0,1.05514,0.788205,1.56074,0.382647,0,0,4.44849,0.366566,0,0,0,0.0127687,0,0,0.042147,0,0,0.421482,0,0,0,0,0,0,0,0,0,0,0,28.3054,355.599,0,0.000276156,0.004509,
12,28,24,0.502954,0,0.221825,0,0,0,0.636433,0.763754,1.35064,0.382647,0,0,3.85825,0.419074,0,0,0,0.0133826,0,0,0.0364733,0,0,0.46893,0,0,0,0,0,0,0,0,0,0,0,27.8337,355.599,0,0.000260575,0.004509,
12,29,1,0.55755,0,0.221825,0,0,0,0.385211,0.735811,1.11052,0,0,0,3.01092,0.464565,0,0,0,0.00183697,0,0,0.0299892,0,0,0.496391,0,0,0,0,0,0,0,0,0,0,0,26.1919,355.599,0,0.00021664,0.004509,
12,29,2,0.614654,0,0.221825,0,0,0,0.318218,0.728825,1.0505,0,0,0,2.93402,0.512146,0,0,0,0.0424685,0,0,0.0283681,0,0,0.582983,0,0,0,0,0,0,0,0,0,0,0,25.8498,355.599,0,0.000213866,0.004509,
12,29,3,0.675727,0,0.221825,0,0,0,0.251224,0.725332,1.02048,0,0,0,2.89459,0.563031,0,0,0,0.0222284,0,0,0.0275576,0,0,0.612817,0,0,0,0,0,0,0,0,0,0,0,25.7009,355.599,0,0.000213928,0.004509,
12,29,4,0.721838,0,0.221825,0,0,0,0.28472,0.725332,1.02048,0,0,0,2.9742,0.601454,0,0,0,0.000918483,0,0,0.0275576,0,0,0.62993,0,0,0,0,0,0,0,0,0,0,0,25.782,355.599,0,0.000214564,0.004509,
12,29,5,0.756448,0,0.221825,0,0,0,0.351715,0.718346,0.960451,0,0,0,3.00878,0.630291,0,0,0,0,0,0,0.0259366,0,0,0.656228,0,0,0,0,0,0,0,0,0,0,0,30.0547,355.599,0,0.000219468,0.004509,
12,29,6,0.731377,0,0.221825,0,0,0,0.519197,0.732318,1.08051,0,0,0,3.28523,0.609403,0,0,0,0.0151212,0,0,0.0291787,0,0,0.653703,0,0,0,0,0,0,0,0,0,0,0,47.6847,355.599,0,0.000231515,0.004509,
12,29,7,0.681076,0,0.221825,0,0,0,0.703426,0.753275,1.26059,0,0,0,3.6202,0.567489,0,0,0,0.806186,0,0,0.0340418,0,0,1.40772,0,0,0,0,0,0,0,0,0,0,0,84.2681,355.599,0,0.000242731,0.004509,
12,29,8,0.673139,0,0.221825,0,0,0,0.686679,0.760261,1.32062,0,0,0,3.66253,0.560876,0,0,0,0.511835,0,0,0.0356628,0,0,1.10837,0,0,0,0,0,0,0,0,0,0,0,83.038,355.599,0,0.00024263,0.004509,
12,29,9,0.673212,0,0.221825,0,0,0,0.56944,0.735811,1.11052,0,0,0,3.31081,0.560937,0,0,0,0.236483,0,0,0.0299892,0,0,0.827409,0,0,0,0,0,0,0,0,0,0,0,27.2443,355.599,0,0.000243504,0.004509,
12,29,10,0.484924,0,0.221825,0,0,0,0.4857,0.718346,0.960451,0,0,0,2.87125,0.40405,0,0,0,0.369473,0,0,0.0259366,0,0,0.79946,0,0,0,0,0,0,0,0,0,0,0,27.0536,355.599,0,0.000241989,0.004509,
12,29,11,0.457374,0,0.221825,0,0,0,0.452204,0.721839,0.990466,0,0,0,2.84371,0.381095,0,0,0,0.113478,0,0,0.0267471,0,0,0.52132,0,0,0,0,0,0,0,0,0,0,0,26.8319,355.599,0,0.000241983,0.004509,
12,29,12,0.45075,0,0.221825,0,0,0,0.418708,0.721839,0.990466,0,0,0,2.80359,0.375575,0,0,0,0.139133,0,0,0.0267471,0,0,0.541455,0,0,0,0,0,0,0,0,0,0,0,24.9106,355.599,0,0.000176482,0.004509,
12,29,13,0.269241,0,0.221825,0,0,0,0.351715,0.718346,0.960451,0,0,0,2.52158,0.224338,0,0,0,0.081305,0,0,0.0259366,0,0,0.33158,0,0,0,0,0,0,0,0,0,0,0,24.906,355.599,0,0.000165569,0.004509,
12,29,14,0.127168,0,0.221825,0,0,0,0.351715,0.721839,0.990466,0,0,0,2.41301,0.10596,0,0,0,0.145044,0,0,0.0267471,0,0,0.277751,0,0,0,0,0,0,0,0,0,0,0,24.9116,355.599,0,0.000167983,0.004509,
12,29,15,0.123321,0,0.221825,0,0,0,0.351715,0.728825,1.0505,0,0,0,2.47618,0.102754,0,0,0,0.0837899,0,0,0.0283681,0,0,0.214912,0,0,0,0,0,0,0,0,0,0,0,24.9581,355.599,0,0.00017703,0.004509,
12,29,16,0.101243,0,0.221825,0,0,0,0.435454,0.735811,1.11052,0,0,0,2.60486,0.0843581,0,0,0,0.0864433,0,0,0.0299892,0,0,0.200791,0,0,0,0,0,0,0,0,0,0,0,25.3995,355.599,0,0.000195328,0.004509,
12,29,17,0.199297,0,0.221825,0,0,0,0.519197,0.760261,1.32062,0,0,0,3.0212,0.166059,0,0,0,0.0880349,0,0,0.0356628,0,0,0.289757,0,0,0,0,0,0,0,0,0,0,0,27.4614,355.599,0,0.00025019,0.004509,
12,29,18,0.31629,0,0.221825,0,0,0,0.736923,0.791698,1.59075,0,0,0,3.65749,0.26354,0,0,0,0.0738162,0,0,0.0429574,0,0,0.380314,0,0,0,0,0,0,0,0,0,0,0,28.7206,355.599,0,0.000250341,0.004509,
12,29,19,0.319839,0,0.221825,0,0,0,1.40685,0.809163,1.74082,0,0,0,4.4985,0.266499,0,0,0,0.139817,0,0,0.04701,0,0,0.453326,0,0,0,0,0,0,0,0,0,0,0,33.0998,355.599,0,0.000250324,0.004509,
12,29,20,0.289482,0,0.221825,0,0,0,1.9763,0.816149,1.80085,0,0,0,5.1046,0.241204,0,0,0,0.11405,0,0,0.0486311,0,0,0.403885,0,0,0,0,0,0,0,0,0,0,0,36.8685,355.599,0,0.000250323,0.004509,
12,29,21,0.298154,0,0.221825,0,0,0,1.89255,0.823135,1.86088,0.382647,0,0,5.47919,0.248428,0,0,0,0.212767,0,0,0.0502522,0,0,0.511447,0,0,0,0,0,0,0,0,0,0,0,51.3487,355.599,0,0.00024895,0.004509,
12,29,22,0.360662,0,0.221825,0,0,0,1.60783,0.816149,1.80085,0.382647,0,0,5.18996,0.300513,0,0,0,0.0572822,0,0,0.0486311,0,0,0.406426,0,0,0,0,0,0,0,0,0,0,0,69.2905,355.599,0,0.000247547,0.004509,
12,29,23,0.449944,0,0.221825,0,0,0,1.05514,0.788205,1.56074,0.382647,0,0,4.4585,0.374903,0,0,0,0.255059,0,0,0.042147,0,0,0.672109,0,0,0,0,0,0,0,0,0,0,0,65.6131,355.599,0,0.000242938,0.004509,
12,29,24,0.486134,0,0.221825,0,0,0,0.636433,0.763754,1.35064,0.382647,0,0,3.84143,0.405058,0,0,0,0.0195163,0,0,0.0364733,0,0,0.461048,0,0,0,0,0,0,0,0,0,0,0,61.3398,355.599,0,0.000242285,0.004509,
12,30,1,0.512181,0,0.221825,0,0,0,0.385211,0.735811,1.11052,0,0,0,2.96555,0.426761,0,0,0,0.00440205,0,0,0.0299892,0,0,0.461152,0,0,0,0,0,0,0,0,0,0,0,30.0907,355.599,0,0.000223122,0.004509,
12,30,2,0.575557,0,0.221825,0,0,0,0.318218,0.728825,1.0505,0,0,0,2.89492,0.479569,0,0,0,0.00519675,0,0,0.0283681,0,0,0.513134,0,0,0,0,0,0,0,0,0,0,0,29.7621,355.599,0,0.000216208,0.004509,
12,30,3,0.628567,0,0.221825,0,0,0,0.251224,0.725332,1.02048,0,0,0,2.84743,0.523737,0,0,0,0.00325965,0,0,0.0275576,0,0,0.554554,0,0,0,0,0,0,0,0,0,0,0,27.1299,355.599,0,0.000208307,0.004509,
12,30,4,0.67204,0,0.221825,0,0,0,0.28472,0.725332,1.02048,0,0,0,2.9244,0.559961,0,0,0,0.00186846,0,0,0.0275576,0,0,0.589387,0,0,0,0,0,0,0,0,0,0,0,27.6932,355.599,0,0.000208085,0.004509,
12,30,5,0.687655,0,0.221825,0,0,0,0.351715,0.718346,0.960451,0,0,0,2.93999,0.572971,0,0,0,0.00186822,0,0,0.0259366,0,0,0.600776,0,0,0,0,0,0,0,0,0,0,0,31.5983,355.599,0,0.000207716,0.004509,
12,30,6,0.637189,0,0.221825,0,0,0,0.519197,0.732318,1.08051,0,0,0,3.19104,0.530922,0,0,0,0.0213265,0,0,0.0291787,0,0,0.581427,0,0,0,0,0,0,0,0,0,0,0,46.0671,355.599,0,0.000213488,0.004509,
12,30,7,0.597348,0,0.221825,0,0,0,0.703426,0.753275,1.26059,0,0,0,3.53647,0.497724,0,0,0,0.0384999,0,0,0.0340418,0,0,0.570266,0,0,0,0,0,0,0,0,0,0,0,72.0567,355.599,0,0.000233874,0.004509,
12,30,8,0.462717,0,0.221825,0,0,0,0.686679,0.760261,1.32062,0,0,0,3.4521,0.385547,0,0,0,0.416218,0,0,0.0356628,0,0,0.837428,0,0,0,0,0,0,0,0,0,0,0,67.2458,355.599,0,0.00023655,0.004509,
12,30,9,0.314971,0,0.221825,0,0,0,0.56944,0.735811,1.11052,0,0,0,2.95257,0.262442,0,0,0,0.481508,0,0,0.0299892,0,0,0.773939,0,0,0,0,0,0,0,0,0,0,0,25.2847,355.599,0,0.000193038,0.004509,
12,30,10,0.259116,0,0.221825,0,0,0,0.4857,0.718346,0.960451,0,0,0,2.64544,0.215902,0,0,0,0.426475,0,0,0.0259366,0,0,0.668314,0,0,0,0,0,0,0,0,0,0,0,24.4433,355.599,0,0.000148233,0.004509,
12,30,11,0.176007,0,0.221825,0,0,0,0.452204,0.721839,0.990466,0,0,0,2.56234,0.146653,0,0,0,0.0942808,0,0,0.0267471,0,0,0.267681,0,0,0,0,0,0,0,0,0,0,0,24.3078,355.599,0,0.000143844,0.004509,
12,30,12,0.153496,0,0.221825,0,0,0,0.418708,0.721839,0.990466,0,0,0,2.50633,0.127897,0,0,0,0.178464,0,0,0.0267471,0,0,0.333108,0,0,0,0,0,0,0,0,0,0,0,24.3158,355.599,0,0.000140835,0.004509,
12,30,13,0.149865,0,0.221825,0,0,0,0.351715,0.718346,0.960451,0,0,0,2.4022,0.124871,0,0,0,0.0268652,0,0,0.0259366,0,0,0.177673,0,0,0,0,0,0,0,0,0,0,0,24.3164,355.599,0,0.000140403,0.004509,
12,30,14,0.198771,0,0.221825,0,0,0,0.351715,0.721839,0.990466,0,0,0,2.48461,0.16562,0,0,0,0.0152328,0,0,0.0267471,0,0,0.2076,0,0,0,0,0,0,0,0,0,0,0,24.3119,355.599,0,0.000140394,0.004509,
12,30,15,0.258664,0,0.221825,0,0,0,0.351715,0.728825,1.0505,0,0,0,2.61152,0.215525,0,0,0,0.779835,0,0,0.0283681,0,0,1.02373,0,0,0,0,0,0,0,0,0,0,0,24.3333,355.599,0,0.000141055,0.004509,
12,30,16,0.315044,0,0.221825,0,0,0,0.435454,0.735811,1.11052,0,0,0,2.81866,0.262503,0,0,0,0.156307,0,0,0.0299892,0,0,0.448799,0,0,0,0,0,0,0,0,0,0,0,24.3723,355.599,0,0.000143214,0.004509,
12,30,17,0.334508,0,0.221825,0,0,0,0.519197,0.760261,1.32062,0,0,0,3.15641,0.278719,0,0,0,0.108789,0,0,0.0356628,0,0,0.423171,0,0,0,0,0,0,0,0,0,0,0,27.181,355.599,0,0.000242516,0.004509,
12,30,18,0.325944,0,0.221825,0,0,0,0.736923,0.791698,1.59075,0,0,0,3.66714,0.271585,0,0,0,0.0902199,0,0,0.0429574,0,0,0.404762,0,0,0,0,0,0,0,0,0,0,0,27.3473,355.599,0,0.000244423,0.004509,
12,30,19,0.291229,0,0.221825,0,0,0,1.40685,0.809163,1.74082,0,0,0,4.46989,0.242659,0,0,0,0.242747,0,0,0.04701,0,0,0.532416,0,0,0,0,0,0,0,0,0,0,0,27.3467,355.599,0,0.000244358,0.004509,
12,30,20,0.265062,0,0.221825,0,0,0,1.9763,0.816149,1.80085,0,0,0,5.08018,0.220856,0,0,0,0.193214,0,0,0.0486311,0,0,0.462701,0,0,0,0,0,0,0,0,0,0,0,30.285,355.599,0,0.000244369,0.004509,
12,30,21,0.286821,0,0.221825,0,0,0,1.89255,0.823135,1.86088,0.382647,0,0,5.46786,0.238986,0,0,0,0.0742526,0,0,0.0502522,0,0,0.363491,0,0,0,0,0,0,0,0,0,0,0,32.5682,355.599,0,0.000242017,0.004509,
12,30,22,0.327641,0,0.221825,0,0,0,1.60783,0.816149,1.80085,0.382647,0,0,5.15694,0.272998,0,0,0,0.0832731,0,0,0.0486311,0,0,0.404902,0,0,0,0,0,0,0,0,0,0,0,50.158,355.599,0,0.000241365,0.004509,
12,30,23,0.383209,0,0.221825,0,0,0,1.05514,0.788205,1.56074,0.382647,0,0,4.39176,0.3193,0,0,0,0.0708161,0,0,0.042147,0,0,0.432263,0,0,0,0,0,0,0,0,0,0,0,54.9929,355.599,0,0.000234841,0.004509,
12,30,24,0.437192,0,0.221825,0,0,0,0.636433,0.763754,1.35064,0.382647,0,0,3.79249,0.364279,0,0,0,0.0384761,0,0,0.0364733,0,0,0.439228,0,0,0,0,0,0,0,0,0,0,0,69.103,355.599,0,0.000228246,0.004509,
12,31,1,0.489411,0,0.221825,0,0,0,0.385211,0.735811,1.11052,0,0,0,2.94278,0.407788,0,0,0,0.036893,0,0,0.0299892,0,0,0.47467,0,0,0,0,0,0,0,0,0,0,0,47.12,355.599,0,0.000239026,0.004509,
12,31,2,0.506234,0,0.221825,0,0,0,0.318218,0.728825,1.0505,0,0,0,2.8256,0.421806,0,0,0,0.0435391,0,0,0.0283681,0,0,0.493713,0,0,0,0,0,0,0,0,0,0,0,37.2395,355.599,0,0.000224777,0.004509,
12,31,3,0.513224,0,0.221825,0,0,0,0.251224,0.725332,1.02048,0,0,0,2.73209,0.42763,0,0,0,0.0227955,0,0,0.0275576,0,0,0.477983,0,0,0,0,0,0,0,0,0,0,0,32.6723,355.599,0,0.000219228,0.004509,
12,31,4,0.519991,0,0.221825,0,0,0,0.28472,0.725332,1.02048,0,0,0,2.77235,0.433269,0,0,0,0,0,0,0.0275576,0,0,0.460827,0,0,0,0,0,0,0,0,0,0,0,31.0783,355.599,0,0.000218598,0.004509,
12,31,5,0.510906,0,0.221825,0,0,0,0.351715,0.718346,0.960451,0,0,0,2.76324,0.4257,0,0,0,0,0,0,0.0259366,0,0,0.451637,0,0,0,0,0,0,0,0,0,0,0,37.8963,355.599,0,0.000222982,0.004509,
12,31,6,0.472107,0,0.221825,0,0,0,0.519197,0.732318,1.08051,0,0,0,3.02596,0.393371,0,0,0,0.00619156,0,0,0.0291787,0,0,0.428741,0,0,0,0,0,0,0,0,0,0,0,61.1993,355.599,0,0.000246608,0.004509,
12,31,7,0.429396,0,0.221825,0,0,0,0.703426,0.753275,1.26059,0,0,0,3.36852,0.357783,0,0,0,0.162606,0,0,0.0340418,0,0,0.554431,0,0,0,0,0,0,0,0,0,0,0,96.2851,355.599,0,0.000259174,0.004509,
12,31,8,0.39267,0,0.221825,0,0,0,0.686679,0.760261,1.32062,0,0,0,3.38206,0.327182,0,0,0,0.248375,0,0,0.0356628,0,0,0.61122,0,0,0,0,0,0,0,0,0,0,0,79.8774,355.599,0,0.000258143,0.004509,
12,31,9,0.448315,0,0.221825,0,0,0,0.56944,0.735811,1.11052,0,0,0,3.08592,0.373547,0,0,0,1.0465,0,0,0.0299892,0,0,1.45004,0,0,0,0,0,0,0,0,0,0,0,24.366,355.599,0,0.000176717,0.004509,
12,31,10,0.480481,0,0.221825,0,0,0,0.4857,0.718346,0.960451,0,0,0,2.8668,0.40035,0,0,0,0.441883,0,0,0.0259366,0,0,0.86817,0,0,0,0,0,0,0,0,0,0,0,23.9926,355.599,0,0.000156591,0.004509,
12,31,11,0.418488,0,0.221825,0,0,0,0.452204,0.721839,0.990466,0,0,0,2.80482,0.348693,0,0,0,0.115354,0,0,0.0267471,0,0,0.490794,0,0,0,0,0,0,0,0,0,0,0,23.9888,355.599,0,0.000151803,0.004509,
12,31,12,0.23293,0,0.221825,0,0,0,0.418708,0.721839,0.990466,0,0,0,2.58577,0.194083,0,0,0,0.0520776,0,0,0.0267471,0,0,0.272908,0,0,0,0,0,0,0,0,0,0,0,23.9844,355.599,0,0.000151722,0.004509,
12,31,13,0.155333,0,0.221825,0,0,0,0.351715,0.718346,0.960451,0,0,0,2.40767,0.129427,0,0,0,0.0843126,0,0,0.0259366,0,0,0.239676,0,0,0,0,0,0,0,0,0,0,0,24.013,355.599,0,0.000154447,0.004509,
12,31,14,0.0930604,0,0.221825,0,0,0,0.351715,0.721839,0.990466,0,0,0,2.3789,0.0775402,0,0,0,0.0290088,0,0,0.0267471,0,0,0.133296,0,0,0,0,0,0,0,0,0,0,0,24.2018,355.599,0,0.000157395,0.004509,
12,31,15,0.0302131,0,0.221825,0,0,0,0.351715,0.728825,1.0505,0,0,0,2.38307,0.0251742,0,0,0,0.293358,0,0,0.0283681,0,0,0.3469,0,0,0,0,0,0,0,0,0,0,0,25.1223,355.599,0,0.000205128,0.004509,
12,31,16,0.0372922,0,0.221825,0,0,0,0.435454,0.735811,1.11052,0,0,0,2.54091,0.0310727,0,0,0,0.168936,0,0,0.0299892,0,0,0.229998,0,0,0,0,0,0,0,0,0,0,0,27.0494,355.599,0,0.000251052,0.004509,
12,31,17,0.144378,0,0.221825,0,0,0,0.519197,0.760261,1.32062,0,0,0,2.96628,0.120299,0,0,0,0.466898,0,0,0.0356628,0,0,0.62286,0,0,0,0,0,0,0,0,0,0,0,28.171,355.599,0,0.000270023,0.004509,
12,31,18,0.274126,0,0.221825,0,0,0,0.736923,0.791698,1.59075,0,0,0,3.61532,0.228409,0,0,0,0.163269,0,0,0.0429574,0,0,0.434635,0,0,0,0,0,0,0,0,0,0,0,28.1797,355.599,0,0.000270245,0.004509,
12,31,19,0.296213,0,0.221825,0,0,0,1.40685,0.809163,1.74082,0,0,0,4.47487,0.246813,0,0,0,0.199334,0,0,0.04701,0,0,0.493157,0,0,0,0,0,0,0,0,0,0,0,28.373,355.599,0,0.000270221,0.004509,
12,31,20,0.308382,0,0.221825,0,0,0,1.9763,0.816149,1.80085,0,0,0,5.1235,0.256952,0,0,0,0.0697762,0,0,0.0486311,0,0,0.375359,0,0,0,0,0,0,0,0,0,0,0,29.3462,355.599,0,0.000270233,0.004509,
12,31,21,0.373693,0,0.221825,0,0,0,1.89255,0.823135,1.86088,0.382647,0,0,5.55473,0.311369,0,0,0,0.109259,0,0,0.0502522,0,0,0.47088,0,0,0,0,0,0,0,0,0,0,0,29.7758,355.599,0,0.000268758,0.004509,
12,31,22,0.460645,0,0.221825,0,0,0,1.60783,0.816149,1.80085,0.382647,0,0,5.28995,0.38382,0,0,0,0.389634,0,0,0.0486311,0,0,0.822085,0,0,0,0,0,0,0,0,0,0,0,30.3649,355.599,0,0.000267618,0.004509,
12,31,23,0.543643,0,0.221825,0,0,0,1.05514,0.788205,1.56074,0.382647,0,0,4.5522,0.452977,0,0,0,0.259378,0,0,0.042147,0,0,0.754502,0,0,0,0,0,0,0,0,0,0,0,39.3007,355.599,0,0.000265199,0.004509,
12,31,24,0.625366,0,0.221825,0,0,0,0.636433,0.763754,1.35064,0.382647,0,0,3.98066,0.521071,0,0,0,0.0343494,0,0,0.0364733,0,0,0.591894,0,0,0,0,0,0,0,0,0,0,0,36.6035,355.599,0,0.000262863,0.004509,
